time,latitude,longitude,depth,mag,magType,nst,gap,dmin,rms,net,id,updated,place,type,horizontalError,depthError,magError,magNst,status,locationSource,magSource
2006-07-31T23:54:54.526Z,50.0355,-179.8099,28.2,2.8,ml,,,,0.5,ak,ak0069qzy8h8,2019-02-13T05:08:58.892Z,"Andreanof Islands, Aleutian Islands, Alaska",earthquake,,1.8,,,reviewed,ak,ak
2006-07-31T23:51:16.950Z,14.024,146.611,36.1,4.8,mwc,53,52.8,,0.95,us,usp000epzy,2016-11-10T01:26:26.942Z,"149 km SE of San Jose Village, Northern Mariana Islands",earthquake,,,,,reviewed,us,hrv
2006-07-31T23:01:37.560Z,-21.363,-178.855,621.5,4.3,mb,17,210.9,,0.54,us,usp000epzx,2014-11-07T01:29:49.362Z,"Fiji region",earthquake,,61.5,,5,reviewed,us,us
2006-07-31T22:53:51.630Z,18.764,-66.092,26.8,2.8,md,5,266,,,us,usp000epzw,2014-11-07T01:29:49.361Z,"32 km N of San Juan, Puerto Rico",earthquake,,,,,reviewed,rspr,rspr
2006-07-31T22:42:09.460Z,-2.441,139.623,35,4.2,mb,16,160.1,,0.62,us,usp000epzv,2014-11-07T01:29:49.359Z,"113 km W of Abepura, Indonesia",earthquake,,,,6,reviewed,us,us
2006-07-31T22:22:38.500Z,0.065,97.134,30,4,mb,10,211.7,,0.43,us,usp000epzu,2014-11-07T01:29:49.358Z,"256 km SSW of Singkil, Indonesia",earthquake,,,,1,reviewed,us,us
2006-07-31T22:13:34.090Z,39.632,142.375,71.5,4,mb,12,149.5,,0.39,us,usp000epzt,2014-11-07T01:29:49.356Z,"37 km E of Miyako, Japan",earthquake,,19.4,,1,reviewed,us,us
2006-07-31T22:10:48.110Z,51.773,159.262,10,4.5,mb,61,144.1,,1.04,us,usp000epzs,2014-11-07T01:29:49.351Z,"141 km SSE of Vilyuchinsk, Russia",earthquake,,,,28,reviewed,us,us
2006-07-31T22:03:44.220Z,40.321,-107.762,0,3,ml,12,83.8,,1.29,rusms,rusms00004155,2022-06-09T21:12:51.796Z,"28 km SW of Craig, Colorado",explosion,,,,,reviewed,us,us
2006-07-31T21:59:53.100Z,-31.42,-71.66,10.4,2.9,ml,5,231.5,,,us,usp000epzr,2014-11-07T01:29:49.349Z,"52 km WNW of Illapel, Chile",earthquake,,,,,reviewed,guc,guc
2006-07-31T21:22:12.600Z,39.17,23.62,6,3.2,md,11,133.4,,,us,usp000epzq,2014-11-07T01:29:49.347Z,"10 km WNW of Skópelos, Greece",earthquake,,,,,reviewed,ath,ath
2006-07-31T21:07:01.070Z,51.7879,-173.5284,2.3,2.1,ml,,,,0.33,ak,ak0069qyh6hn,2019-02-13T05:08:58.507Z,"64 km SE of Atka, Alaska",earthquake,,0.5,,,reviewed,ak,ak
2006-07-31T20:48:00.240Z,52.681,157.292,10,4.1,mb,11,160.5,,0.83,us,usp000epzp,2014-11-07T01:29:49.345Z,"72 km WSW of Paratunka, Russia",earthquake,,,,2,reviewed,us,us
2006-07-31T20:44:26.630Z,-20.303,-178.09,507.9,4.2,mb,27,89.1,,0.76,us,usp000epzn,2014-11-07T01:29:49.342Z,"Fiji region",earthquake,,10.6,,4,reviewed,us,us
2006-07-31T20:16:09.700Z,-19.589,-175.771,233.2,4.7,mb,18,192.5,,1.16,us,usp000epzm,2014-11-07T01:29:49.339Z,"150 km W of Pangai, Tonga",earthquake,,59.7,,6,reviewed,us,us
2006-07-31T19:34:39.900Z,38.17,24.03,9,2.6,md,5,159.9,,,us,usp000epzk,2014-11-07T01:29:49.317Z,"1 km E of Káto Soúlion, Greece",earthquake,,,,,reviewed,ath,ath
2006-07-31T19:08:25.672Z,61.6038,-150.7147,64.3,2.3,ml,,,,0.37,ak,ak0069qxakw7,2019-02-13T05:08:49.081Z,"12 km WNW of Susitna, Alaska",earthquake,,0.1,,,reviewed,ak,ak
2006-07-31T18:59:18.370Z,-17.811,167.944,45.8,5.2,mwc,38,175.2,,1.13,us,usp000epzj,2016-11-10T01:26:26.424Z,"40 km WSW of Port-Vila, Vanuatu",earthquake,,14,,,reviewed,us,hrv
2006-07-31T18:55:20.620Z,-17.861,167.974,44.2,5.2,mwc,55,111.4,,0.99,us,usp000epzh,2022-05-02T18:25:00.307Z,"38 km WSW of Port-Vila, Vanuatu",earthquake,,12.1,,,reviewed,us,hrv
2006-07-31T18:38:19.200Z,46.9286667,-121.97,7.645,2.6,md,61,22,,0.27,uw,uw10705503,2016-07-22T22:21:56.250Z,"17 km SSE of Carbonado, Washington",earthquake,0.305,0.33,0.04,21,reviewed,uw,uw
2006-07-31T18:36:12.440Z,51.772,159.385,9.4,5,mwc,228,111.7,,0.82,us,usp000epzf,2016-11-10T01:26:25.421Z,"145 km SSE of Vilyuchinsk, Russia",earthquake,,16.7,,,reviewed,us,hrv
2006-07-31T18:25:15.280Z,18.623,-103.896,10,5.3,mwc,317,80.5,,0.99,us,usp000epze,2022-05-02T18:24:53.407Z,"23 km SW of Cerro de Ortega, Mexico",earthquake,,,,,reviewed,us,hrv
2006-07-31T17:58:12.924Z,51.1652,-178.9657,22.6,2.1,ml,,,,0.36,ak,ak0069qweei4,2019-02-13T05:08:48.687Z,"180 km WSW of Adak, Alaska",earthquake,,0.2,,,reviewed,ak,ak
2006-07-31T17:54:45.550Z,18.076,-104.461,10,4.4,mb,21,212,,1.45,us,usp000epzd,2014-11-07T01:29:49.193Z,"102 km SSW of Cuyutlán, Mexico",earthquake,,,,10,reviewed,us,us
2006-07-31T17:45:12.540Z,18.759,121.138,24.4,4,mb,15,122.7,,0.69,us,usp000epzc,2014-11-07T01:29:49.191Z,"16 km N of Namuac, Philippines",earthquake,,23.5,,2,reviewed,us,us
2006-07-31T17:29:35.960Z,-6.415,103.791,30,5,mb,51,116.5,,0.93,us,usp000epzb,2014-11-07T01:29:49.187Z,"195 km WSW of Bandar Lampung, Indonesia",earthquake,,,,23,reviewed,us,us
2006-07-31T16:57:16.500Z,40.35,25.89,14,3.3,md,6,183.4,,,us,usp000epza,2014-11-07T01:29:49.185Z,"16 km N of Gökçeada, Turkey",earthquake,,,,,reviewed,ath,ath
2006-07-31T16:51:18.982Z,52.1544,177.115,10,2.4,ml,,,,0.56,ak,ak0069qvrhcq,2019-02-13T05:08:56.301Z,"277 km ESE of Attu Station, Alaska",earthquake,,0.6,,,reviewed,ak,ak
2006-07-31T16:50:43.540Z,40.305,25.932,0.1,3.8,md,27,156.2,,,us,usp000epz9,2014-11-07T01:29:49.182Z,"11 km N of Gökçeada, Turkey",earthquake,,,,,reviewed,the,ath
2006-07-31T16:44:25.490Z,46.1966667,-122.1891667,-1.154,3.3,md,44,41,,0.24,uw,uw10705378,2016-07-22T22:21:55.260Z,"37 km NNE of Amboy, Washington",earthquake,0.405,0.29,0.04,14,reviewed,uw,uw
2006-07-31T16:14:51.210Z,18.978,-68.167,35.8,3.3,md,10,335.4,,,us,usp000epz7,2014-11-07T01:29:49.178Z,"50 km NNE of Punta Cana, Dominican Republic",earthquake,,,,,reviewed,rspr,rspr
2006-07-31T15:31:23.850Z,-26.202,-177.765,153.3,3.7,mb,16,139.3,,0.41,us,usp000epz6,2014-11-07T01:29:49.176Z,"south of the Fiji Islands",earthquake,,17.8,,1,reviewed,us,us
2006-07-31T15:16:56.110Z,35.289,33.615,25,2.9,ml,4,228.3,,,us,usp000epz4,2014-11-07T01:29:49.174Z,"11 km WNW of Lefkónoiko, Cyprus",earthquake,,,,,reviewed,nic,nic
2006-07-31T15:14:57.030Z,-10.163,108.74,10,4.3,mb,17,113.9,,0.8,us,usp000epz3,2014-11-07T01:29:49.172Z,"285 km SSW of Kroya, Indonesia",earthquake,,,,9,reviewed,us,us
2006-07-31T15:04:37.000Z,40.38,25.87,10,3.6,md,18,150.2,,,us,usp000epz2,2014-11-07T01:29:49.169Z,"20 km N of Gökçeada, Turkey",earthquake,,,,,reviewed,ath,ath
2006-07-31T14:54:06.770Z,-17.403,-178.91,494.6,4.1,mb,25,165.9,,0.64,us,usp000epz1,2014-11-07T01:29:49.167Z,"201 km ENE of Levuka, Fiji",earthquake,,10.4,,10,reviewed,us,us
2006-07-31T14:49:19.630Z,6.202,123.469,583.3,4.1,mb,22,155.9,,0.78,us,usp000epz0,2014-11-07T01:29:49.165Z,"69 km WSW of Sangay, Philippines",earthquake,,16.5,,5,reviewed,us,us
2006-07-31T14:44:28.660Z,36.294,71.048,189,4.3,mb,9,200.1,,0.51,us,usp000epyz,2014-11-07T01:29:49.163Z,"61 km SW of Ashk?sham, Afghanistan",earthquake,,38.3,,1,reviewed,us,us
2006-07-31T14:44:19.814Z,60.013,-152.7408,99.3,2.6,ml,,,,0.38,ak,ak0069quj471,2019-02-13T05:08:47.813Z,"56 km W of Happy Valley, Alaska",earthquake,,0.2,,,reviewed,ak,ak
2006-07-31T13:56:46.251Z,51.9723,179.4285,181.6,2.6,ml,,,,0.34,ak,ak0069qu0b81,2019-02-13T05:08:47.416Z,"271 km W of Adak, Alaska",earthquake,,0.6,,,reviewed,ak,ak
2006-07-31T13:42:11.000Z,47.63,-114.16,13.9,2.5,ml,11,77.7,,,us,usp000epyx,2014-11-07T01:29:49.159Z,"4 km NW of Pablo, Montana",earthquake,,,,,reviewed,but,but
2006-07-31T13:19:03.000Z,-9.647,107.636,10,4.7,mb,22,114.5,,0.98,us,usp000epyw,2014-11-07T01:29:49.157Z,"258 km SSW of Kawalu, Indonesia",earthquake,,,,7,reviewed,us,us
2006-07-31T12:52:11.360Z,22.964,-63.942,10.4,4.4,md,14,339.6,,,us,usp000epyv,2014-11-07T01:29:49.155Z,"North Atlantic Ocean",earthquake,,,,,reviewed,rspr,rspr
2006-07-31T12:45:15.600Z,34.23,24.73,27,3.5,md,9,263.1,,,us,usp000epyu,2014-11-07T01:29:49.154Z,"89 km SE of Kastrí, Greece",earthquake,,,,,reviewed,ath,ath
2006-07-31T12:40:31.770Z,54.671,-161.758,43.9,3,ml,4,210.8,,,us,usp000epyt,2019-02-13T05:08:46.571Z,"56 km SE of King Cove, Alaska",earthquake,,,,,reviewed,aeic,aeic
2006-07-31T12:37:22.870Z,1.156,97.154,30,5,mb,21,191.8,,0.8,us,usp000epys,2014-11-07T01:29:49.150Z,"143 km SSW of Singkil, Indonesia",earthquake,,,,6,reviewed,us,us
2006-07-31T12:32:08.450Z,16.7,-101.718,1.9,4.4,mb,38,233.9,,1.2,us,usp000epyr,2014-11-07T01:29:49.147Z,"99 km SW of Papanoa, Mexico",earthquake,,21.3,,14,reviewed,us,us
2006-07-31T11:23:21.100Z,31.286,-115.402,5,3.3,ml,8,281.3,,,us,usp000epyq,2016-03-08T22:01:37.693Z,"60 km WNW of San Felipe, Mexico",earthquake,,,,,reviewed,ecx,ecx
2006-07-31T10:55:28.300Z,41.5446667,-121.532,-1.447,2.06,md,6,280,0.06486,0.17,nc,nc21530535,2017-01-15T02:03:41.296Z,"32 km E of Tennant, California",earthquake,8.84,4.7,0.36,2,reviewed,nc,nc
2006-07-31T10:04:30.544Z,61.591,-149.819,37.5,2,ml,,,,0.47,ak,ak0069qrwtym,2019-02-13T05:08:45.832Z,"4 km S of Houston, Alaska",earthquake,,0.1,,,reviewed,ak,ak
2006-07-31T09:53:40.600Z,17.062,-96.414,70.5,3.9,md,4,183.3,,,us,usp000epyp,2014-11-07T01:29:49.144Z,"4 km N of San Miguel del Valle, Mexico",earthquake,,,,,reviewed,unm,unm
2006-07-31T09:33:59.580Z,46.1966667,-122.1895,-1.034,3.6,md,49,40,,0.24,uw,uw10705188,2016-07-22T22:21:52.810Z,"37 km NNE of Amboy, Washington",earthquake,0.411,0.27,0.03,9,reviewed,uw,uw
2006-07-31T09:29:16.242Z,52.2558,177.3257,25.7,2.4,ml,,,,0.39,ak,ak0069qrgq5k,2019-02-13T05:08:45.448Z,"288 km ESE of Attu Station, Alaska",earthquake,,9.5,,,reviewed,ak,ak
2006-07-31T09:22:23.616Z,53.9153,-163.9975,23.6,2.8,ml,,,,0.21,ak,ak0069qrf8pl,2019-02-13T05:08:45.041Z,"111 km SSW of False Pass, Alaska",earthquake,,0.2,,,reviewed,ak,ak
2006-07-31T09:19:14.270Z,-5.409,102.091,26.5,4.8,mb,49,95.4,,0.99,us,usp000epym,2014-11-07T01:29:49.137Z,"178 km S of Bengkulu, Indonesia",earthquake,,,,21,reviewed,us,us
2006-07-31T08:49:30.500Z,-37.6,179.49,12,4.1,ml,4,312.8,,,us,usp000epyj,2014-11-07T01:29:49.134Z,"175 km NE of Gisborne, New Zealand",earthquake,,,,,reviewed,wel,wel
2006-07-31T08:48:21.340Z,51.9446,-179.7899,128.3,2,ml,,,,0.22,ak,ak0069qqzdjq,2019-02-13T05:08:53.222Z,"217 km W of Adak, Alaska",earthquake,,1,,,reviewed,ak,ak
2006-07-31T08:11:04.018Z,58.2406,-152.2866,40.2,2.8,ml,,,,0.34,ak,ak0069qqrept,2019-02-13T05:08:44.603Z,"37 km NNE of Ouzinkie, Alaska",earthquake,,0.2,,,reviewed,ak,ak
2006-07-31T07:59:31.670Z,17.668,-64.946,23.5,2.6,md,5,234.8,,,us,usp000epyg,2014-11-07T01:29:49.132Z,"22 km WSW of Saint Croix, U.S. Virgin Islands",earthquake,,,,,reviewed,rspr,rspr
2006-07-31T07:35:18.600Z,36.9,27.83,26,3.8,md,32,48.4,,,us,usp000epyf,2014-11-07T01:29:49.128Z,"22 km NE of Datça, Turkey",earthquake,,,,,reviewed,ath,ath
2006-07-31T06:16:34.440Z,1.172,120.88,30,4.8,mb,37,109.1,,0.85,us,usp000epye,2014-11-07T01:29:49.124Z,"252 km WNW of Gorontalo, Indonesia",earthquake,,,,19,reviewed,us,us
2006-07-31T05:55:59.170Z,36.0746667,-117.5745,0.953,2.23,ml,27,43,0.07124,0.21,ci,ci14243796,2016-03-08T20:27:38.036Z,"34km ENE of Little Lake, CA",earthquake,0.35,0.6,0.126,50,reviewed,ci,ci
2006-07-31T05:20:37.840Z,15.87,-90.545,35,4.3,mb,52,125.4,,1.11,us,usp000epyd,2014-11-07T01:29:49.118Z,"28 km WNW of Chisec, Guatemala",earthquake,,,,15,reviewed,us,us
2006-07-31T05:19:39.173Z,58.9543,-154.5128,129.8,2.1,ml,,,,0.26,ak,ak0069qp0wcd,2019-02-13T05:08:51.740Z,"56 km SSE of Kokhanok, Alaska",earthquake,,0.3,,,reviewed,ak,ak
2006-07-31T05:15:40.860Z,38.824,-122.3021667,13.424,2.19,md,11,84,0.1153,0.06,nc,nc21529917,2017-01-15T02:02:27.488Z,"9 km W of Guinda, California",earthquake,0.36,1.23,0.2,8,reviewed,nc,nc
2006-07-31T04:50:10.440Z,33.03,131.363,117.5,3.8,mb,6,128.7,,,us,usp000epyc,2014-11-07T01:29:49.117Z,"7 km NNW of Takedamachi, Japan",earthquake,,,,1,reviewed,jma,us
2006-07-31T04:45:45.600Z,-32.585,-71.81,25.7,2.8,ml,17,219,,,us,usp000epyb,2014-11-07T01:29:49.115Z,"52 km NNW of Valparaíso, Chile",earthquake,,,,,reviewed,guc,guc
2006-07-31T04:14:52.000Z,45.92,-1.41,5,2.5,ml,17,152.3,,,us,usp000epya,2014-11-07T01:29:49.112Z,"8 km WSW of Saint-Pierre-d'Oléron, France",earthquake,,,,,reviewed,str,str
2006-07-31T03:59:06.670Z,14.196,119.508,35,4.4,mb,6,171.5,,0.63,us,usp000epy9,2014-11-07T01:29:49.111Z,"67 km WNW of Cabra, Philippines",earthquake,,,,1,reviewed,us,us
2006-07-31T03:57:22.100Z,-28.691,-72.549,35,3.4,ml,4,251.9,,,us,usp000epy8,2014-11-07T01:29:49.110Z,"175 km W of Vallenar, Chile",earthquake,,,,,reviewed,guc,guc
2006-07-31T03:30:05.150Z,43.399,17.368,10,2.7,md,16,179.5,,1.41,us,usp000epy6,2014-11-07T01:29:49.106Z,"4 km NW of Grude, Bosnia and Herzegovina",earthquake,,,,,reviewed,us,pdg
2006-07-31T03:27:38.560Z,10.661,-61.903,30,3.3,md,4,241.5,,,us,usp000epy5,2014-11-07T01:29:49.105Z,"39 km W of Petit Valley, Trinidad and Tobago",earthquake,,,,,reviewed,trn,trn
2006-07-31T03:25:03.030Z,-13.69,30.081,10,4.5,mb,10,165.8,,1.35,us,usp000epy4,2014-11-07T01:29:49.103Z,"53 km SSW of Serenje, Zambia",earthquake,,,,4,reviewed,us,us
2006-07-31T03:22:17.300Z,34.84,24.94,57,3.3,md,5,183.6,,,us,usp000epy3,2014-11-07T01:29:49.102Z,"24 km SSE of Moíres, Greece",earthquake,,,,,reviewed,ath,ath
2006-07-31T03:19:43.350Z,11.307,-61.667,8,2.9,md,4,202,,,us,usp000epy2,2014-11-07T01:29:49.100Z,"68 km N of Petit Valley, Trinidad and Tobago",earthquake,,,,,reviewed,trn,trn
2006-07-31T03:00:24.030Z,35.513,71.024,10,3.7,mb,8,249.4,,1.18,us,usp000epy1,2014-11-07T01:29:49.099Z,"13 km NE of P?r?n, Afghanistan",earthquake,,,,2,reviewed,us,us
2006-07-31T02:54:13.700Z,15.198,-93.075,26.7,4.3,md,11,239.6,,,us,usp000epy0,2014-11-07T01:29:49.097Z,"29 km SSE of La Esperanza (El Zapotal), Mexico",earthquake,,,,,reviewed,unm,unm
2006-07-31T02:48:23.950Z,1.639,128.287,35,3.9,mb,7,184,,0.44,us,usp000epxz,2014-11-07T01:29:49.096Z,"32 km ESE of Tobelo, Indonesia",earthquake,,,,1,reviewed,us,us
2006-07-31T02:37:24.291Z,51.8133,-176.5644,70.5,2.5,ml,,,,0.44,ak,ak0069qncf9p,2019-02-13T05:08:42.986Z,"8 km SE of Adak, Alaska",earthquake,,0.1,,,reviewed,ak,ak
2006-07-31T01:45:49.660Z,2.161,96.423,30,4.2,mb,20,153.9,,0.77,us,usp000epxy,2014-11-07T01:29:49.094Z,"35 km S of Sinabang, Indonesia",earthquake,,,,4,reviewed,us,us
2006-07-31T01:45:40.590Z,18.874,-65.209,7.6,3.1,md,5,270.9,,,us,usp000epxx,2014-11-07T01:29:49.092Z,"63 km N of Culebra, Puerto Rico",earthquake,,,,,reviewed,rspr,rspr
2006-07-31T01:30:34.600Z,41.95,23.05,19,2.8,md,14,160.4,,,us,usp000epxw,2014-11-07T01:29:49.090Z,"8 km SSW of Blagoevgrad, Bulgaria",earthquake,,,,,reviewed,sof,sof
2006-07-31T01:24:15.770Z,10.166,-103.863,10,5.5,mwb,56,84.3,,1.06,us,usp000epxv,2016-11-10T01:26:24.424Z,"northern East Pacific Rise",earthquake,,,,,reviewed,us,us
2006-07-31T01:05:53.530Z,18.932,-65.179,27.2,2.6,md,5,295.9,,,us,usp000epxu,2014-11-07T01:29:49.076Z,"70 km NNW of Charlotte Amalie, U.S. Virgin Islands",earthquake,,,,,reviewed,rspr,rspr
2006-07-31T01:04:13.740Z,18.861,-65.222,4.4,3,md,7,263.1,,,us,usp000epxt,2014-11-07T01:29:49.075Z,"62 km N of Culebra, Puerto Rico",earthquake,,,,,reviewed,rspr,rspr
2006-07-31T00:55:12.000Z,38.2,22.06,25,2.9,md,5,127.6,,,us,usp000epxr,2014-11-07T01:29:49.073Z,"5 km SSW of Aígio, Greece",earthquake,,,,,reviewed,ath,ath
2006-07-30T23:45:21.940Z,10.011,-104.217,10,5.4,mwb,127,97.7,,1.01,us,usp000epxq,2016-11-10T01:26:23.182Z,"northern East Pacific Rise",earthquake,,,,,reviewed,us,us
2006-07-30T23:40:29.770Z,-4.678,152.981,212.6,4.2,mb,19,157,,0.75,us,usp000epxp,2014-11-07T01:29:49.051Z,"87 km ESE of Kokopo, Papua New Guinea",earthquake,,16.9,,10,reviewed,us,us
2006-07-30T23:39:50.660Z,35.0455,-117.6676667,-0.827,2.27,ml,21,79,0.1133,0.14,ci,ci14243760,2016-03-08T18:41:25.253Z,"5km NNW of Boron, CA",quarry blast,0.51,31.61,0.218,75,reviewed,ci,ci
2006-07-30T23:31:40.110Z,51.81,179.1869,98,2.3,ml,,,,0.43,ak,ak0069pc9xej,2019-02-13T05:08:33.484Z,"288 km W of Adak, Alaska",earthquake,,0.3,,,reviewed,ak,ak
2006-07-30T23:23:16.455Z,61.5881,-146.4783,11.9,2.6,ml,,,,0.63,ak,ak0069pc85ul,2019-02-13T05:08:33.011Z,"47 km SSE of Nelchina, Alaska",earthquake,,0,,,reviewed,ak,ak
2006-07-30T22:52:24.000Z,38.83,27.127,16,3.5,ml,5,218.9,,,us,usp000epxm,2014-11-07T01:29:49.048Z,"8 km SE of Yeni?akran, Turkey",earthquake,,,,,reviewed,isk,ath
2006-07-30T22:47:35.590Z,19.3225,-155.0281667,0.132,2.34,ml,14,223,,0.14,hv,hv5513157,2020-03-31T21:49:56.430Z,"19 km SE of Fern Forest, Hawaii",quarry blast,0.92,0.25,0.1,5,reviewed,hv,hv
2006-07-30T22:43:35.100Z,-5.193,146.067,35,4.2,mb,13,201.5,,1.23,us,usp000epxk,2014-11-07T01:29:49.046Z,"31 km E of Madang, Papua New Guinea",earthquake,,,,4,reviewed,us,us
2006-07-30T22:31:00.946Z,61.5757,-149.6112,38,2.9,ml,,,,0.47,ak,ak0069pboery,2019-02-13T05:08:32.530Z,"5 km S of Meadow Lakes, Alaska",earthquake,,0,,,reviewed,ak,ak
2006-07-30T21:57:39.200Z,-17.557,-173.52,10,4.5,mb,28,81.8,,1.02,us,usp000epxg,2014-11-07T01:29:49.039Z,"130 km NNE of Neiafu, Tonga",earthquake,,,,11,reviewed,us,us
2006-07-30T21:51:50.120Z,33.2643333,-116.081,3.337,2.4,ml,36,24,0.08125,0.26,ci,ci14243752,2016-03-08T22:01:35.082Z,"12km WSW of Salton City, CA",earthquake,0.38,1.1,0.153,99,reviewed,ci,ci
2006-07-30T21:49:20.200Z,34.67,24.86,44,2.9,md,4,211.9,,,us,usp000epxf,2014-11-07T01:29:49.038Z,"42 km S of Moíres, Greece",earthquake,,,,,reviewed,ath,ath
2006-07-30T21:04:11.590Z,19.087,-66.978,4.9,2.6,md,5,315.1,,,us,usp000epxe,2014-11-07T01:29:49.037Z,"65 km N of Isabela, Puerto Rico",earthquake,,,,,reviewed,rspr,rspr
2006-07-30T20:59:39.680Z,19.038,-67.303,48.5,3.1,md,7,309,,,us,usp000epxd,2014-11-07T01:29:49.035Z,"64 km NNW of San Antonio, Puerto Rico",earthquake,,,,,reviewed,rspr,rspr
2006-07-30T20:57:51.470Z,9.692,125.61,155.7,4.6,mb,48,100.9,,0.99,us,usp000epxc,2014-11-07T01:29:49.030Z,"2 km ESE of Tagana-an, Philippines",earthquake,,8,,23,reviewed,us,us
2006-07-30T20:43:26.743Z,54.6064,-161.243,25,2.5,ml,,,,0.44,ak,ak0069pak65e,2019-02-13T05:08:41.369Z,"85 km SE of King Cove, Alaska",earthquake,,0.6,,,reviewed,ak,ak
2006-07-30T20:23:52.700Z,43.837,138.38,256,4.3,mb,43,116.1,,0.73,us,usp000epxb,2014-11-07T01:29:49.026Z,"195 km SE of Terney, Russia",earthquake,,6.2,,18,reviewed,us,us
2006-07-30T20:23:48.419Z,52.0506,177.0923,9.8,2.4,ml,,,,0.3,ak,ak0069pafxi1,2019-02-13T05:08:41.000Z,"279 km ESE of Attu Station, Alaska",earthquake,,2,,,reviewed,ak,ak
2006-07-30T20:20:44.757Z,52.0302,176.9679,10.2,2.5,ml,,,,0.84,ak,ak0069pafa2j,2019-02-13T05:08:31.740Z,"272 km ESE of Attu Station, Alaska",earthquake,,0,,,reviewed,ak,ak
2006-07-30T20:19:40.090Z,19.3826667,-155.2806667,2.019,2.69,ml,38,36,,0.12,hv,hv5513086,2020-03-31T21:49:55.400Z,"8 km SW of Volcano, Hawaii",earthquake,0.23,0.28,0.41,6,reviewed,hv,hv
2006-07-30T20:15:31.499Z,52,177.0638,4.4,3.1,ml,,,,0.36,ak,ak0069pae6gt,2019-02-13T05:08:31.344Z,"280 km ESE of Attu Station, Alaska",earthquake,,0.1,,,reviewed,ak,ak
2006-07-30T20:14:16.160Z,46.9358333,-121.9611667,9.445,2.8,md,74,20,0.01215,0.26,uw,uw10704773,2016-07-22T22:21:41.880Z,"17 km SSE of Carbonado, Washington",earthquake,0.312,1.06,0.04,15,reviewed,uw,uw
2006-07-30T19:42:24.180Z,1.345,125.604,10,4.6,mb,14,141.3,,0.82,us,usp000epx9,2014-11-07T01:29:49.021Z,"71 km ESE of Laikit, Laikit II (Dimembe), Indonesia",earthquake,,,,3,reviewed,us,us
2006-07-30T19:30:47.540Z,-24.15,-66.696,171.4,3.5,mb,8,159.8,,0.54,us,usp000epx8,2014-11-07T01:29:49.019Z,"39 km W of San Antonio de los Cobres, Argentina",earthquake,,13.2,,1,reviewed,us,us
2006-07-30T19:18:33.540Z,51.974,-174.505,87.5,3.6,m,15,150.6,,1.06,us,usp000epx7,2019-02-13T05:08:30.932Z,"32 km SW of Atka, Alaska",earthquake,,7.1,,,reviewed,us,aeic
2006-07-30T19:11:43.000Z,-3.399,139.031,24.4,4,mb,16,161,,1.06,us,usp000epx6,2014-11-07T01:29:49.014Z,"198 km WSW of Abepura, Indonesia",earthquake,,45.8,,4,reviewed,us,us
2006-07-30T19:10:47.150Z,-3.542,131.259,10,4.2,mb,13,172,,1.08,us,usp000epx5,2014-11-07T01:29:49.012Z,"260 km E of Amahai, Indonesia",earthquake,,,,9,reviewed,us,us
2006-07-30T18:59:12.395Z,63.1806,-150.2794,9.6,2.1,ml,,,,0.37,ak,ak0069p9gpaf,2019-02-13T05:08:30.117Z,"70 km WSW of Cantwell, Alaska",earthquake,,0.1,,,reviewed,ak,ak
2006-07-30T18:44:50.561Z,55.1597,-161.8365,94.4,2.9,ml,,,,0.53,ak,ak0069p9dkhs,2019-02-13T05:08:39.871Z,"32 km ENE of King Cove, Alaska",earthquake,,0.2,,,reviewed,ak,ak
2006-07-30T18:20:16.800Z,-32.01,-69.886,110.7,3.5,m,13,158.6,,,us,usp000epx4,2014-11-07T01:29:49.010Z,"86 km SSW of Calingasta, Argentina",earthquake,,,,,reviewed,guc,guc
2006-07-30T18:14:26.650Z,5.375,126.222,10,3.7,mb,9,181.2,,1.23,us,usp000epx3,2014-11-07T01:29:49.008Z,"84 km E of Sarangani, Philippines",earthquake,,,,1,reviewed,us,us
2006-07-30T17:12:46.586Z,59.3531,-136.5888,10,3.2,ml,,,,0.82,ak,ak0069p8l9o2,2019-02-13T05:09:14.251Z,"32 km WSW of Covenant Life, Alaska",earthquake,,0,,,reviewed,ak,ak
2006-07-30T17:05:15.560Z,-10.017,108.336,10,3.8,mb,8,215.1,,0.43,us,usp000epx1,2014-11-07T01:29:49.005Z,"282 km SSW of Kroya, Indonesia",earthquake,,,,2,reviewed,us,us
2006-07-30T17:00:57.700Z,-31.3,-70.354,118.5,2.9,m,5,202.4,,,us,usp000epx0,2014-11-07T01:29:49.003Z,"78 km NE of Salamanca, Chile",earthquake,,,,,reviewed,guc,guc
2006-07-30T16:44:32.400Z,-32.582,-71.788,14.2,3.6,ml,17,217.3,,,us,usp000epwz,2014-11-07T01:29:49.001Z,"52 km NNW of Valparaíso, Chile",earthquake,,,,,reviewed,guc,guc
2006-07-30T16:39:51.290Z,36.2241667,-89.3931667,5.38,2.3,md,28,67,,0.08,nm,nm606090,2016-04-08T18:50:35.290Z,"9 km ESE of Ridgely, Tennessee",earthquake,0.3,1.2,0.098,9,reviewed,nm,nm
2006-07-30T16:39:51.050Z,60.761,166.865,17.6,3.7,mb,16,67.7,,0.89,us,usp000epwy,2014-11-07T01:29:48.999Z,"57 km NE of Tilichiki, Russia",earthquake,,28.5,,3,reviewed,us,us
2006-07-30T16:32:36.150Z,44.201,-128.602,10,4,mb,41,249.1,,1.13,us,usp000epwx,2014-11-07T01:29:48.994Z,"off the coast of Oregon",earthquake,,,,4,reviewed,us,us
2006-07-30T15:35:57.600Z,-40.4,173.26,213,3.9,m,42,150.5,,,us,usp000epww,2014-11-07T01:29:48.976Z,"63 km NE of Takaka, New Zealand",earthquake,,,,,reviewed,wel,wel
2006-07-30T15:33:09.630Z,19.053,-67.831,7.8,2.8,md,7,326.9,,,us,usp000epwv,2014-11-07T01:29:48.975Z,"79 km NE of Punta Cana, Dominican Republic",earthquake,,,,,reviewed,rspr,rspr
2006-07-30T15:28:00.000Z,-32.649,-70.131,108.2,3.8,m,18,129.5,,,us,usp000epwu,2014-11-07T01:29:48.972Z,"48 km ENE of Los Andes, Chile",earthquake,,,,,reviewed,guc,guc
2006-07-30T15:18:15.690Z,-9.714,107.418,10,4.8,mb,21,105.9,,0.67,us,usp000epwt,2014-11-07T01:29:48.969Z,"272 km SSW of Singaparna, Indonesia",earthquake,,,,8,reviewed,us,us
2006-07-30T15:15:09.210Z,5.24,125.475,62.8,4.8,mb,42,99.9,,1.04,us,usp000epws,2014-11-07T01:29:48.964Z,"18 km S of Sarangani, Philippines",earthquake,,10.9,,17,reviewed,us,us
2006-07-30T15:13:16.293Z,51.5066,-176.3202,40,2.2,ml,,,,0.26,ak,ak0069p7eju5,2019-02-13T05:08:29.014Z,"46 km SSE of Adak, Alaska",earthquake,,0.2,,,reviewed,ak,ak
2006-07-30T15:01:42.300Z,37.43,21.59,12,3.4,ml,12,179.3,,,us,usp000epwr,2014-11-07T01:29:48.963Z,"7 km SW of Zacháro, Greece",earthquake,,,,,reviewed,ath,ath
2006-07-30T14:55:33.820Z,-8.375,158.261,147.8,4.3,mb,10,111.7,,0.62,us,usp000epwq,2014-11-07T01:29:48.961Z,"148 km W of Buala, Solomon Islands",earthquake,,26.5,,2,reviewed,us,us
2006-07-30T14:50:26.540Z,-41.698,-85.014,10,5.1,mwc,8,140.1,,1.39,us,usp000epwp,2016-11-10T01:26:22.687Z,"West Chile Rise",earthquake,,,,,reviewed,us,hrv
2006-07-30T14:17:31.680Z,19.586,-65.363,14.9,3.2,md,4,308.8,,,us,usp000epwn,2014-11-07T01:29:48.957Z,"137 km NNE of Vieques, Puerto Rico",earthquake,,,,,reviewed,rspr,rspr
2006-07-30T14:02:44.467Z,51.957,177.1741,13.1,2.5,ml,,,,0.67,ak,ak0069p6qtj2,2019-02-13T05:08:28.629Z,"288 km ESE of Attu Station, Alaska",earthquake,,3.4,,,reviewed,ak,ak
2006-07-30T13:43:48.620Z,18.746,-64.339,39.1,2.8,md,4,325.5,,,us,usp000epwm,2014-11-07T01:29:48.956Z,"66 km NE of Cruz Bay, U.S. Virgin Islands",earthquake,,,,,reviewed,rspr,rspr
2006-07-30T13:32:53.490Z,33.6896667,-116.795,14.032,3.16,ml,81,21,0.07344,0.22,ci,ci14243724,2022-06-17T04:08:52.616Z,"9km SW of Idyllwild, CA",earthquake,0.2,0.28,0.151,323,reviewed,ci,ci
2006-07-30T13:31:29.100Z,-31.11,-69.45,151.4,3.8,m,15,188.6,,,us,usp000epwj,2014-11-07T01:29:48.951Z,"24 km N of Calingasta, Argentina",earthquake,,,,,reviewed,guc,guc
2006-07-30T13:18:54.100Z,29.46,52.07,14.6,3.5,ml,17,116.6,,,us,usp000epwh,2014-11-07T01:29:48.947Z,"44 km ESE of K?zer?n, Iran",earthquake,,,,,reviewed,thr,thr
2006-07-30T12:20:48.850Z,31.9855,-115.9515,5.787,2.73,ml,10,293,0.6603,0.3,ci,ci14243712,2016-03-08T23:28:01.890Z,"64km ENE of Ensenada, B.C., MX",earthquake,3.72,31.61,0.159,83,reviewed,ci,ci
2006-07-30T12:11:10.220Z,-19.4,-177.331,552,3.6,mb,10,148.2,,0.33,us,usp000epwf,2014-11-07T01:29:48.942Z,"294 km NW of Nuku‘alofa, Tonga",earthquake,,15.3,,1,reviewed,us,us
2006-07-30T12:09:11.700Z,22.574,-64.425,3.6,4.4,md,16,332.2,,,us,usp000epwe,2014-11-07T01:29:48.927Z,"North Atlantic Ocean",earthquake,,,,,reviewed,rspr,rspr
2006-07-30T12:03:37.756Z,60.0685,-152.8164,99.2,2,ml,,,,0.59,ak,ak0069p5k5in,2019-02-13T05:08:27.818Z,"61 km WNW of Happy Valley, Alaska",earthquake,,0.2,,,reviewed,ak,ak
2006-07-30T11:58:19.350Z,-5.277,153.575,30.4,4.4,mb,12,156,,1.47,us,usp000epwd,2014-11-07T01:29:48.925Z,"177 km SE of Kokopo, Papua New Guinea",earthquake,,49.5,,2,reviewed,us,us
2006-07-30T11:48:16.870Z,41.492,72.846,10,4.8,mb,133,73.7,,1.11,us,usp000epwc,2014-11-07T01:29:48.913Z,"43 km S of Toktogul, Kyrgyzstan",earthquake,,,,45,reviewed,us,us
2006-07-30T11:48:16.000Z,-32.563,-70.119,113.3,2.7,m,9,226,,,us,usp000epwb,2014-11-07T01:29:48.911Z,"54 km NE of Los Andes, Chile",earthquake,,,,,reviewed,guc,guc
2006-07-30T11:22:10.600Z,35.8828333,-120.4268333,5.556,2.35,md,45,44,0.02072,0.06,nc,nc21529813,2017-01-15T01:59:00.150Z,"1 km SSE of Parkfield, California",earthquake,0.19,0.27,0.06,34,reviewed,nc,nc
2006-07-30T11:17:21.585Z,52.1509,177.1395,13,2.6,ml,,,,0.38,ak,ak0069p51oou,2019-02-13T05:08:26.642Z,"279 km ESE of Attu Station, Alaska",earthquake,,0.4,,,reviewed,ak,ak
2006-07-30T11:05:42.120Z,17.342,145.711,60.6,4.5,mb,16,117.2,,0.77,us,usp000epwa,2014-11-07T01:29:48.909Z,"235 km N of Saipan, Northern Mariana Islands",earthquake,,17.2,,3,reviewed,us,us
2006-07-30T11:03:21.095Z,50.0895,-179.9172,25.6,3.1,ml,,,,0.71,ak,ak0069p4yoml,2019-02-13T05:08:26.220Z,"Andreanof Islands, Aleutian Islands, Alaska",earthquake,,0.6,,,reviewed,ak,ak
2006-07-30T09:46:08.913Z,51.9,177.0003,2.1,3.3,ml,,,,0.61,ak,ak0069p4109n,2019-02-13T05:08:25.522Z,"280 km ESE of Attu Station, Alaska",earthquake,,0.1,,,reviewed,ak,ak
2006-07-30T09:20:17.460Z,-27.567,-178.141,333.3,4.1,mb,10,148.5,,1.3,us,usp000epw9,2014-11-07T01:29:48.907Z,"Kermadec Islands region",earthquake,,17.5,,3,reviewed,us,us
2006-07-30T09:02:53.430Z,39.7118333,-110.7225,-2.42,2.07,ml,12,72,0.02404,0.19,uu,uu50319870,2018-08-28T21:56:59.370Z,"7 km ENE of Kenilworth, Utah",earthquake,0.44,0.92,,8,reviewed,uu,uu
2006-07-30T08:53:07.358Z,52.0459,177.1322,13.5,2.5,ml,,,,0.42,ak,ak0069p3h2jz,2019-02-13T05:08:36.419Z,"282 km ESE of Attu Station, Alaska",earthquake,,2.2,,,reviewed,ak,ak
2006-07-30T08:48:13.200Z,-38.32,177.67,54,3.7,ml,27,117.6,,,us,usp000epw8,2014-11-07T01:29:48.905Z,"47 km NW of Gisborne, New Zealand",earthquake,,,,,reviewed,wel,wel
2006-07-30T08:33:36.813Z,63.3209,-145.1012,1.5,2.4,ml,,,,0.74,ak,ak0069p3cui9,2019-02-13T05:08:25.108Z,"36 km NE of Paxson, Alaska",earthquake,,0.2,,,reviewed,ak,ak
2006-07-30T07:59:44.850Z,-6.319,29.773,10,4.6,mb,62,71.6,,0.88,us,usp000epw7,2014-11-07T01:29:48.898Z,"76 km ESE of Kalemie, Democratic Republic of the Congo",earthquake,,,,23,reviewed,us,us
2006-07-30T07:36:54.544Z,52.0328,177.0192,4.8,2.6,ml,,,,0.75,ak,ak0069p2s3f2,2019-02-13T05:08:24.369Z,"275 km ESE of Attu Station, Alaska",earthquake,,0.3,,,reviewed,ak,ak
2006-07-30T07:29:16.180Z,35.4675,-120.7638333,4.689,2.19,md,55,55,0.0964,0.09,nc,nc21529791,2017-01-15T01:58:28.560Z,"8 km WSW of Atascadero, California",earthquake,0.21,0.98,0.14,49,reviewed,nc,nc
2006-07-30T07:25:39.920Z,51.989,177.058,10.5,4.3,mb,37,96.9,,0.84,us,usp000epw6,2019-02-13T05:08:23.985Z,"280 km ESE of Attu Station, Alaska",earthquake,,22,,10,reviewed,us,us
2006-07-30T07:23:40.942Z,63.3755,-149.643,98.5,2,ml,,,,0.42,ak,ak0069p2pa26,2019-02-13T05:08:23.601Z,"34 km W of Cantwell, Alaska",earthquake,,0.2,,,reviewed,ak,ak
2006-07-30T07:16:56.510Z,72.19,0.834,10,5.3,mwc,334,44.3,,1.22,us,usp000epw5,2016-11-10T01:26:22.174Z,"Norwegian Sea",earthquake,,,,,reviewed,us,hrv
2006-07-30T06:39:56.660Z,52.4293,-165.2735,6.7,2.8,ml,,,,0.38,ak,ak0069p27b4i,2019-02-13T05:08:22.845Z,"181 km SSE of Unalaska, Alaska",earthquake,,0.4,,,reviewed,ak,ak
2006-07-30T06:31:25.600Z,40.39,25.9,10,3.1,md,7,175.2,,,us,usp000epw4,2014-11-07T01:29:48.857Z,"20 km N of Gökçeada, Turkey",earthquake,,,,,reviewed,ath,ath
2006-07-30T06:11:59.770Z,22.853,-64.473,11.5,4.2,md,9,337.7,,,us,usp000epw3,2014-11-07T01:29:48.856Z,"North Atlantic Ocean",earthquake,,,,,reviewed,rspr,rspr
2006-07-30T06:10:14.400Z,37.57,20.88,9,3.4,md,4,282.8,,,us,usp000epw2,2014-11-07T01:29:48.855Z,"17 km SSE of Lithakiá, Greece",earthquake,,,,,reviewed,ath,ath
2006-07-30T06:00:50.950Z,3.44,95.131,30,4.5,mb,22,191.2,,0.97,us,usp000epw1,2014-11-07T01:29:48.852Z,"135 km SW of Meulaboh, Indonesia",earthquake,,,,10,reviewed,us,us
2006-07-30T05:57:19.500Z,40.41,25.95,3,3.4,md,8,178.6,,,us,usp000epw0,2014-11-07T01:29:48.851Z,"23 km N of Gökçeada, Turkey",earthquake,,,,,reviewed,ath,ath
2006-07-30T05:53:56.000Z,-32.756,-69.89,124.2,2.9,m,15,234.6,,,us,usp000epvz,2014-11-07T01:29:48.848Z,"66 km E of Los Andes, Chile",earthquake,,,,,reviewed,guc,guc
2006-07-30T05:49:47.600Z,40.364,25.989,0.1,3.4,md,22,157.1,,,us,usp000epvy,2014-11-07T01:29:48.845Z,"19 km NNE of Gökçeada, Turkey",earthquake,,,,,reviewed,the,ath
2006-07-30T05:47:26.180Z,11.713,-61.18,29,3.3,md,6,162.4,,,us,usp000epvx,2014-11-07T01:29:48.844Z,"64 km SE of Saint David’s, Grenada",earthquake,,,,,reviewed,trn,trn
2006-07-30T05:46:35.600Z,-31.505,-69.109,150,3.1,m,5,249.9,,,us,usp000epvw,2014-11-07T01:29:48.842Z,"35 km ESE of Calingasta, Argentina",earthquake,,,,,reviewed,guc,guc
2006-07-30T05:41:54.910Z,40.357,25.99,0.1,3.3,md,15,157.1,,,us,usp000epvv,2014-11-07T01:29:48.840Z,"18 km NNE of Gökçeada, Turkey",earthquake,,,,,reviewed,the,ath
2006-07-30T04:48:58.580Z,40.64,20.783,0,3.1,md,16,142,,,us,usp000epvu,2014-11-07T01:29:48.838Z,"2 km N of Korçë, Albania",earthquake,,,,,reviewed,the,ath
2006-07-30T04:34:33.680Z,41.6218333,-111.6865,16.39,2,ml,17,60,0.09217,0.13,uu,uu50319865,2018-08-28T21:56:58.640Z,"13 km ESE of Millville, Utah",earthquake,0.41,1.04,,6,reviewed,uu,uu
2006-07-30T04:04:09.900Z,37.41,21.08,19,4.2,mb,146,48.7,,,us,usp000epvt,2014-11-07T01:29:48.825Z,"40 km SSE of Lithakiá, Greece",earthquake,,,,17,reviewed,ath,us
2006-07-30T03:53:16.000Z,40.4,25.81,30,3,md,4,178.1,,,us,usp000epvs,2014-11-07T01:29:48.824Z,"23 km NNW of Gökçeada, Turkey",earthquake,,,,,reviewed,ath,ath
2006-07-30T03:51:03.059Z,59.2306,-154.5018,149.9,4.1,mb,,,,0.53,ak,ak0069p0hgrl,2019-02-13T05:08:21.698Z,"28 km SSE of Kokhanok, Alaska",earthquake,,0.2,,,reviewed,ak,ak
2006-07-30T03:39:23.010Z,-9.6,107.496,10,4.8,mb,21,87.6,,0.6,us,usp000epvq,2014-11-07T01:29:48.820Z,"257 km SSW of Kawalu, Indonesia",earthquake,,,,10,reviewed,us,us
2006-07-30T03:33:31.631Z,59.8425,-152.3389,82.3,2,ml,,,,0.36,ak,ak0069p0do2z,2019-02-13T05:08:34.994Z,"29 km WNW of Anchor Point, Alaska",earthquake,,0.1,,,reviewed,ak,ak
2006-07-30T03:27:12.900Z,37.37,21.05,19,3.2,md,6,223,,,us,usp000epvp,2014-11-07T01:29:48.818Z,"43 km SSE of Lithakiá, Greece",earthquake,,,,,reviewed,ath,ath
2006-07-30T03:22:15.880Z,-24.312,-67.091,155.6,3.5,mb,9,118.8,,1.05,us,usp000epvn,2014-11-07T01:29:48.815Z,"79 km W of San Antonio de los Cobres, Argentina",earthquake,,14.8,,1,reviewed,us,us
2006-07-30T03:05:14.110Z,42.2446667,-121.9875,7.513,2.1,md,12,79,0.06091,0.21,uw,uw10704678,2016-07-22T22:21:39.590Z,"17 km W of Klamath Falls, Oregon",earthquake,0.036,0.04,0.04,4,reviewed,uw,uw
2006-07-30T03:02:27.480Z,38.3674,-118.7127,11.4,3,ml,23,60.45,0.309,0.132,nn,nn00186191,2018-04-24T20:34:21.986Z,"19 km SSW of Hawthorne, Nevada",earthquake,,2.5,,,reviewed,nn,nn
2006-07-30T02:47:19.850Z,36.727,71.401,171.6,4.6,mb,39,94.9,,1.08,us,usp000epvk,2014-11-07T01:29:48.719Z,"12 km WNW of Ashk?sham, Afghanistan",earthquake,,14.2,,17,reviewed,us,us
2006-07-30T02:38:56.600Z,-34.998,-70.362,17.6,3.2,ml,8,253.9,,,us,usp000epvj,2014-11-07T01:29:48.717Z,"69 km ESE of Chimbarongo, Chile",earthquake,,,,,reviewed,guc,guc
2006-07-30T02:31:10.460Z,46.196,-122.1891667,-1.824,2.9,md,12,103,,0.22,uw,uw10704643,2016-07-22T22:21:38.660Z,"37 km NNE of Amboy, Washington",earthquake,,,0.04,6,reviewed,uw,uw
2006-07-30T02:30:46.300Z,42.791,-1.355,5,2.9,ml,38,54.4,,,us,usp000epvg,2014-11-07T01:29:48.700Z,"1 km ENE of Aoiz, Spain",earthquake,,,,,reviewed,ldg,ldg
2006-07-30T02:09:57.351Z,50.8511,-179.2837,20.6,2.1,ml,,,,0.57,ak,ak0069ozn59z,2019-02-13T05:08:34.245Z,"216 km WSW of Adak, Alaska",earthquake,,1.4,,,reviewed,ak,ak
2006-07-30T02:02:06.500Z,-25.993,-70.783,33.7,3.7,ml,12,157.9,,,us,usp000epvf,2014-11-07T01:29:48.697Z,"71 km SSW of Taltal, Chile",earthquake,,,,,reviewed,guc,guc
2006-07-30T01:54:55.850Z,26.256,35.561,10,4.9,ms,173,69.1,,0.89,us,usp000epve,2014-11-07T01:29:48.684Z,"89 km W of Al Wajh, Saudi Arabia",earthquake,,,,1,reviewed,us,us
2006-07-30T01:52:38.671Z,62.1366,-145.4778,18.5,3.7,ml,,,,1.2,ak,ak0069ozaw0r,2019-02-13T05:08:21.231Z,"4 km NE of Glennallen, Alaska",earthquake,,0.1,,,reviewed,ak,ak
2006-07-30T01:37:43.190Z,1.202,97.112,30,4.8,mb,25,161.3,,0.94,us,usp000epvc,2014-11-07T01:29:48.679Z,"141 km SSW of Singkil, Indonesia",earthquake,,,,8,reviewed,us,us
2006-07-30T01:30:48.100Z,40.47,20.93,13,3,md,5,222.7,,,us,usp000epvb,2014-11-07T01:29:48.677Z,"12 km WNW of Nestório, Greece",earthquake,,,,,reviewed,ath,ath
2006-07-30T01:28:14.690Z,1.463,97.182,30,5.6,mwb,155,30.6,,1.11,us,usp000epva,2022-05-02T18:24:47.354Z,"113 km SW of Singkil, Indonesia",earthquake,,,,,reviewed,us,us
2006-07-30T01:20:59.250Z,26.864,-111.209,10,5.9,mwb,294,108.1,,1.17,us,usp000epv9,2022-07-14T10:27:39.387Z,"76 km E of Mulegé, Mexico",earthquake,,,,,reviewed,us,us
2006-07-30T01:15:50.100Z,37.2783,-114.0455,6.2,2.1,ml,5,277.57,0.809,0.0216,nn,nn00186185,2018-04-24T20:34:21.886Z,"31 km WSW of Veyo, Utah",earthquake,,15.8,,,reviewed,nn,nn
2006-07-30T01:01:49.590Z,11.405,-61.224,58,3.4,md,8,137.2,,,us,usp000epv8,2014-11-07T01:29:48.609Z,"58 km WNW of Scarborough, Trinidad and Tobago",earthquake,,,,,reviewed,trn,trn
2006-07-30T00:56:54.700Z,-32.725,-71.033,65.4,2.8,m,14,232.6,,,us,usp000epv7,2014-11-07T01:29:48.606Z,"14 km NNW of Llaillay, Chile",earthquake,,,,,reviewed,guc,guc
2006-07-30T00:55:21.760Z,43.827,-7.275,20.6,2.6,mblg,12,220.9,,,us,usp000epv6,2014-11-07T01:29:48.603Z,"20 km NNE of Cervo, Spain",earthquake,,,,,reviewed,mdd,mdd
2006-07-30T00:42:57.200Z,35.38,25.38,24,4.1,mb,122,49.8,,,us,usp000epv5,2014-11-07T01:29:48.594Z,"6 km N of Limín Khersonísou, Greece",earthquake,,,,24,reviewed,ath,us
2006-07-30T00:10:52.670Z,32.841,85.338,10,3.6,mb,5,284.2,,0.85,us,usp000epv4,2014-11-07T01:29:48.593Z,"western Xizang",earthquake,,0,,1,reviewed,us,us
2006-07-29T23:35:56.337Z,52.026,-179.7364,167.4,2.2,ml,,,,0.29,ak,ak0069norh0x,2019-02-13T05:08:20.230Z,"213 km W of Adak, Alaska",earthquake,,0.2,,,reviewed,ak,ak
2006-07-29T23:14:00.800Z,37.54,20.94,17,3,md,4,222.3,,,us,usp000epv3,2014-11-07T01:29:48.592Z,"22 km SSE of Lithakiá, Greece",earthquake,,,,,reviewed,ath,ath
2006-07-29T22:57:59.600Z,38.9,26.8,30,3.1,md,4,201.6,,,us,usp000epv2,2014-11-07T01:29:48.590Z,"12 km WSW of Çandarl?, Turkey",earthquake,,,,,reviewed,ath,ath
2006-07-29T22:55:51.780Z,7.333,93.55,30,4.3,mb,24,187.8,,1.42,us,usp000epv1,2014-11-07T01:29:48.588Z,"252 km NW of Sabang, Indonesia",earthquake,,,,5,reviewed,us,us
2006-07-29T22:46:57.990Z,-5.726,150.027,35,3.8,mb,6,230.5,,0.45,us,usp000epv0,2014-11-07T01:29:48.586Z,"22 km SSW of Kimbe, Papua New Guinea",earthquake,,,,1,reviewed,us,us
2006-07-29T22:36:10.650Z,-0.098,125.607,35,4.2,mb,13,140.5,,1.31,us,usp000epuz,2014-11-07T01:29:48.585Z,"173 km SSE of Tondano, Indonesia",earthquake,,,,2,reviewed,us,us
2006-07-29T22:01:23.829Z,51.9931,177.1959,6.9,2.9,ml,,,,0.68,ak,ak0069nnyoke,2019-02-13T05:08:12.364Z,"288 km ESE of Attu Station, Alaska",earthquake,,3.1,,,reviewed,ak,ak
2006-07-29T21:57:58.780Z,40.302,-1.048,10.6,2.5,ml,21,76.2,,,us,usp000epuy,2014-11-07T01:29:48.580Z,"6 km SE of Teruel, Spain",earthquake,,,,,reviewed,mdd,ldg
2006-07-29T21:57:04.103Z,59.735,-152.9423,96.8,2.3,ml,,,,0.41,ak,ak0069nnp7je,2019-02-13T05:08:11.949Z,"62 km W of Anchor Point, Alaska",earthquake,,0.2,,,reviewed,ak,ak
2006-07-29T21:30:32.300Z,37.65,20.77,22,3.2,md,7,222.4,,,us,usp000epux,2014-11-07T01:29:48.578Z,"9 km SW of Lithakiá, Greece",earthquake,,,,,reviewed,ath,ath
2006-07-29T21:24:23.978Z,55.7117,-160.8171,129,2.5,ml,,,,0.34,ak,ak0069nni6fx,2019-02-13T05:08:20.882Z,"40 km SE of Nelson Lagoon, Alaska",earthquake,,1.8,,,reviewed,ak,ak
2006-07-29T21:23:01.355Z,53.8328,-163.9915,30.4,2.5,ml,,,,0.31,ak,ak0069nnhwzb,2019-02-13T05:08:19.473Z,"119 km SSW of False Pass, Alaska",earthquake,,0.1,,,reviewed,ak,ak
2006-07-29T21:12:36.900Z,-39.1,174.79,219,4.2,m,40,112.9,,,us,usp000epuw,2014-11-07T01:29:48.575Z,"48 km ESE of Waitara, New Zealand",earthquake,,,,,reviewed,wel,wel
2006-07-29T21:00:43.970Z,-10.189,108.153,10,4.2,mb,6,218.1,,1.43,us,usp000epuv,2014-11-07T01:29:48.573Z,"south of Java, Indonesia",earthquake,,,,1,reviewed,us,us
2006-07-29T20:50:55.390Z,-25.498,179.394,503.9,4.7,mb,56,81.7,,0.99,us,usp000epuu,2014-11-07T01:29:48.566Z,"south of the Fiji Islands",earthquake,,10.9,,24,reviewed,us,us
2006-07-29T20:36:47.250Z,19.3631667,-155.2223333,29.158,2.78,ml,41,54,,0.11,hv,hv5512809,2020-03-31T21:49:52.780Z,"8 km S of Volcano, Hawaii",earthquake,0.51,0.64,0.14,11,reviewed,hv,hv
2006-07-29T20:31:14.430Z,5.855,126.113,35,3.9,mb,6,197.9,,0.65,us,usp000eput,2014-11-07T01:29:48.565Z,"50 km ESE of Mangili, Philippines",earthquake,,,,2,reviewed,us,us
2006-07-29T20:19:59.320Z,-5.85,148.953,35,4.2,mb,6,281.5,,0.74,us,usp000epus,2014-11-07T01:29:48.564Z,"76 km WNW of Kandrian, Papua New Guinea",earthquake,,,,1,reviewed,us,us
2006-07-29T20:18:32.290Z,-4.369,145.208,35,3.9,mb,10,232.9,,1.29,us,usp000epur,2014-11-07T01:29:48.562Z,"114 km NW of Madang, Papua New Guinea",earthquake,,,,4,reviewed,us,us
2006-07-29T20:06:24.800Z,15.46,-93.277,51.3,4.2,md,7,142.2,,,us,usp000epuq,2014-11-07T01:29:48.559Z,"7 km WSW of El Palmarcito, Mexico",earthquake,,,,,reviewed,unm,unm
2006-07-29T19:53:43.050Z,23.589,-63.923,10,5.8,mwb,532,36.3,,0.8,us,usp000epup,2022-05-02T15:34:40.057Z,"North Atlantic Ocean",earthquake,,,,,reviewed,us,us
2006-07-29T19:35:44.710Z,18.18,-66.857,17.5,2.6,md,14,100.5,,,us,usp000epun,2014-11-07T01:29:48.505Z,"12 km S of Lares, Puerto Rico",earthquake,,,,,reviewed,rspr,rspr
2006-07-29T19:31:59.100Z,-34.417,-70.421,7,2.9,ml,12,243.8,,,us,usp000epum,2014-11-07T01:29:48.503Z,"33 km SE of Machalí, Chile",earthquake,,,,,reviewed,guc,guc
2006-07-29T19:05:21.250Z,56.291,162.64,45.6,4.4,mb,56,90.6,,0.93,us,usp000epuk,2014-11-07T01:29:48.497Z,"12 km NE of Ust’-Kamchatsk Staryy, Russia",earthquake,,8.1,,24,reviewed,us,us
2006-07-29T18:56:48.280Z,63.5489,-149.9699,134.2,3.4,ml,,,,0.5,ak,ak0069nlwsf0,2019-02-13T05:08:11.121Z,"53 km WNW of Cantwell, Alaska",earthquake,,0.1,,,reviewed,ak,ak
2006-07-29T18:45:10.318Z,51.7227,-173.4748,46.5,3,ml,,,,0.53,ak,ak0069nluclz,2019-02-13T05:08:10.717Z,"72 km SE of Atka, Alaska",earthquake,,0.8,,,reviewed,ak,ak
2006-07-29T18:22:09.454Z,51.4753,-177.8591,20,2,ml,,,,0.33,ak,ak0069nlpf2p,2019-02-13T05:08:09.898Z,"Andreanof Islands, Aleutian Islands, Alaska",earthquake,,0.4,,,reviewed,ak,ak
2006-07-29T18:11:58.082Z,51.3888,178.7755,40.9,2.3,ml,,,,0.47,ak,ak0069nln5y8,2019-02-13T05:08:18.815Z,"Rat Islands, Aleutian Islands, Alaska",earthquake,,0.9,,,reviewed,ak,ak
2006-07-29T17:51:30.000Z,39.1,23.46,27,2.9,ml,13,85.3,,,us,usp000epuh,2014-11-07T01:29:48.492Z,"7 km SSW of Skiáthos, Greece",earthquake,,,,,reviewed,ath,ath
2006-07-29T17:28:34.370Z,17.569,-67.571,36.1,2.9,md,12,322.8,,,us,usp000epuf,2014-11-07T01:29:48.488Z,"60 km SW of Pole Ojea, Puerto Rico",earthquake,,,,,reviewed,rspr,rspr
2006-07-29T17:21:12.720Z,19.3875,-155.2778333,1.989,2.4,ml,35,35,,0.1,hv,hv5512694,2020-03-31T21:49:51.750Z,"7 km SW of Volcano, Hawaii",earthquake,0.22,0.18,0.13,9,reviewed,hv,hv
2006-07-29T17:19:22.280Z,36.262,140.213,57.8,4.1,m,12,209.8,,0.73,us,usp000epue,2014-11-07T01:29:48.486Z,"9 km NNW of Ishioka, Japan",earthquake,,32.7,,,reviewed,us,jma
2006-07-29T16:55:59.340Z,19.4988333,-155.4701667,1.642,2.5,md,25,82,,0.09,hv,hv6000448,2020-03-31T21:49:51.580Z,"25 km WNW of Volcano, Hawaii",earthquake,0.32,1.57,,,reviewed,hv,hv
2006-07-29T16:21:19.880Z,-9.969,107.977,10,4.2,mb,8,210,,1.04,us,usp000epud,2014-11-07T01:29:48.484Z,"287 km S of Kawalu, Indonesia",earthquake,,,,1,reviewed,us,us
2006-07-29T16:14:01.600Z,37.13,21.05,7,3.1,md,6,223.5,,,us,usp000epuc,2014-11-07T01:29:48.483Z,"47 km W of Filiatrá, Greece",earthquake,,,,,reviewed,ath,ath
2006-07-29T16:00:24.700Z,-34.072,-70.339,6.2,3.3,md,9,222.6,,,us,usp000epub,2014-11-07T01:29:48.481Z,"31 km ENE of Machalí, Chile",earthquake,,,,,reviewed,guc,guc
2006-07-29T15:45:12.170Z,17.814,-65.294,34,2.6,md,5,254.2,,,us,usp000epua,2014-11-07T01:29:48.480Z,"36 km SSE of Esperanza, Puerto Rico",earthquake,,,,,reviewed,rspr,rspr
2006-07-29T15:37:04.890Z,51.545,16.12,5,3.4,ml,37,70.1,,1.03,us,usp000epu9,2014-11-07T01:29:48.464Z,"5 km NE of Polkowice, Poland",earthquake,,,,,reviewed,us,grf
2006-07-29T15:34:51.530Z,38.0283333,-121.865,16.126,2.01,md,42,119,0.07477,0.2,nc,nc21529651,2017-01-15T01:55:17.440Z,"1 km E of Pittsburg, California",earthquake,0.49,0.58,0.17,16,reviewed,nc,nc
2006-07-29T15:01:53.580Z,19.4156667,-155.3193333,6.331,2.38,ml,38,46,,0.12,hv,hv5512668,2020-03-31T21:49:50.900Z,"9 km WSW of Volcano, Hawaii",earthquake,0.34,0.48,0.32,10,reviewed,hv,hv
2006-07-29T14:59:29.899Z,63.3642,-145.0618,8.8,2.8,ml,,,,0.63,ak,ak0069njjnq5,2019-02-13T05:08:09.151Z,"37 km SSW of Dry Creek, Alaska",earthquake,,0.3,,,reviewed,ak,ak
2006-07-29T14:48:19.800Z,37.65,21.74,29,3.3,ml,34,138,,,us,usp000epu7,2014-11-07T01:29:48.459Z,"6 km SSE of Lálas, Greece",earthquake,,,,,reviewed,ath,ath
2006-07-29T14:37:44.760Z,1.841,96.626,10,4.1,mb,13,212.9,,1.5,us,usp000epu6,2014-11-07T01:29:48.457Z,"75 km SSE of Sinabang, Indonesia",earthquake,,,,4,reviewed,us,us
2006-07-29T14:15:19.835Z,52.0918,177.1979,7.7,2.9,ml,,,,0.5,ak,ak0069nja7fz,2019-02-13T05:08:17.331Z,"285 km ESE of Attu Station, Alaska",earthquake,,0,,,reviewed,ak,ak
2006-07-29T14:13:17.200Z,-30.902,-71.383,59.2,3.4,m,5,197.5,,,us,usp000epu5,2014-11-07T01:29:48.455Z,"37 km SSW of Ovalle, Chile",earthquake,,,,,reviewed,guc,guc
2006-07-29T14:11:46.370Z,23.217,121.525,35,4.3,mb,19,108.3,,1.24,us,usp000epu4,2014-11-07T01:29:48.452Z,"84 km S of Hualien City, Taiwan",earthquake,,,,6,reviewed,us,us
2006-07-29T13:25:15.100Z,-32.601,-71.785,15,2.5,ml,10,286.6,,,us,usp000epu2,2014-11-07T01:29:48.446Z,"50 km NNW of Valparaíso, Chile",earthquake,,,,,reviewed,guc,guc
2006-07-29T13:22:43.120Z,36.0633333,-117.7098333,0.724,2.07,ml,23,89,0.05921,0.19,ci,ci14243528,2016-03-09T03:41:44.599Z,"22km E of Coso Junction, CA",earthquake,0.5,0.68,0.147,33,reviewed,ci,ci
2006-07-29T13:12:25.711Z,51.726,179.0831,10.7,2.2,ml,,,,0.5,ak,ak0069nio557,2019-02-13T05:08:08.804Z,"295 km W of Adak, Alaska",earthquake,,0,,,reviewed,ak,ak
2006-07-29T13:01:10.430Z,36.065,-117.7095,0.014,2,ml,21,100,0.06045,0.19,ci,ci14243524,2016-03-09T08:00:31.835Z,"22km E of Coso Junction, CA",earthquake,0.41,0.71,0.135,30,reviewed,ci,ci
2006-07-29T12:46:39.800Z,-38.33,175.95,182,3.8,m,33,192,,,us,usp000epu0,2014-11-07T01:29:48.442Z,"12 km SE of Tokoroa, New Zealand",earthquake,,,,,reviewed,wel,wel
2006-07-29T11:56:59.900Z,-24.304,-69.375,0,3,ml,5,102.1,,,us,usp000eptz,2014-11-07T01:29:48.441Z,"126 km SE of Antofagasta, Chile",earthquake,,,,,reviewed,guc,guc
2006-07-29T11:36:39.040Z,37.364,68.73,10,4.9,mb,24,143.3,,0.92,us,usp000epty,2014-11-07T01:29:48.439Z,"6 km ENE of D?stí, Tajikistan",earthquake,,,,8,reviewed,us,us
2006-07-29T10:58:31.770Z,-7.678,124.692,46.9,3.9,mb,10,176,,0.75,us,usp000eptx,2014-11-07T01:29:48.437Z,"117 km NNW of Maubara, Timor Leste",earthquake,,18.4,,1,reviewed,us,us
2006-07-29T10:57:15.540Z,37.13,68.808,10,5.4,mwb,297,82.9,,0.95,us,usp000eptw,2022-05-02T15:34:38.596Z,"10 km SSE of Qar?wul, Afghanistan",earthquake,,,,,reviewed,us,us
2006-07-29T10:46:51.760Z,19.73,-64.556,25.1,3.9,md,17,302.9,,,us,usp000eptv,2014-11-07T01:29:48.410Z,"156 km N of Cruz Bay, U.S. Virgin Islands",earthquake,,,,,reviewed,rspr,rspr
2006-07-29T10:11:10.170Z,62.013,-127.481,1,3.9,mwr,18,50,,,us,usp000eptu,2014-11-07T01:29:48.407Z,"227 km NNE of Watson Lake, Canada",earthquake,,,,,reviewed,pgc,pgc
2006-07-29T10:01:54.500Z,29.58,130.129,26.1,4.3,mb,5,182.3,,,us,usp000eptt,2014-11-07T01:29:48.405Z,"80 km SSW of Yudomari, Japan",earthquake,,,,2,reviewed,jma,us
2006-07-29T09:16:53.530Z,-10.11,108.691,34.7,5.1,mb,33,89.3,,0.72,us,usp000epts,2014-11-07T01:29:48.402Z,"280 km SSW of Kroya, Indonesia",earthquake,,22.4,,10,reviewed,us,us
2006-07-29T09:00:36.705Z,51.2832,-174.1895,10,2.8,ml,,,,0.41,ak,ak0069ng7uza,2019-02-13T05:08:16.275Z,"101 km S of Atka, Alaska",earthquake,,0.6,,,reviewed,ak,ak
2006-07-29T08:28:41.838Z,58.3608,-133.6081,0,2.9,ml,,,,0.75,ak,ak0069nfsftj,2019-02-13T05:08:15.897Z,"47 km E of Juneau, Alaska",ice quake,,0,,,reviewed,ak,ak
2006-07-29T08:07:07.724Z,50.1326,179.7534,22.2,3.2,ml,,,,0.84,ak,ak0069nfnv5g,2019-02-13T05:08:15.491Z,"Rat Islands, Aleutian Islands, Alaska",earthquake,,2.1,,,reviewed,ak,ak
2006-07-29T07:53:55.121Z,58.3324,-133.5371,0,2.7,ml,,,,0.68,ak,ak0069nfce54,2019-02-13T05:08:15.115Z,"51 km E of Juneau, Alaska",ice quake,,0,,,reviewed,ak,ak
2006-07-29T07:33:13.000Z,51.5,16,1,3.6,ml,40,67.6,,,us,usp000eptp,2014-11-07T01:29:48.393Z,"5 km W of Polkowice, Poland",earthquake,,,,,reviewed,grf,grf
2006-07-29T07:17:13.552Z,60.7806,-151.1002,64.6,2.9,ml,,,,0.49,ak,ak0069nf4l5n,2019-02-13T05:08:08.362Z,"14 km NE of Nikiski, Alaska",earthquake,,0.1,,,reviewed,ak,ak
2006-07-29T06:58:58.460Z,40.4726667,-124.7231667,21.793,2.81,md,18,268,0.2946,0.06,nc,nc21529601,2017-01-15T01:52:29.555Z,"40 km WSW of Ferndale, California",earthquake,1.48,0.8,0.06,9,reviewed,nc,nc
2006-07-29T06:52:06.430Z,51.53,-173.027,10,3.1,ml,4,212.2,,,us,usp000eptm,2019-02-13T05:08:14.733Z,"109 km SE of Atka, Alaska",earthquake,,,,,reviewed,aeic,aeic
2006-07-29T06:27:04.135Z,62.3952,-151.4081,87.1,2.6,ml,,,,0.52,ak,ak0069nel9zh,2019-02-13T05:08:07.550Z,"35 km WSW of Petersville, Alaska",earthquake,,0.1,,,reviewed,ak,ak
2006-07-29T05:59:01.209Z,59.7945,-153.4861,123.5,2.1,ml,,,,0.4,ak,ak0069ne6p2g,2019-02-13T05:08:14.341Z,"34 km E of Pedro Bay, Alaska",earthquake,,0.9,,,reviewed,ak,ak
2006-07-29T05:32:56.170Z,32.226,-115.5965,5.787,2.13,ml,13,265,0.4362,0.22,ci,ci14243488,2016-03-08T23:27:59.155Z,"39km S of Progreso, B.C., MX",earthquake,1.27,31.61,0.15,27,reviewed,ci,ci
2006-07-29T05:18:38.627Z,61.158,-149.6783,26,3,ml,,,,0.48,ak,ak0069ndxzli,2019-02-13T05:08:07.085Z,"11 km SSW of Elmendorf Air Force Base, Alaska",earthquake,,0,,,reviewed,ak,ak
2006-07-29T04:43:11.517Z,59.6314,-153.3517,114.1,3.4,ml,,,,0.44,ak,ak0069ndhusv,2019-02-13T05:08:06.568Z,"45 km ESE of Pedro Bay, Alaska",earthquake,,0.1,,,reviewed,ak,ak
2006-07-29T04:17:48.990Z,19.687,122.258,10.5,4,mb,10,154.3,,0.75,us,usp000eptg,2014-11-07T01:29:48.368Z,"89 km SSE of Basco, Philippines",earthquake,,48.1,,2,reviewed,us,us
2006-07-29T04:03:09.980Z,19.184,-66.28,18,2.7,md,5,293.6,,,us,usp000eptf,2014-11-07T01:29:48.366Z,"79 km N of Brenas, Puerto Rico",earthquake,,,,,reviewed,rspr,rspr
2006-07-29T03:55:14.125Z,51.8816,-174.3727,225.6,2.7,ml,,,,1,ak,ak0069ncyzzo,2019-02-13T05:08:06.189Z,"36 km SSW of Atka, Alaska",earthquake,,2.4,,,reviewed,ak,ak
2006-07-29T03:42:37.557Z,60.1295,-153.0463,131,2.5,ml,,,,0.53,ak,ak0069ncw9hn,2019-02-13T05:08:12.756Z,"70 km ENE of Pedro Bay, Alaska",earthquake,,0.1,,,reviewed,ak,ak
2006-07-29T03:41:39.110Z,61.3937,-151.2389,3.5,2.4,ml,,,,0.67,ak,ak0069ncw1w7,2019-02-13T05:08:05.761Z,"29 km NNW of Beluga, Alaska",earthquake,,0.1,,,reviewed,ak,ak
2006-07-29T03:40:02.920Z,35.037,-3.063,23.5,3.1,m,7,309.9,,,us,usp000eptd,2014-11-07T01:29:48.362Z,"5 km WNW of Al Aaroui, Morocco",earthquake,,,,,reviewed,mdd,mdd
2006-07-29T03:34:32.490Z,38.8201667,-122.7956667,2.852,2.07,md,35,42,0.01261,0.07,nc,nc21529579,2017-01-15T01:51:43.360Z,"6 km W of Cobb, California",earthquake,0.18,0.29,0.14,19,reviewed,nc,nc
2006-07-29T03:09:11.810Z,52.357,-169.244,1.6,3.7,ml,23,151,,,us,usp000eptc,2019-02-13T05:08:05.372Z,"69 km SSW of Nikolski, Alaska",earthquake,,,,,reviewed,aeic,aeic
2006-07-29T03:05:12.480Z,36.116,71.401,87.2,4.6,mb,44,141.7,,0.72,us,usp000eptb,2014-11-07T01:29:48.356Z,"64 km S of Ashk?sham, Afghanistan",earthquake,,9.7,,10,reviewed,us,us
2006-07-29T03:00:40.959Z,62.591,-151.2025,90.9,2.8,ml,,,,0.44,ak,ak0069ncn9of,2019-02-13T05:08:04.915Z,"24 km WNW of Petersville, Alaska",earthquake,,0,,,reviewed,ak,ak
2006-07-29T02:39:04.120Z,61.1887,-149.7045,28.9,2.3,ml,,,,0.5,ak,ak0069nca45o,2019-02-13T05:08:04.508Z,"8 km SSW of Elmendorf Air Force Base, Alaska",earthquake,,0.1,,,reviewed,ak,ak
2006-07-29T02:16:17.970Z,12.061,142.862,22.3,4.5,mb,41,106.9,,0.71,us,usp000ept9,2014-11-07T01:29:48.349Z,"237 km SW of Merizo Village, Guam",earthquake,,20.3,,19,reviewed,us,us
2006-07-29T02:03:33.220Z,-22.25,-179.577,621.6,5.5,mwc,387,26.8,,0.86,us,usp000ept8,2022-05-02T18:24:36.068Z,"south of the Fiji Islands",earthquake,,5.3,,,reviewed,us,hrv
2006-07-29T02:03:16.980Z,13.07,51.015,10,5.2,mwc,123,96.3,,0.7,us,usp000ept7,2016-11-10T01:26:19.591Z,"125 km NNE of Caluula, Somalia",earthquake,,,,,reviewed,us,hrv
2006-07-29T02:01:14.240Z,18.789,-65.015,5.3,3.3,md,8,271.7,,,us,usp000ept6,2014-11-07T01:29:48.300Z,"50 km N of Charlotte Amalie, U.S. Virgin Islands",earthquake,,,,,reviewed,rspr,rspr
2006-07-29T01:51:10.400Z,38.4,44.78,10,4.1,mb,46,88,,,us,usp000ept5,2014-11-07T01:29:48.296Z,"22 km SW of Khowy, Iran",earthquake,,,,11,reviewed,teh,us
2006-07-29T01:49:07.130Z,17.755,-63.412,18,3.9,md,19,140.4,,,us,usp000ept4,2014-11-07T01:29:48.292Z,"22 km NW of The Bottom, Bonaire, Saint Eustatius and Saba ",earthquake,,,,,reviewed,trn,trn
2006-07-29T01:36:54.590Z,13.215,51.026,10,4.9,mwc,24,104.8,,0.61,us,usp000ept3,2016-11-10T01:26:19.069Z,"141 km NNE of Caluula, Somalia",earthquake,,,,,reviewed,us,hrv
2006-07-29T01:32:35.280Z,61.033,-151.4162,65.4,2.1,ml,,,,0.4,ak,ak0069nbn8y0,2019-02-13T05:08:04.093Z,"15 km WSW of Tyonek, Alaska",earthquake,,0.1,,,reviewed,ak,ak
2006-07-29T01:26:16.970Z,17.736,-63.326,12,3.6,md,5,132.9,,,us,usp000ept2,2014-11-07T01:29:48.287Z,"14 km NW of The Bottom, Bonaire, Saint Eustatius and Saba ",earthquake,,,,,reviewed,trn,trn
2006-07-29T00:59:38.300Z,-32.738,-71.878,27.6,3.4,ml,16,223.5,,,us,usp000ept1,2014-11-07T01:29:48.285Z,"40 km NW of Valparaíso, Chile",earthquake,,,,,reviewed,guc,guc
2006-07-29T00:19:40.340Z,83.054,-4.531,10,4.5,mb,69,123.1,,1.25,us,usp000ept0,2014-11-07T01:29:48.279Z,"north of Svalbard",earthquake,,,,30,reviewed,us,us
2006-07-29T00:11:51.340Z,37.255,68.828,34.2,5.6,mwc,184,64.5,,0.91,us,usp000epsz,2022-05-02T15:34:36.907Z,"5 km NE of Qar?wul, Afghanistan",earthquake,,,,,reviewed,us,hrv
2006-07-28T23:59:15.870Z,45.176,-122.7796667,21.19,2.1,md,41,72,0.1524,0.39,uw,uw10704168,2016-07-22T22:21:32.760Z,"2 km ESE of Hubbard, Oregon",earthquake,0.548,0.66,0.04,8,reviewed,uw,uw
2006-07-28T23:51:42.000Z,35.73,25.73,17,3,md,8,83.5,,,us,usp000epsy,2014-11-07T01:29:48.187Z,"50 km NNE of Sísion, Greece",earthquake,,,,,reviewed,ath,ath
2006-07-28T23:27:26.450Z,17.696,-63.453,15,3.7,md,15,159,,,us,usp000epsx,2014-11-07T01:29:48.185Z,"22 km WNW of The Bottom, Bonaire, Saint Eustatius and Saba ",earthquake,,,,,reviewed,trn,rspr
2006-07-28T23:10:12.620Z,-9.131,107.709,10,4.4,mb,7,140.3,,0.99,us,usp000epsw,2014-11-07T01:29:48.184Z,"201 km SSW of Kawalu, Indonesia",earthquake,,,,1,reviewed,us,us
2006-07-28T23:03:27.700Z,-17.523,-69.503,164.6,3.7,mb,5,214.6,,1.49,us,usp000epsv,2014-11-07T01:29:48.183Z,"54 km E of Estique, Peru",earthquake,,23.8,,1,reviewed,us,us
2006-07-28T22:50:06.640Z,0.982,126.188,35,4.5,mb,19,141.1,,1.05,us,usp000epsu,2014-11-07T01:29:48.181Z,"134 km W of Ternate, Indonesia",earthquake,,,,4,reviewed,us,us
2006-07-28T22:30:04.920Z,6.686,126.985,35,4.2,mb,9,197.5,,0.92,us,usp000epst,2014-11-07T01:29:48.180Z,"71 km SE of Tarragona, Philippines",earthquake,,,,4,reviewed,us,us
2006-07-28T22:18:10.070Z,36.349,70.232,198.1,4.8,mb,16,143.9,,1.22,us,usp000epss,2014-11-07T01:29:48.178Z,"41 km SE of Farkh?r, Afghanistan",earthquake,,21.3,,7,reviewed,us,us
2006-07-28T22:15:31.590Z,46.7068333,-122.7583333,-0.622,2.2,md,4,113,0.05315,0,uw,uw10704143,2016-07-22T22:21:32.390Z,"13 km SE of Bucoda, Washington",explosion,,,0.03,2,reviewed,uw,uw
2006-07-28T22:09:52.980Z,46.2043333,-122.1895,-1.389,2.2,md,6,140,,0.42,uw,uw10704128,2016-07-22T22:21:31.610Z,"38 km NNE of Amboy, Washington",earthquake,0.24,0.44,0.06,2,reviewed,uw,uw
2006-07-28T21:46:00.200Z,39.12,24.51,31,3.1,ml,23,78.6,,,us,usp000epsr,2014-11-07T01:29:48.175Z,"24 km N of Skýros, Greece",earthquake,,,,,reviewed,ath,ath
2006-07-28T20:06:41.440Z,19.487,-68.441,54.9,3.9,md,14,336.7,,,us,usp000epsp,2014-11-07T01:29:48.172Z,"84 km NE of Miches, Dominican Republic",earthquake,,,,,reviewed,rspr,rspr
2006-07-28T19:36:17.590Z,19.3216667,-155.1393333,8.533,2.99,ml,40,106,,0.08,hv,hv5512462,2020-03-31T21:49:47.960Z,"15 km S of Fern Forest, Hawaii",earthquake,0.4,0.36,0.17,8,reviewed,hv,hv
2006-07-28T19:35:49.483Z,60.0677,-152.9002,119.5,2,ml,,,,0.37,ak,ak0069lyudl0,2019-02-13T05:08:02.622Z,"66 km W of Happy Valley, Alaska",earthquake,,0.3,,,reviewed,ak,ak
2006-07-28T19:13:40.700Z,16.27,-94.81,52.5,3.7,md,4,253.4,,,us,usp000epsn,2014-11-07T01:29:48.171Z,"8 km SW of San Dionisio del Mar, Mexico",earthquake,,,,,reviewed,unm,unm
2006-07-28T18:45:07.700Z,80.504,118.907,10,4.1,mb,21,125.1,,1.1,us,usp000epsm,2014-11-07T01:29:48.168Z,"east of Severnaya Zemlya",earthquake,,,,3,reviewed,us,us
2006-07-28T18:38:37.120Z,37.5206667,-118.827,2.091,2.21,md,43,99,0.04595,0.06,nc,nc21529492,2017-01-15T01:48:50.440Z,"10 km WSW of Aspen Springs, California",earthquake,0.22,0.61,0.17,38,reviewed,nc,nc
2006-07-28T18:34:54.214Z,58.3344,-133.5178,0,2.7,ml,,,,0.76,ak,ak0069ly8qml,2019-02-13T05:08:01.972Z,"52 km E of Juneau, Alaska",ice quake,,0,,,reviewed,ak,ak
2006-07-28T18:20:30.300Z,38.92,23.48,28,2.8,md,6,161.8,,,us,usp000epsj,2014-11-07T01:29:48.165Z,"13 km N of Mantoúdi, Greece",earthquake,,,,,reviewed,ath,ath
2006-07-28T18:00:24.390Z,-19.483,-70.727,78.2,4,mb,14,96.4,,1.28,us,usp000epsh,2014-11-07T01:29:48.163Z,"100 km NW of Iquique, Chile",earthquake,,11.4,,3,reviewed,us,us
2006-07-28T17:58:32.750Z,32.4801667,-115.2143333,5.959,2.01,ml,11,204,0.3898,0.3,ci,ci14243396,2016-03-09T03:41:38.664Z,"14km N of Delta, B.C., MX",earthquake,2.04,31.61,0.255,25,reviewed,ci,ci
2006-07-28T17:50:01.200Z,-31.858,-69.889,135.7,3.7,m,16,219.9,,,us,usp000epsg,2014-11-07T01:29:48.160Z,"73 km SW of Calingasta, Argentina",earthquake,,,,,reviewed,guc,guc
2006-07-28T17:35:22.600Z,-32.485,-71.839,25,3.6,ml,16,222.5,,,us,usp000epsf,2014-11-07T01:29:48.158Z,"57 km W of La Ligua, Chile",earthquake,,,,,reviewed,guc,guc
2006-07-28T17:30:04.080Z,61.4393,-151.2613,70.3,2.4,ml,,,,0.5,ak,ak0069lxmcag,2019-02-13T05:07:53.206Z,"34 km NNW of Beluga, Alaska",earthquake,,0.1,,,reviewed,ak,ak
2006-07-28T17:25:17.060Z,38.818,-122.7863333,0.979,2.1,md,41,42,0.01171,0.06,nc,nc21529485,2017-01-15T01:48:25.720Z,"5 km W of Cobb, California",earthquake,0.15,0.25,0.08,18,reviewed,nc,nc
2006-07-28T17:24:56.600Z,37.63,20.86,13,3.3,md,6,220.6,,,us,usp000epse,2014-11-07T01:29:48.157Z,"10 km SSE of Lithakiá, Greece",earthquake,,,,,reviewed,ath,ath
2006-07-28T17:13:57.760Z,40.302,-1.055,10.8,3.1,ml,36,34.1,,,us,usp000epsd,2014-11-07T01:29:48.150Z,"6 km SE of Teruel, Spain",earthquake,,,,,reviewed,mdd,str
2006-07-28T17:02:00.783Z,58.3397,-133.5403,0,2.9,ml,,,,0.76,ak,ak0069lxgbzi,2019-02-13T05:08:01.199Z,"51 km E of Juneau, Alaska",ice quake,,0,,,reviewed,ak,ak
2006-07-28T16:52:39.910Z,42.606,137.913,251.9,3.9,mb,18,141,,0.86,us,usp000epsb,2014-11-07T01:29:48.146Z,"216 km WSW of Iwanai, Japan",earthquake,,8.6,,8,reviewed,us,us
2006-07-28T16:43:17.700Z,17.612,-95.118,137.8,3.7,md,5,166.3,,,us,usp000epsa,2014-11-07T01:29:48.145Z,"10 km NNE of El Paraíso, Mexico",earthquake,,,,,reviewed,unm,unm
2006-07-28T16:31:53.670Z,-37.96,-92.372,10,4.3,mb,11,144.9,,1.07,us,usp000eps9,2014-11-07T01:29:48.144Z,"West Chile Rise",earthquake,,,,5,reviewed,us,us
2006-07-28T16:27:56.600Z,39.21,20.67,2,2.7,md,4,123.4,,,us,usp000eps8,2014-11-07T01:29:48.142Z,"6 km ESE of Kanaláki, Greece",earthquake,,,,,reviewed,ath,ath
2006-07-28T16:08:38.274Z,53.9544,-163.299,4.2,2.3,ml,,,,0.21,ak,ak0069lww9kj,2019-02-13T05:08:00.809Z,"100 km S of False Pass, Alaska",earthquake,,0.2,,,reviewed,ak,ak
2006-07-28T15:43:54.280Z,51.579,16.026,5,4.2,mb,92,30.1,,1.1,us,usp000eps7,2014-11-07T01:29:48.131Z,"5 km E of Radwanice, Poland",earthquake,,,,5,reviewed,us,us
2006-07-28T15:43:03.733Z,51.4274,-176.19,2.8,2.2,ml,,,,0.35,ak,ak0069lwi9d1,2019-02-13T05:08:00.428Z,"58 km SSE of Adak, Alaska",earthquake,,0.1,,,reviewed,ak,ak
2006-07-28T14:59:42.730Z,44.385,-111.032,11.09,2.42,ml,16,60,0.1554,0.17,uu,uu50319810,2018-08-28T21:56:51.380Z,"27 km E of Island Park, Idaho",earthquake,0.48,0.96,,4,reviewed,uu,uu
2006-07-28T14:47:59.900Z,36.93,27.92,31,3.1,md,4,214.5,,,us,usp000eps5,2014-11-07T01:29:48.127Z,"29 km NE of Datça, Turkey",earthquake,,,,,reviewed,ath,ath
2006-07-28T14:28:02.190Z,6.75,-72.938,173.5,4.1,mb,23,72.5,,0.74,us,usp000eps4,2014-11-07T01:29:48.124Z,"4 km E of Cepitá, Colombia",earthquake,,6.6,,10,reviewed,us,us
2006-07-28T14:24:07.796Z,58.6603,-153.889,80.6,2.7,ml,,,,0.53,ak,ak0069lvsrgr,2019-02-13T05:07:52.811Z,"88 km NW of Aleneva, Alaska",earthquake,,0.2,,,reviewed,ak,ak
2006-07-28T14:14:33.480Z,45.047,141.65,265.4,4.2,mb,39,132.3,,1.03,us,usp000eps2,2014-11-07T01:29:48.119Z,"37 km ESE of Rishiri Town, Japan",earthquake,,7.3,,17,reviewed,us,us
2006-07-28T13:56:00.115Z,61.1754,-149.7046,29.5,2.1,ml,,,,0.41,ak,ak0069lve66j,2019-02-13T05:07:52.402Z,"9 km SSW of Elmendorf Air Force Base, Alaska",earthquake,,0.1,,,reviewed,ak,ak
2006-07-28T13:44:00.422Z,58.3433,-133.5205,0,2.9,ml,,,,1.13,ak,ak0069lvblm2,2019-02-13T05:07:59.681Z,"52 km E of Juneau, Alaska",ice quake,,0,,,reviewed,ak,ak
2006-07-28T13:19:04.820Z,32.5056667,-115.2253333,6.001,2.35,ml,20,198,0.3524,0.4,ci,ci14243368,2016-03-08T20:27:23.752Z,"14km ESE of Puebla, B.C., MX",earthquake,1.36,31.61,0.261,36,reviewed,ci,ci
2006-07-28T13:01:11.320Z,-9.81,108.091,10,4.9,mwc,41,62.2,,1.05,us,usp000eprz,2016-11-10T01:26:18.041Z,"268 km SSW of Sidareja, Indonesia",earthquake,,,,,reviewed,us,hrv
2006-07-28T12:56:48.970Z,59.166,-30.681,10,5.4,mwc,336,28.7,,1.09,us,usp000epry,2016-11-10T01:26:17.540Z,"Reykjanes Ridge",earthquake,,,,,reviewed,us,hrv
2006-07-28T12:53:33.570Z,4.136,95.259,30,4.1,mb,5,309.6,,0.27,us,usp000eprx,2014-11-07T01:29:48.085Z,"96 km W of Meulaboh, Indonesia",earthquake,,,,1,reviewed,us,us
2006-07-28T12:51:06.890Z,1.711,127.218,79.4,4.1,mb,14,177.4,,1.07,us,usp000eprw,2014-11-07T01:29:48.083Z,"88 km W of Tobelo, Indonesia",earthquake,,44.2,,4,reviewed,us,us
2006-07-28T12:26:46.500Z,36.61,25.85,31,3.6,ml,11,99.2,,,us,usp000eprv,2014-11-07T01:29:48.082Z,"24 km S of Amorgós, Greece",earthquake,,,,,reviewed,ath,ath
2006-07-28T12:24:29.000Z,36.5,25.62,10,3.5,ml,14,88.3,,,us,usp000epru,2014-11-07T01:29:48.080Z,"19 km NE of Mesariá, Greece",earthquake,,,,,reviewed,ath,ath
2006-07-28T12:11:13.600Z,36.48,25.57,12,3.5,ml,18,86.2,,,us,usp000eprt,2014-11-07T01:29:48.078Z,"14 km ENE of Firá, Greece",earthquake,,,,,reviewed,ath,ath
2006-07-28T11:44:47.200Z,-40.29,174.54,102,3.8,m,46,82.6,,,us,usp000eprs,2014-11-07T01:29:48.074Z,"58 km SW of Wanganui, New Zealand",earthquake,,,,,reviewed,wel,wel
2006-07-28T11:35:49.280Z,-9.389,108.755,10,4.9,mb,22,131.6,,0.42,us,usp000eprr,2014-11-07T01:29:48.071Z,"201 km SSW of Kroya, Indonesia",earthquake,,,,8,reviewed,us,us
2006-07-28T11:00:48.800Z,36.72,25.68,57,3.2,md,10,91.1,,,us,usp000eprq,2014-11-07T01:29:48.069Z,"23 km WSW of Amorgós, Greece",earthquake,,,,,reviewed,ath,ath
2006-07-28T10:55:54.200Z,-18.061,-178.452,550.7,3.9,mb,17,131.8,,0.7,us,usp000eprp,2014-11-07T01:29:48.067Z,"236 km E of Levuka, Fiji",earthquake,,10.7,,2,reviewed,us,us
2006-07-28T10:27:37.140Z,-9.639,107.359,33,4.6,mb,29,108,,0.46,us,usp000eprn,2014-11-07T01:29:48.064Z,"266 km SSW of Singaparna, Indonesia",earthquake,,26.3,,11,reviewed,us,us
2006-07-28T10:21:19.350Z,34.809,74.014,45,3.8,mb,25,94.5,,0.88,us,usp000eprm,2014-11-07T01:29:48.062Z,"69 km NE of Muzaffar?b?d, Pakistan",earthquake,,0,,4,reviewed,us,us
2006-07-28T10:17:02.350Z,17.857,-68.217,92.3,3.2,md,9,346.2,,,us,usp000eprk,2014-11-07T01:29:48.060Z,"71 km SE of Boca de Yuma, Dominican Republic",earthquake,,,,,reviewed,rspr,rspr
2006-07-28T10:03:53.090Z,-24.437,-179.619,450,4.2,mb,13,281.7,,0.8,us,usp000eprj,2014-11-07T01:29:47.973Z,"south of the Fiji Islands",earthquake,,,,5,reviewed,us,us
2006-07-28T09:56:39.900Z,37.65,20.78,13,3.7,ml,13,213.4,,,us,usp000eprh,2014-11-07T01:29:47.972Z,"8 km SSW of Lithakiá, Greece",earthquake,,,,,reviewed,ath,ath
2006-07-28T09:22:59.280Z,41.232,20.493,11,2.8,ml,21,106.7,,,us,usp000eprg,2014-11-07T01:29:47.968Z,"8 km W of Vev?ani, North Macedonia",earthquake,,,,,reviewed,pdg,csem
2006-07-28T09:15:02.820Z,59.074,-30.585,10,5.2,mwc,200,48.4,,1.15,us,usp000eprf,2016-11-10T01:26:17.031Z,"Reykjanes Ridge",earthquake,,,,,reviewed,us,hrv
2006-07-28T08:37:00.110Z,19.307,-68.535,69.3,3.5,md,8,339.1,,,us,usp000epre,2014-11-07T01:29:47.950Z,"64 km ENE of Miches, Dominican Republic",earthquake,,,,,reviewed,rspr,rspr
2006-07-28T08:32:28.800Z,-32.489,-71.81,13.4,2.9,ml,12,219.4,,,us,usp000eprd,2014-11-07T01:29:47.948Z,"54 km W of La Ligua, Chile",earthquake,,,,,reviewed,guc,guc
2006-07-28T08:30:44.400Z,-32.548,-71.791,2.9,2.7,ml,12,211.1,,,us,usp000eprc,2014-11-07T01:29:47.946Z,"53 km W of La Ligua, Chile",earthquake,,,,,reviewed,guc,guc
2006-07-28T08:13:23.890Z,59.019,-30.834,10,5.1,mwc,88,48.4,,1.15,us,usp000eprb,2016-11-10T01:26:16.451Z,"Reykjanes Ridge",earthquake,,,,,reviewed,us,hrv
2006-07-28T08:08:28.120Z,-22.459,-179.541,577.4,4.8,mb,119,71.8,,0.88,us,usp000epra,2014-11-07T01:29:47.907Z,"south of the Fiji Islands",earthquake,,8,,39,reviewed,us,us
2006-07-28T07:45:35.800Z,-38.27,176.08,168,4.1,m,57,119.5,,,us,usp000epr9,2014-11-07T01:29:47.902Z,"19 km ESE of Tokoroa, New Zealand",earthquake,,,,,reviewed,wel,wel
2006-07-28T07:40:11.840Z,24.183,122.526,33,5.9,mwc,373,50.6,,0.99,us,usp000epr8,2022-07-14T10:29:24.139Z,"57 km WSW of Yonakuni, Japan",earthquake,,,,,reviewed,us,hrv
2006-07-28T07:30:05.779Z,60.914,-151.2117,10.1,2,ml,,,,0.33,ak,ak0069lro0dd,2019-02-13T05:07:50.162Z,"17 km SSW of Tyonek, Alaska",earthquake,,0.2,,,reviewed,ak,ak
2006-07-28T07:18:43.080Z,18.864,-65.31,8.4,3.2,md,14,257.3,,,us,usp000epr7,2014-11-07T01:29:47.864Z,"62 km N of Culebra, Puerto Rico",earthquake,,,,,reviewed,rspr,rspr
2006-07-28T07:17:03.920Z,-4.88,101.601,30,5.1,mwc,141,44.1,,0.9,us,usp000epr6,2016-11-10T01:26:15.362Z,"140 km SSW of Bengkulu, Indonesia",earthquake,,,,,reviewed,us,hrv
2006-07-28T07:11:38.610Z,41.186,20.405,0.2,2.6,md,10,324.6,,,us,usp000epr5,2014-11-07T01:29:47.812Z,"5 km ESE of Librazhd-Qendër, Albania",earthquake,,,,,reviewed,pdg,pdg
2006-07-28T06:51:28.300Z,37.74,20.85,5,3.5,md,5,212,,,us,usp000epr4,2014-11-07T01:29:47.811Z,"2 km ENE of Mouzaki, Greece",earthquake,,,,,reviewed,ath,ath
2006-07-28T05:49:23.000Z,-18.1,147.72,10,3.9,ml,4,306.2,,,us,usp000epr3,2014-11-07T01:29:47.810Z,"139 km ENE of Palm Island, Australia",earthquake,,,,,reviewed,aust,aust
2006-07-28T05:35:41.200Z,-9.929,107.886,10,4.8,mb,32,88.3,,0.71,us,usp000epr2,2014-11-07T01:29:47.806Z,"283 km S of Kawalu, Indonesia",earthquake,,,,7,reviewed,us,us
2006-07-28T04:58:25.269Z,51.9553,177.0213,3.6,2.9,ml,,,,0.62,ak,ak0069lq1r3y,2019-02-13T05:07:48.813Z,"279 km ESE of Attu Station, Alaska",earthquake,,0.1,,,reviewed,ak,ak
2006-07-28T04:52:28.720Z,5.124,95.753,18.9,4.4,mb,12,150,,0.64,us,usp000epr1,2014-11-07T01:29:47.805Z,"36 km SW of Sigli, Indonesia",earthquake,,,,1,reviewed,us,us
2006-07-28T04:41:00.240Z,3.174,96.201,30,4.1,mb,13,195.5,,1.09,us,usp000epr0,2014-11-07T01:29:47.803Z,"79 km NNW of Sinabang, Indonesia",earthquake,,,,1,reviewed,us,us
2006-07-28T04:35:22.660Z,59.012,-30.798,10,4.8,mwc,46,134,,1.07,us,usp000epqz,2016-11-10T01:26:14.852Z,"Reykjanes Ridge",earthquake,,,,,reviewed,us,hrv
2006-07-28T04:11:26.020Z,59.027,-30.805,10,4.3,mb,67,75.1,,0.86,us,usp000epqy,2014-11-07T01:29:47.789Z,"Reykjanes Ridge",earthquake,,,,27,reviewed,us,us
2006-07-28T04:10:37.960Z,36.297,69.882,114.3,4.9,mb,23,145.7,,1.34,us,usp000epqx,2014-11-07T01:29:47.740Z,"30 km S of Farkh?r, Afghanistan",earthquake,,23.8,,7,reviewed,us,us
2006-07-28T03:46:08.240Z,-2.691,138.215,35,3.6,mb,7,228.4,,0.38,us,usp000epqw,2014-11-07T01:29:47.738Z,"269 km W of Abepura, Indonesia",earthquake,,,,1,reviewed,us,us
2006-07-28T03:42:28.569Z,52.5315,-174.4062,204.6,2.9,ml,,,,0.3,ak,ak0069lpcwaw,2019-02-13T05:07:48.037Z,"39 km NNW of Atka, Alaska",earthquake,,1.4,,,reviewed,ak,ak
2006-07-28T03:42:13.220Z,38.8105,-122.7906667,2.713,2.44,md,38,36,0.003604,0.06,nc,nc21529419,2017-01-15T01:44:31.690Z,"6 km WSW of Cobb, California",earthquake,0.17,0.33,0.1,32,reviewed,nc,nc
2006-07-28T03:37:50.070Z,51.5202,-175.0283,25.2,2.9,ml,,,,0.32,ak,ak0069lpbvdr,2019-02-13T05:07:47.665Z,"94 km SW of Atka, Alaska",earthquake,,0.5,,,reviewed,ak,ak
2006-07-28T03:01:17.380Z,-9.944,107.763,10,3.9,mb,9,210.3,,0.94,us,usp000epqu,2014-11-07T01:29:47.682Z,"287 km S of Kawalu, Indonesia",earthquake,,,,2,reviewed,us,us
2006-07-28T02:58:38.060Z,-18.776,-173.395,50,4.6,mb,49,128.6,,0.95,us,usp000epqt,2014-11-07T01:29:47.565Z,"63 km ESE of Neiafu, Tonga",earthquake,,,,23,reviewed,us,us
2006-07-28T02:52:49.980Z,-52.791,160.097,18.9,5.1,mwc,37,132.5,,1,us,usp000epqs,2016-11-10T01:26:14.371Z,"Macquarie Island region",earthquake,,,,,reviewed,us,hrv
2006-07-28T02:45:28.053Z,51.0372,179.3299,8.4,2.4,ml,,,,0.15,ak,ak0069los3t1,2019-02-13T05:07:55.520Z,"295 km WSW of Adak, Alaska",earthquake,,0.3,,,reviewed,ak,ak
2006-07-28T02:44:06.950Z,35.5196667,-120.8338333,5.379,2.03,md,39,36,0.07207,0.11,nc,nc21529417,2017-01-15T01:44:15.240Z,"10 km NNE of Cayucos, California",earthquake,0.21,0.62,0.18,29,reviewed,nc,nc
2006-07-28T02:23:19.424Z,57.2857,-154.0883,31,2.1,ml,,,,0.17,ak,ak0069londdy,2019-02-13T05:07:46.963Z,"29 km SSW of Larsen Bay, Alaska",earthquake,,0.4,,,reviewed,ak,ak
2006-07-28T01:58:24.200Z,46.1963333,-122.1903333,-0.944,3.1,md,27,46,,0.12,uw,uw10703628,2016-07-22T22:21:28.710Z,"37 km NNE of Amboy, Washington",earthquake,0.014,0.01,0.03,6,reviewed,uw,uw
2006-07-28T01:42:56.040Z,18.917,-67.764,4.6,2.9,md,8,323.8,,,us,usp000epqq,2014-11-07T01:29:47.265Z,"77 km ENE of Punta Cana, Dominican Republic",earthquake,,,,,reviewed,rspr,rspr
2006-07-28T01:42:05.700Z,-4.468,143.47,85.2,5,mwc,121,30.3,,0.95,us,usp000epqp,2016-11-10T01:26:13.874Z,"77 km ESE of Ambunti, Papua New Guinea",earthquake,,,,,reviewed,us,hrv
2006-07-28T01:36:14.660Z,44.041,20.1,11,3.5,ml,69,43.2,,,us,usp000epqn,2014-11-07T01:29:47.225Z,"23 km SSW of Ljig, Serbia",earthquake,,,,,reviewed,pdg,buc
2006-07-28T01:34:27.400Z,38.11,23.07,4,2.6,ml,9,89.6,,,us,usp000epqm,2014-11-07T01:29:47.224Z,"13 km NE of Perachóra, Greece",earthquake,,,,,reviewed,ath,ath
2006-07-28T01:24:30.087Z,51.0075,179.3653,6.8,2.4,ml,,,,0.45,ak,ak0069lo26bk,2019-02-13T05:07:54.344Z,"294 km WSW of Adak, Alaska",earthquake,,0.1,,,reviewed,ak,ak
2006-07-28T01:20:30.070Z,-17.807,168.867,190.2,4.6,mb,45,105.5,,1.02,us,usp000epqk,2014-11-07T01:29:47.217Z,"59 km E of Port-Vila, Vanuatu",earthquake,,30.4,,21,reviewed,us,us
2006-07-28T01:15:34.090Z,20.3275,-156.6083333,31.906,2.64,ml,22,169,,0.13,hv,hv5512293,2020-03-31T21:49:46.720Z,"40 km SSW of M?kena, Hawaii",earthquake,1.15,3.35,0.29,2,reviewed,hv,hv
2006-07-28T00:39:42.000Z,15.774,-61.434,13,3.7,md,22,94.9,,,us,usp000epqj,2014-11-07T01:29:47.211Z,"17 km SW of Grand-Bourg, Guadeloupe",earthquake,,,,,reviewed,trn,trn
2006-07-28T00:31:12.340Z,8.77,-73.295,131.4,4.3,mb,44,65,,0.76,us,usp000epqh,2014-11-07T01:29:47.189Z,"30 km NW of El Tarra, Colombia",earthquake,,6.7,,14,reviewed,us,us
2006-07-28T00:01:51.160Z,15.917,92.796,10,4.3,mb,25,113.1,,0.59,us,usp000epqg,2014-11-07T01:29:47.185Z,"227 km WSW of Pathein, Myanmar",earthquake,,,,2,reviewed,us,us
2006-07-27T23:41:59.260Z,46.1971667,-122.1895,-0.914,3.3,md,43,42,,0.21,uw,uw10703463,2016-07-22T22:21:27.340Z,"37 km NNE of Amboy, Washington",earthquake,0.389,0.25,0.03,8,reviewed,uw,uw
2006-07-27T23:22:50.000Z,37.073,30.035,5,3.7,ml,47,84.7,,,us,usp000epqd,2014-11-07T01:29:47.126Z,"Western Turkey",earthquake,,,,,reviewed,isk,isk
2006-07-27T23:19:09.030Z,-9.595,107.356,11.2,5,mwc,86,44.9,,1.04,us,usp000epqc,2016-11-10T01:26:13.347Z,"261 km SSW of Singaparna, Indonesia",earthquake,,21.7,,,reviewed,us,hrv
2006-07-27T22:55:54.300Z,-9.707,107.315,8.9,4.9,mwc,104,61.8,,1.02,us,usp000epqb,2016-11-10T01:26:12.752Z,"274 km SSW of Singaparna, Indonesia",earthquake,,20.6,,,reviewed,us,hrv
2006-07-27T22:41:39.260Z,46.2008333,-122.1881667,-1.739,2.2,md,8,200,,0.35,uw,uw10703453,2016-07-22T22:21:26.980Z,"37 km NNE of Amboy, Washington",earthquake,0.139,0.45,0.04,1,reviewed,uw,uw
2006-07-27T22:35:06.060Z,41.941,140.051,188.1,4.1,mwr,44,140.5,,0.76,us,usp000epqa,2014-11-07T01:29:47.101Z,"51 km WNW of Kamiiso, Japan",earthquake,,6.4,,,reviewed,us,nied
2006-07-27T22:20:32.960Z,62.2911,-148.2224,8,2.4,ml,,,,0.46,ak,ak0069kd02w0,2019-02-13T05:07:38.786Z,"56 km NNE of Chickaloon, Alaska",earthquake,,0,,,reviewed,ak,ak
2006-07-27T22:02:29.330Z,44.056,-105.294,0,3.2,ml,12,164.9,,0.55,rusms,rusms00004154,2022-06-09T21:12:51.786Z,"22 km SSE of Sleepy Hollow, Wyoming",explosion,,,,,reviewed,us,us
2006-07-27T21:41:00.490Z,-9.875,108.08,10,4.7,mb,19,84.6,,0.92,us,usp000epq9,2014-11-07T01:29:47.099Z,"275 km SSW of Sidareja, Indonesia",earthquake,,,,7,reviewed,us,us
2006-07-27T21:37:00.290Z,46.7111667,-122.715,-0.803,2.4,md,4,164,0.04166,0.16,uw,uw10703443,2016-07-22T22:21:26.690Z,"15 km N of Onalaska, Washington",explosion,0.446,1.18,0.04,2,reviewed,uw,uw
2006-07-27T21:32:11.402Z,59.849,-147.791,16.3,2,ml,,,,0.44,ak,ak0069kch67o,2019-02-13T05:07:37.987Z,"27 km SSE of Chenega, Alaska",earthquake,,0.1,,,reviewed,ak,ak
2006-07-27T21:24:42.520Z,1.197,99.67,167.8,4.1,mb,13,178.3,,0.35,us,usp000epq8,2014-11-07T01:29:47.097Z,"northern Sumatra, Indonesia",earthquake,,7.5,,1,reviewed,us,us
2006-07-27T20:40:04.000Z,-37.48,175.96,287,4.4,m,41,235.8,,,us,usp000epq7,2014-11-07T01:29:47.094Z,"8 km NNE of Katikati, New Zealand",earthquake,,,,,reviewed,wel,wel
2006-07-27T20:39:09.800Z,37.73,20.87,18,3.2,md,5,210.9,,,us,usp000epq6,2014-11-07T01:29:47.093Z,"3 km S of Ambelókipoi, Greece",earthquake,,,,,reviewed,ath,ath
2006-07-27T20:23:26.380Z,-9.252,148.72,12.6,3.9,mb,12,203.9,,1.03,us,usp000epq5,2014-11-07T01:29:47.091Z,"75 km SE of Popondetta, Papua New Guinea",earthquake,,51.2,,2,reviewed,us,us
2006-07-27T20:17:25.760Z,43.959,20.008,9.2,2.6,md,25,90.9,,,us,usp000epq4,2014-11-07T01:29:47.088Z,"16 km NE of Užice, Serbia",earthquake,,,,,reviewed,pdg,pdg
2006-07-27T20:03:33.670Z,20.349,-156.5716667,30.585,4.4,md,47,161,,0.11,hv,hv5512212,2020-04-21T20:24:26.925Z,"36 km SSW of M?kena, Hawaii",earthquake,0.84,1.77,,,reviewed,hv,hv
2006-07-27T19:41:39.010Z,47.9006667,-119.0556667,0.009,2.7,md,20,107,0.3068,0.28,uw,uw10703403,2016-07-22T22:21:25.860Z,"3 km SSW of Electric City, Washington",earthquake,2.16,18.57,0.06,6,reviewed,uw,uw
2006-07-27T18:49:18.100Z,19.3328333,-155.0281667,40.402,2.37,ml,39,200,,0.09,hv,hv5512182,2020-03-31T21:49:46.020Z,"18 km SE of Fern Forest, Hawaii",earthquake,0.71,0.7,0.22,8,reviewed,hv,hv
2006-07-27T18:41:02.415Z,51.1609,-179.203,22.2,2,ml,,,,0.45,ak,ak0069kaqs5d,2019-02-13T05:07:44.321Z,"195 km WSW of Adak, Alaska",earthquake,,0.4,,,reviewed,ak,ak
2006-07-27T18:37:56.460Z,21.385,122.323,10,4.3,mb,12,152.5,,1.41,us,usp000epq1,2014-11-07T01:29:47.082Z,"109 km NNE of Basco, Philippines",earthquake,,0,,1,reviewed,us,us
2006-07-27T18:33:38.229Z,39.3478,-115.9689,16.4,2.3,ml,4,204.39,1.042,0.0303,nn,nn00186135,2018-04-24T20:34:17.241Z,"18 km S of Eureka, Nevada",earthquake,,19.8,,,reviewed,nn,nn
2006-07-27T18:27:08.050Z,36.1698333,-89.4751667,12.15,2.2,md,30,44,,0.05,nm,nm606087,2016-04-08T18:50:15.390Z,"10 km S of Ridgely, Tennessee",earthquake,0.3,0.7,0.078,6,reviewed,nm,nm
2006-07-27T18:12:49.040Z,19.803,121.415,31.5,5.1,mwc,96,57.1,,0.9,us,usp000epq0,2016-11-10T01:26:12.245Z,"92 km SW of Basco, Philippines",earthquake,,,,,reviewed,us,hrv
2006-07-27T18:06:01.570Z,43.757,-105.26,0,3.2,ml,21,116.2,,0.92,rusms,rusms00004153,2022-06-09T21:12:51.777Z,"18 km E of Wright, Wyoming",explosion,,,,,reviewed,us,us
2006-07-27T17:51:25.300Z,-36.623,-71.273,157.8,3.6,m,6,259.6,,,us,usp000eppz,2014-11-07T01:29:47.070Z,"49 km E of Coihueco, Chile",earthquake,,,,,reviewed,guc,guc
2006-07-27T17:36:14.580Z,0.684,-27.173,10,4.9,mwc,29,106.2,,1.09,us,usp000eppy,2016-11-10T01:26:11.737Z,"central Mid-Atlantic Ridge",earthquake,,,,,reviewed,us,hrv
2006-07-27T17:34:03.100Z,37,23.41,72,3.2,m,10,139,,,us,usp000eppx,2014-11-07T01:29:47.054Z,"36 km SE of Spétses, Greece",earthquake,,,,,reviewed,ath,ath
2006-07-27T16:47:41.830Z,-10.034,108.456,10,4.7,mb,28,85,,0.9,us,usp000eppw,2014-11-07T01:29:47.051Z,"279 km SSW of Kroya, Indonesia",earthquake,,,,18,reviewed,us,us
2006-07-27T16:45:37.100Z,36.2,22.02,5,3.3,md,5,227.4,,,us,usp000eppv,2014-11-07T01:29:47.049Z,"66 km S of Koróni, Greece",earthquake,,,,,reviewed,ath,ath
2006-07-27T14:31:42.390Z,60.5189,-145.3102,11.6,2,ml,,,,0.36,ak,ak0069k8aznj,2019-02-13T05:09:12.658Z,"24 km E of Cordova, Alaska",earthquake,,0.2,,,reviewed,ak,ak
2006-07-27T13:46:22.900Z,-33.735,-70.425,107.5,3.1,m,10,191.4,,,us,usp000eppu,2014-11-07T01:29:47.046Z,"19 km SE of Puente Alto, Chile",earthquake,,,,,reviewed,guc,guc
2006-07-27T13:25:58.785Z,61.166,-149.6931,27.5,2.2,ml,,,,0.47,ak,ak0069k7ob0m,2019-02-13T05:07:34.548Z,"10 km SSW of Elmendorf Air Force Base, Alaska",earthquake,,0,,,reviewed,ak,ak
2006-07-27T13:18:01.412Z,61.1554,-149.6776,36,4.7,mw,,,,0.59,ak,ak0069k7mokt,2019-06-28T18:48:18.963Z,"11 km SSW of Elmendorf Air Force Base, Alaska",earthquake,,0,,,reviewed,ak,ak
2006-07-27T13:08:26.200Z,42.952,6.802,2,2.9,ml,17,174.9,,,us,usp000epps,2014-11-07T01:29:47.019Z,"western Mediterranean Sea",earthquake,,,,,reviewed,ldg,ldg
2006-07-27T12:58:10.600Z,35.36,23.7,16,2.9,md,4,181.3,,,us,usp000eppr,2014-11-07T01:29:47.017Z,"Crete, Greece",earthquake,,,,,reviewed,ath,ath
2006-07-27T12:32:09.300Z,-31.713,-69.779,117.7,3.4,m,4,163,,,us,usp000eppq,2014-11-07T01:29:47.015Z,"San Juan, Argentina",earthquake,,,,,reviewed,guc,guc
2006-07-27T12:24:57.580Z,-16.593,-173.653,15,4.7,mb,36,139.6,,1.02,us,usp000eppp,2014-11-07T01:29:47.011Z,"72 km SSE of Hihifo, Tonga",earthquake,,0,,9,reviewed,us,us
2006-07-27T12:12:56.150Z,36.912,-4.944,10.3,3.7,mblg,63,64.5,,,us,usp000eppn,2014-11-07T01:29:46.967Z,"8 km SSW of Teba, Spain",earthquake,,,,,reviewed,mdd,mdd
2006-07-27T12:04:38.090Z,33.0648333,-115.9513333,1.547,2.36,ml,29,40,0.1198,0.27,ci,ci14243208,2016-03-09T06:33:28.554Z,"19km ESE of Ocotillo Wells, CA",earthquake,0.42,1.03,0.128,89,reviewed,ci,ci
2006-07-27T11:16:40.370Z,1.707,97.146,20,6.3,mwc,269,26,,0.81,us,usp000eppm,2022-07-14T10:31:04.519Z,"96 km SW of Singkil, Indonesia",earthquake,,,,,reviewed,us,hrv
2006-07-27T11:12:26.548Z,50.1354,-179.8856,16.6,3.2,ml,,,,0.72,ak,ak0069k6el0e,2019-02-13T05:07:33.594Z,"299 km SW of Adak, Alaska",earthquake,,0.8,,,reviewed,ak,ak
2006-07-27T10:38:50.000Z,-30.928,139.276,10,3.9,ml,16,74.1,,,us,usp000eppk,2014-11-07T01:29:46.929Z,"196 km NE of Quorn, Australia",earthquake,,,,,reviewed,aust,aust
2006-07-27T10:37:49.832Z,54.8571,-160.3756,14.8,2.1,ml,,,,0.32,ak,ak0069k5yk3r,2019-02-13T05:07:42.374Z,"53 km S of Sand Point, Alaska",earthquake,,0.4,,,reviewed,ak,ak
2006-07-27T10:23:53.447Z,54.2884,-164.4207,80.9,2.3,ml,,,,0.37,ak,ak0069k5vkcw,2019-02-13T05:07:41.953Z,"90 km E of Akutan, Alaska",earthquake,,0.3,,,reviewed,ak,ak
2006-07-27T10:13:40.410Z,-8.918,108.101,10,4.3,mb,11,205.6,,0.88,us,usp000eppj,2014-11-07T01:29:46.928Z,"Java, Indonesia",earthquake,,,,2,reviewed,us,us
2006-07-27T10:04:32.400Z,-32.247,-71.65,35,3,ml,4,200,,,us,usp000epph,2014-11-07T01:29:46.926Z,"45 km WNW of La Ligua, Chile",earthquake,,,,,reviewed,guc,guc
2006-07-27T09:51:56.100Z,1.219,124.372,224.7,4,mb,8,183,,0.25,us,usp000eppg,2014-11-07T01:29:46.925Z,"49 km WSW of Tomohon, Indonesia",earthquake,,63.2,,2,reviewed,us,us
2006-07-27T09:24:07.500Z,36.56,26.86,129,3.5,m,15,61.5,,,us,usp000eppf,2014-11-07T01:29:46.923Z,"22 km SSW of Kéfalos, Greece",earthquake,,,,,reviewed,ath,csem
2006-07-27T09:21:36.180Z,36.9196667,-121.6668333,10.713,2.55,md,84,48,0.01261,0.09,nc,nc21529277,2017-01-15T01:39:10.190Z,"4 km NNW of Aromas, California",earthquake,0.14,0.28,0.14,95,reviewed,nc,nc
2006-07-27T09:16:17.400Z,-35.258,-72.342,45.6,3.2,m,5,245.6,,,us,usp000eppd,2014-11-07T01:29:46.920Z,"Near the coast of Maule, Chile",earthquake,,,,,reviewed,guc,guc
2006-07-27T09:08:05.110Z,-32.445,-177.19,10,4.5,mb,10,298.5,,0.73,us,usp000eppc,2014-11-07T01:29:46.919Z,"south of the Kermadec Islands",earthquake,,0,,1,reviewed,us,us
2006-07-27T09:03:58.706Z,51.437,-175.8814,22,3,ml,,,,0.68,ak,ak0069k55uu6,2019-02-13T05:07:32.402Z,"71 km SE of Adak, Alaska",earthquake,,0.2,,,reviewed,ak,ak
2006-07-27T08:51:55.110Z,17.857,-65.654,7.8,2.7,md,6,230.4,,,us,usp000eppb,2014-11-07T01:29:46.917Z,"28 km SE of El Negro, Puerto Rico",earthquake,,,,,reviewed,rspr,rspr
2006-07-27T08:17:00.730Z,40.255,-1.013,10.4,2.8,ml,17,76.7,,,us,usp000eppa,2014-11-07T01:29:46.914Z,"7 km NE of Cubla, Spain",earthquake,,,,,reviewed,mdd,ldg
2006-07-27T08:14:19.636Z,52.4053,-174.4226,177.6,3.4,ml,,,,0.38,ak,ak0069k4mp3f,2019-02-13T05:07:31.606Z,"27 km NNW of Atka, Alaska",earthquake,,0.6,,,reviewed,ak,ak
2006-07-27T08:02:06.390Z,11.631,92.894,30,4.8,mb,28,85,,0.83,us,usp000epp9,2014-11-07T01:29:46.910Z,"16 km ESE of Port Blair, India",earthquake,,,,5,reviewed,us,us
2006-07-27T07:35:40.928Z,51.1874,-179.1575,23.6,3.6,ml,,,,0.64,ak,ak0069k45t64,2019-02-13T05:07:31.202Z,"191 km WSW of Adak, Alaska",earthquake,,0.6,,,reviewed,ak,ak
2006-07-27T07:18:48.580Z,-15.969,-173.369,10,4.8,mb,14,156.7,,0.73,us,usp000epp8,2014-11-07T01:29:46.908Z,"45 km E of Hihifo, Tonga",earthquake,,0,,3,reviewed,us,us
2006-07-27T07:12:56.000Z,-41.5,-90.5,10,5.1,mwc,,,,,gcmt,gcmtc200607270712a,2016-11-10T01:26:10.702Z,"southeast of Easter Island",earthquake,,,,,automatic,gcmt,gcmt
2006-07-27T06:30:35.380Z,-61.323,-56.179,10,4.9,mb,12,138.2,,1.02,us,usp000epp7,2014-11-07T01:29:46.906Z,"South Shetland Islands",earthquake,,,,1,reviewed,us,us
2006-07-27T06:01:09.830Z,-2.917,141.426,35,4.4,mb,9,148.6,,0.29,us,usp000epp6,2014-11-07T01:29:46.904Z,"29 km SSE of Vanimo, Papua New Guinea",earthquake,,,,2,reviewed,us,us
2006-07-27T05:31:18.675Z,54.8001,-160.5962,9.8,2.8,ml,,,,0.33,ak,ak0069k2y1dn,2019-02-13T05:07:30.410Z,"60 km S of Sand Point, Alaska",earthquake,,0.1,,,reviewed,ak,ak
2006-07-27T05:27:05.950Z,60.5546,-147.1365,6.1,2,ml,,,,0.56,ak,ak0069k2x5j7,2019-02-13T05:07:29.977Z,"42 km SW of Tatitlek, Alaska",earthquake,,0,,,reviewed,ak,ak
2006-07-27T05:17:40.430Z,18.403,-66.282,116.7,3.2,md,14,189.1,,,us,usp000epp5,2014-11-07T01:29:46.902Z,"1 km WNW of Río Lajas, Puerto Rico",earthquake,,,,,reviewed,rspr,rspr
2006-07-27T04:56:08.910Z,-8.46,158.928,99.5,3.5,mb,9,168,,0.95,us,usp000epp4,2014-11-07T01:29:46.900Z,"81 km WSW of Buala, Solomon Islands",earthquake,,,,2,reviewed,us,us
2006-07-27T04:35:29.160Z,18.552,-66.807,13.9,3,md,15,233,,,us,usp000epp3,2014-11-07T01:29:46.898Z,"7 km NNE of Hatillo, Puerto Rico",earthquake,,,,,reviewed,rspr,rspr
2006-07-27T04:10:24.468Z,63.8659,-148.7031,116.5,2,ml,,,,0.36,ak,ak0069k2846m,2019-02-13T05:07:29.166Z,"12 km E of Healy, Alaska",earthquake,,0,,,reviewed,ak,ak
2006-07-27T03:59:20.430Z,-4.645,142.438,86.1,4.5,mb,19,144.8,,0.75,us,usp000epp2,2014-11-07T01:29:46.895Z,"63 km SW of Ambunti, Papua New Guinea",earthquake,,13.4,,3,reviewed,us,us
2006-07-27T03:48:03.450Z,-9.778,107.75,10,4.9,mb,27,88,,0.77,us,usp000epp1,2014-11-07T01:29:46.893Z,"269 km S of Kawalu, Indonesia",earthquake,,,,6,reviewed,us,us
2006-07-27T03:17:10.050Z,6.622,125.802,69.3,4,mb,10,185.8,,1.08,us,usp000epp0,2014-11-07T01:29:46.891Z,"Mindanao, Philippines",earthquake,,12.5,,3,reviewed,us,us
2006-07-27T03:03:28.920Z,20.028,-45.731,10,4.1,mb,23,92.8,,0.67,us,usp000epnz,2014-11-07T01:29:46.889Z,"northern Mid-Atlantic Ridge",earthquake,,,,16,reviewed,us,us
2006-07-27T02:54:16.300Z,18.367,-64.613,132.6,3.6,md,9,249.5,,,us,usp000epny,2014-11-07T01:29:46.887Z,"19 km ENE of Cruz Bay, U.S. Virgin Islands",earthquake,,,,,reviewed,rspr,rspr
2006-07-27T02:47:29.370Z,20.044,-45.73,10,4.5,mb,39,92.8,,0.59,us,usp000epnx,2014-11-07T01:29:46.884Z,"northern Mid-Atlantic Ridge",earthquake,,,,23,reviewed,us,us
2006-07-27T02:24:06.210Z,19.253,-68.813,11.6,3.7,md,14,335.9,,,us,usp000epnw,2014-11-07T01:29:46.881Z,"38 km NE of Miches, Dominican Republic",earthquake,,,,,reviewed,rspr,rspr
2006-07-27T02:20:00.110Z,50.271,176.6611,38.6,3.2,ml,,,,0.95,ak,ak0069k13c97,2019-02-13T05:07:39.919Z,"Rat Islands, Aleutian Islands, Alaska",earthquake,,8.8,,,reviewed,ak,ak
2006-07-27T02:08:14.800Z,40.2,24.4,14,3,md,5,160.9,,,us,usp000epnv,2014-11-07T01:29:46.879Z,"14 km ESE of Karyes, Greece",earthquake,,,,,reviewed,ath,ath
2006-07-27T01:40:51.490Z,-5.261,150.325,70.3,4.2,mb,12,187.6,,1.03,us,usp000epnu,2014-11-07T01:29:46.878Z,"38 km NNE of Kimbe, Papua New Guinea",earthquake,,21.4,,3,reviewed,us,us
2006-07-27T01:39:23.450Z,-15.634,-71.598,146.4,4.6,mb,42,86.3,,0.99,us,usp000epnt,2014-11-07T01:29:46.874Z,"0 km NE of Chivay, Peru",earthquake,,,,9,reviewed,us,us
2006-07-27T01:37:53.898Z,59.7944,-152.2089,65.3,2.1,ml,,,,0.34,ak,ak0069k0lnz1,2019-02-13T05:07:28.426Z,"21 km W of Anchor Point, Alaska",earthquake,,0.1,,,reviewed,ak,ak
2006-07-27T01:33:38.280Z,-17.52,-178.877,541.6,4.1,mb,61,116.8,,0.89,us,usp000epns,2014-11-07T01:29:46.867Z,"200 km ENE of Levuka, Fiji",earthquake,,9.5,,22,reviewed,us,us
2006-07-27T01:01:42.010Z,10.411,142.031,26.5,5.5,mwc,116,52.5,,1.04,us,usp000epnr,2022-05-02T15:34:35.342Z,"180 km ENE of Fais, Micronesia",earthquake,,,,,reviewed,us,hrv
2006-07-27T00:59:24.800Z,-37.87,176.38,165,4,m,27,215.2,,,us,usp000epnq,2014-11-07T01:29:46.839Z,"13 km SSW of Maketu, New Zealand",earthquake,,,,,reviewed,wel,wel
2006-07-27T00:44:14.100Z,-9.828,108.251,10,3.8,mb,10,203,,0.72,us,usp000epnp,2014-11-07T01:29:46.838Z,"265 km SSW of Sidareja, Indonesia",earthquake,,,,2,reviewed,us,us
2006-07-27T00:34:38.300Z,-23.892,69.582,10,4,mb,14,73.4,,0.59,us,usp000epnn,2014-11-07T01:29:46.836Z,"Mid-Indian Ridge",earthquake,,,,4,reviewed,us,us
2006-07-27T00:21:43.500Z,-37.43,179.83,12,3.9,ml,14,316.3,,,us,usp000epnm,2014-11-07T01:29:46.834Z,"210 km NE of Gisborne, New Zealand",earthquake,,,,,reviewed,wel,wel
2006-07-27T00:17:12.310Z,-17.588,-178.726,554.1,4.5,mb,20,169.5,,0.69,us,usp000epnk,2014-11-07T01:29:46.832Z,"214 km ENE of Levuka, Fiji",earthquake,,11.2,,7,reviewed,us,us
2006-07-27T00:15:20.021Z,51.707,-177.4381,68.1,2.4,ml,,,,0.2,ak,ak0069jzvg02,2019-02-13T05:07:27.660Z,"58 km WSW of Adak, Alaska",earthquake,,0.1,,,reviewed,ak,ak
2006-07-27T00:15:12.611Z,58.2319,-151.5169,28.6,2.8,ml,,,,0.46,ak,ak0069jzvffh,2019-02-13T05:07:27.239Z,"67 km ENE of Ouzinkie, Alaska",earthquake,,0.7,,,reviewed,ak,ak
2006-07-27T00:06:15.560Z,50.345,18.844,5,3.5,ml,47,45.6,,1.09,us,usp000epnh,2014-11-07T01:29:46.824Z,"4 km ENE of Zabrze, Poland",earthquake,,,,,reviewed,us,buc
2006-07-26T23:44:07.600Z,35.701,71.346,35,3.7,mb,11,236,,0.6,us,usp000epng,2014-11-07T01:29:46.823Z,"49 km NE of P?r?n, Afghanistan",earthquake,,,,1,reviewed,us,us
2006-07-26T23:21:24.324Z,52.0801,177.145,6.8,2.6,ml,,,,0.34,ak,ak0069iq2d1s,2019-02-13T05:07:26.862Z,"282 km ESE of Attu Station, Alaska",earthquake,,1.1,,,reviewed,ak,ak
2006-07-26T23:02:42.200Z,-9.24,108.578,10,4,mb,14,114.4,,0.31,us,usp000epnf,2014-11-07T01:29:46.821Z,"192 km SSW of Kroya, Indonesia",earthquake,,,,3,reviewed,us,us
2006-07-26T23:01:00.080Z,46.1986667,-122.1861667,-1.842,2.3,md,10,80,,0.55,uw,uw10703133,2016-07-22T22:21:23.470Z,"37 km NNE of Amboy, Washington",earthquake,0.094,0.57,0.04,2,reviewed,uw,uw
2006-07-26T22:51:10.183Z,63.1083,-150.8807,121.4,2,ml,,,,0.38,ak,ak0069ipnbu2,2019-02-13T05:07:14.299Z,"64 km SE of Denali National Park, Alaska",earthquake,,0.3,,,reviewed,ak,ak
2006-07-26T22:22:38.470Z,13.671,145.963,44.6,4.5,mb,33,98.7,,0.97,us,usp000epne,2014-11-07T01:29:46.817Z,"117 km E of Yigo Village, Guam",earthquake,,17.7,,11,reviewed,us,us
2006-07-26T22:12:35.500Z,36.41,22.14,37,4,md,48,144.5,,,us,usp000epnd,2014-11-07T01:29:46.813Z,"45 km SSE of Koróni, Greece",earthquake,,,,,reviewed,ath,ath
2006-07-26T22:07:23.130Z,46.7688333,-122.8143333,3.763,2.4,md,5,137,0.1251,0.07,uw,uw10703083,2016-07-22T22:21:23.110Z,"5 km SE of Bucoda, Washington",explosion,0.809,1.9,0.03,3,reviewed,uw,uw
2006-07-26T21:59:34.220Z,-30.661,-178.909,223.1,4.3,mb,14,147,,1.03,us,usp000epnc,2014-11-07T01:29:46.811Z,"Kermadec Islands, New Zealand",earthquake,,11.1,,3,reviewed,us,us
2006-07-26T21:58:37.159Z,52.1723,-170.372,32.2,2.4,ml,,,,0.58,ak,ak0069ip3gbn,2019-02-13T05:07:26.093Z,"133 km SW of Nikolski, Alaska",earthquake,,15.6,,,reviewed,ak,ak
2006-07-26T21:52:37.720Z,35.117,-4.009,0,2.7,mblg,33,265.6,,,us,usp000epnb,2014-11-07T01:29:46.798Z,"14 km SSW of Tirhanimîne, Morocco",earthquake,,,,,reviewed,mdd,mdd
2006-07-26T21:36:41.050Z,15.309,-60.556,65,4,md,11,233,,,us,usp000epna,2014-11-07T01:29:46.796Z,"74 km E of La Plaine, Dominica",earthquake,,,,,reviewed,trn,trn
2006-07-26T21:27:10.480Z,6.964,92.425,25.8,4.3,mb,20,105.2,,0.97,us,usp000epn9,2014-11-07T01:29:46.792Z,"Nicobar Islands, India region",earthquake,,,,4,reviewed,us,us
2006-07-26T21:07:25.400Z,38.33,22.22,24,2.7,md,7,98.1,,,us,usp000epn8,2014-11-07T01:29:46.790Z,"13 km NE of Témeni, Greece",earthquake,,,,,reviewed,ath,ath
2006-07-26T20:58:43.180Z,38.9758333,-122.9391667,15.095,2.09,md,8,97,0.09009,0.2,nc,nc21529561,2017-01-15T01:36:17.598Z,"7 km SSW of Lakeport, California",earthquake,0.78,1.42,0.174,9,reviewed,nc,nc
2006-07-26T20:55:30.120Z,37.074,141.686,10,4.3,mwr,43,120.2,,0.87,us,usp000epn7,2014-11-07T01:29:46.785Z,"71 km E of Iwaki, Japan",earthquake,,,,,reviewed,us,nied
2006-07-26T20:51:06.760Z,43.649,130.585,563.1,4.4,mb,45,73.3,,0.84,us,usp000epn6,2014-11-07T01:29:46.778Z,"62 km SW of Dongning, China",earthquake,,5.5,,22,reviewed,us,us
2006-07-26T20:27:53.190Z,50.319,18.906,5,2.5,m,7,182.5,,1.23,us,usp000epn5,2014-11-07T01:29:46.776Z,"2 km NNW of ?wi?toch?owice, Poland",earthquake,,,,,reviewed,us,war
2006-07-26T20:00:52.812Z,51.3835,178.7642,38.6,2.5,ml,,,,0.23,ak,ak0069io5me9,2019-02-13T05:07:25.270Z,"Rat Islands, Aleutian Islands, Alaska",earthquake,,0.5,,,reviewed,ak,ak
2006-07-26T19:50:59.330Z,36.6316667,-121.2491667,9.778,2.76,md,77,39,0.05676,0.06,nc,nc21529225,2017-01-15T01:36:02.580Z,"18 km SSE of Tres Pinos, California",earthquake,0.1,0.25,0.13,100,reviewed,nc,nc
2006-07-26T19:23:59.900Z,37.69,20.86,5,3.1,md,4,215.7,,,us,usp000epn3,2014-11-07T01:29:46.773Z,"4 km SE of Lithakiá, Greece",earthquake,,,,,reviewed,ath,ath
2006-07-26T19:16:36.570Z,-8.383,119.126,123.2,4.3,mb,8,172.4,,0.27,us,usp000epn2,2014-11-07T01:29:46.772Z,"44 km E of Bima, Indonesia",earthquake,,30.3,,2,reviewed,us,us
2006-07-26T18:09:58.810Z,40.6628333,-124.1895,19.977,2.61,md,20,159,0.1973,0.1,nc,nc21529203,2017-01-15T01:34:48.660Z,"3 km NE of Loleta, California",earthquake,0.35,0.33,0.18,22,reviewed,nc,nc
2006-07-26T18:06:20.690Z,-3.112,-80.119,50,4.1,mb,9,119.5,,1.34,us,usp000epn1,2014-11-07T01:29:46.767Z,"21 km NW of Puerto Bolívar, Ecuador",earthquake,,0,,2,reviewed,us,us
2006-07-26T18:06:04.530Z,-9.55,107.151,10,4.5,mb,17,131.9,,0.71,us,usp000epn0,2014-11-07T01:29:46.765Z,"262 km S of Banjar, Indonesia",earthquake,,,,8,reviewed,us,us
2006-07-26T18:00:58.300Z,36.33,21.9,25,3.1,md,4,245.9,,,us,usp000epmz,2014-11-07T01:29:46.764Z,"51 km S of Koróni, Greece",earthquake,,,,,reviewed,ath,ath
2006-07-26T17:34:46.000Z,47.38,-114.37,10.1,3.3,ml,22,73.6,,,us,usp000epmy,2014-11-07T01:29:46.761Z,"7 km NW of Old Agency, Montana",earthquake,,,,,reviewed,but,but
2006-07-26T17:06:05.470Z,-17.997,-178.494,587.1,4.1,mb,32,138.8,,0.71,us,usp000epmx,2014-11-07T01:29:46.758Z,"231 km E of Levuka, Fiji",earthquake,,27.3,,13,reviewed,us,us
2006-07-26T16:34:56.660Z,19.0265,-155.546,35.704,2.08,ml,25,292,,0.13,hv,hv5511834,2020-03-31T21:49:44.770Z,"5 km SE of Naalehu, Hawaii",other event,1.35,1.59,0.1,7,reviewed,hv,hv
2006-07-26T16:30:30.620Z,-20.384,-175.442,15,4.8,mb,25,84.1,,1.31,us,usp000epmw,2014-11-07T01:29:46.754Z,"87 km NNW of Nuku‘alofa, Tonga",earthquake,,0,,10,reviewed,us,us
2006-07-26T16:20:28.290Z,35.244,-6,65.9,3.2,m,14,259.7,,,us,usp000epmv,2014-11-07T01:29:46.751Z,"15 km ENE of Larache, Morocco",earthquake,,,,,reviewed,mdd,mdd
2006-07-26T16:07:34.240Z,-4.798,153.886,141.6,4.6,mb,14,219.5,,1.36,us,usp000epmu,2014-11-07T01:29:46.750Z,"186 km ESE of Kokopo, Papua New Guinea",earthquake,,36.2,,4,reviewed,us,us
2006-07-26T15:41:29.310Z,17.093,146.02,45.7,4.3,mb,17,103.7,,1,us,usp000epmt,2014-11-07T01:29:46.748Z,"210 km N of Saipan, Northern Mariana Islands",earthquake,,17.7,,5,reviewed,us,us
2006-07-26T15:23:52.090Z,1.819,97.091,41.7,4.7,mb,29,179.8,,0.79,us,usp000epms,2014-11-07T01:29:46.745Z,"93 km WSW of Singkil, Indonesia",earthquake,,17.6,,8,reviewed,us,us
2006-07-26T14:43:23.829Z,59.4878,-153.0757,108.7,2,ml,,,,0.36,ak,ak0069iku6bi,2019-02-13T05:07:23.089Z,"67 km ESE of Pedro Bay, Alaska",earthquake,,0.3,,,reviewed,ak,ak
2006-07-26T14:33:00.000Z,38.98,20.66,7,3.8,md,28,133.9,,,us,usp000epmp,2014-11-07T01:29:46.738Z,"8 km WNW of Préveza, Greece",earthquake,,,,,reviewed,ath,ath
2006-07-26T13:42:18.535Z,59.8659,-152.333,79.3,2,ml,,,,0.47,ak,ak0069ik8il9,2019-02-13T05:07:22.347Z,"29 km WNW of Anchor Point, Alaska",earthquake,,0.1,,,reviewed,ak,ak
2006-07-26T13:39:35.400Z,36.8296667,-121.5546667,4.774,2.44,md,65,37,0.02072,0.12,nc,nc21529181,2017-01-15T01:34:12.050Z,"2 km SW of San Juan Bautista, California",earthquake,0.17,0.25,0.11,65,reviewed,nc,nc
2006-07-26T13:36:15.330Z,52.7298,-164.0561,32.8,2.7,ml,,,,0.37,ak,ak0069ik781p,2019-02-13T05:07:21.625Z,"193 km SE of Akutan, Alaska",earthquake,,1.6,,,reviewed,ak,ak
2006-07-26T13:34:29.264Z,52.0187,177.4241,4.7,2.5,ml,,,,0.33,ak,ak0069ik6tou,2019-02-13T05:07:11.088Z,"Rat Islands, Aleutian Islands, Alaska",earthquake,,2.6,,,reviewed,ak,ak
2006-07-26T13:17:09.328Z,52.0145,177.1242,7,2.5,ml,,,,0.46,ak,ak0069ik34z8,2019-02-13T05:07:10.683Z,"283 km ESE of Attu Station, Alaska",earthquake,,0.5,,,reviewed,ak,ak
2006-07-26T13:02:49.800Z,-32.734,-69.523,139,2.6,m,6,309.9,,,us,usp000epmm,2014-11-07T01:29:46.733Z,"67 km WNW of Mendoza, Argentina",earthquake,,,,,reviewed,guc,guc
2006-07-26T12:48:06.090Z,50.3397,-176.1714,1,2.1,ml,,,,0.23,ak,ak0069ijocbl,2019-02-13T05:07:21.264Z,"173 km S of Adak, Alaska",earthquake,,0,,,reviewed,ak,ak
2006-07-26T12:26:48.620Z,59.083,-30.659,10,3.8,mb,6,181.3,,1.46,us,usp000epmk,2014-11-07T01:29:46.732Z,"Reykjanes Ridge",earthquake,,,,1,reviewed,us,us
2006-07-26T12:01:03.531Z,58.5707,-151.9826,35.8,2.2,ml,,,,0.32,ak,ak0069ije9gx,2019-02-13T05:07:10.269Z,"78 km NNE of Ouzinkie, Alaska",earthquake,,0.1,,,reviewed,ak,ak
2006-07-26T11:42:12.100Z,42.02,2.56,5,2.5,ml,7,269.2,,,us,usp000epmj,2014-11-07T01:29:46.731Z,"4 km SSE of les Planes d'Hostoles, Spain",earthquake,,,,,reviewed,str,str
2006-07-26T11:22:24.900Z,-37.154,-71.598,110.8,3.8,m,9,152.1,,,us,usp000epmh,2014-11-07T01:29:46.729Z,"61 km SSE of Coihueco, Chile",earthquake,,,,,reviewed,guc,guc
2006-07-26T11:18:45.580Z,-22.564,-179.574,647.7,4.7,mb,20,145.7,,1.05,us,usp000epmg,2014-11-07T01:29:46.727Z,"south of the Fiji Islands",earthquake,,43.5,,9,reviewed,us,us
2006-07-26T11:15:56.431Z,59.9617,-151.6481,66,2.6,ml,,,,0.43,ak,ak0069iivxyz,2019-02-13T05:07:09.755Z,"4 km ENE of Happy Valley, Alaska",earthquake,,0,,,reviewed,ak,ak
2006-07-26T10:54:45.126Z,51.1148,179.3894,8.8,2.3,ml,,,,0.28,ak,ak0069iiiuf4,2019-02-13T05:07:09.364Z,"288 km WSW of Adak, Alaska",earthquake,,0.7,,,reviewed,ak,ak
2006-07-26T10:50:58.576Z,51.0595,179.1791,16.6,3.1,ml,,,,0.41,ak,ak0069iii0ld,2019-02-13T05:07:08.946Z,"Rat Islands, Aleutian Islands, Alaska",earthquake,,0.2,,,reviewed,ak,ak
2006-07-26T10:50:47.730Z,6.78,-73.025,158.3,4.1,mb,15,100.8,,0.63,us,usp000epme,2014-11-07T01:29:46.723Z,"6 km WNW of Cepitá, Colombia",earthquake,,8.7,,4,reviewed,us,us
2006-07-26T10:34:14.670Z,-11.36,166.311,76.6,4.4,mb,23,155.6,,0.82,us,usp000epmd,2014-11-07T01:29:46.720Z,"89 km SE of Lata, Solomon Islands",earthquake,,18.4,,13,reviewed,us,us
2006-07-26T10:15:49.030Z,-7.688,30.322,10,4.3,mb,10,159.3,,0.98,us,usp000epmc,2014-11-07T01:29:46.718Z,"42 km SW of Kirando, Tanzania",earthquake,,,,2,reviewed,us,us
2006-07-26T09:31:20.800Z,-35.565,-71.255,93.7,3.4,m,13,207.2,,,us,usp000epmb,2014-11-07T01:29:46.715Z,"19 km NE of Colbún, Chile",earthquake,,,,,reviewed,guc,guc
2006-07-26T09:14:14.960Z,45.568,26.571,100.6,3.4,md,7,128.4,,,us,usp000epma,2014-11-07T01:29:46.714Z,"9 km N of Lop?tari, Romania",earthquake,,,,,reviewed,buc,irsa
2006-07-26T09:05:29.124Z,64.8353,-147.5125,10.5,2.2,ml,,,,0.47,ak,ak0069ihmvhs,2019-02-13T05:07:07.867Z,"Central Alaska",earthquake,,0,,,reviewed,ak,ak
2006-07-26T08:54:17.893Z,51.3833,-176.101,22.8,2,ml,,,,0.54,ak,ak0069ihbx3x,2019-02-13T05:07:07.520Z,"Andreanof Islands, Aleutian Islands, Alaska",earthquake,,0.6,,,reviewed,ak,ak
2006-07-26T08:29:08.276Z,52.1783,-170.051,9.1,2.9,ml,,,,0.82,ak,ak0069ih6jgr,2019-02-13T05:07:19.040Z,"116 km SW of Nikolski, Alaska",earthquake,,18.9,,,reviewed,ak,ak
2006-07-26T08:26:47.435Z,59.8588,-151.7826,58.1,2.2,ml,,,,0.58,ak,ak0069ih5zc7,2019-02-13T05:07:07.138Z,"9 km NNE of Anchor Point, Alaska",earthquake,,0.1,,,reviewed,ak,ak
2006-07-26T07:59:19.880Z,19.3525,-155.4736667,8.981,2,ml,38,67,,0.11,hv,hv5511750,2020-03-31T21:49:43.970Z,"16 km N of P?hala, Hawaii",earthquake,0.33,0.43,0.16,10,reviewed,hv,hv
2006-07-26T07:46:40.150Z,-4.859,153.814,134.1,4.5,mb,14,242.9,,0.7,us,usp000epm8,2014-11-07T01:29:46.711Z,"180 km ESE of Kokopo, Papua New Guinea",earthquake,,,,8,reviewed,us,us
2006-07-26T06:35:11.090Z,52.8385,-174.5512,208.7,2.9,ml,,,,0.83,ak,ak0069ig0yrp,2019-02-13T05:07:06.392Z,"75 km NNW of Atka, Alaska",earthquake,,1.2,,,reviewed,ak,ak
2006-07-26T06:26:00.900Z,-30.3,-71.596,25.8,3.9,ml,7,220.8,,,us,usp000epm7,2014-11-07T01:29:46.709Z,"45 km SSW of Coquimbo, Chile",earthquake,,,,,reviewed,guc,guc
2006-07-26T05:59:44.110Z,19.2798333,-155.4726667,7.512,2.17,ml,37,86,,0.12,hv,hv5511744,2020-03-31T21:49:43.440Z,"8 km N of P?hala, Hawaii",earthquake,0.33,0.58,0.27,11,reviewed,hv,hv
2006-07-26T05:31:00.378Z,63.2122,-150.6602,132.7,2.3,ml,,,,0.44,ak,ak0069ifenh1,2019-02-13T05:07:05.966Z,"64 km SE of Denali National Park, Alaska",earthquake,,0.1,,,reviewed,ak,ak
2006-07-26T05:26:32.400Z,35.48,22.84,23,3.6,md,4,243.4,,,us,usp000epm6,2014-11-07T01:29:46.708Z,"73 km W of Kíssamos, Greece",earthquake,,,,,reviewed,ath,ath
2006-07-26T05:18:45.000Z,39.01,20.66,38,3.3,md,4,132.9,,,us,usp000epm5,2014-11-07T01:29:46.707Z,"9 km NW of Préveza, Greece",earthquake,,,,,reviewed,ath,ath
2006-07-26T04:43:42.390Z,46.197,-122.1891667,-1.274,3.1,md,30,47,,0.13,uw,uw10702843,2016-07-22T22:21:19.650Z,"37 km NNE of Amboy, Washington",earthquake,0.248,0.19,0.03,7,reviewed,uw,uw
2006-07-26T04:39:27.800Z,43.524,3.181,5,2.5,ml,20,90.5,,,us,usp000epm3,2014-11-07T01:29:46.701Z,"1 km W of Laurens, France",earthquake,,,,,reviewed,ldg,ldg
2006-07-26T04:38:51.600Z,-24.156,-67.094,166.4,4,mb,26,114.1,,0.76,us,usp000epm2,2014-11-07T01:29:46.699Z,"79 km W of San Antonio de los Cobres, Argentina",earthquake,,7.8,,13,reviewed,us,us
2006-07-26T04:22:58.180Z,-30.789,-178.234,99.7,3.6,mb,12,159.2,,1.32,us,usp000epm1,2014-11-07T01:29:46.697Z,"Kermadec Islands, New Zealand",earthquake,,11.8,,1,reviewed,us,us
2006-07-26T04:13:13.968Z,52.1186,177.1937,10,2.5,ml,,,,0.4,ak,ak0069iepe10,2019-02-13T05:07:05.614Z,"284 km ESE of Attu Station, Alaska",earthquake,,1,,,reviewed,ak,ak
2006-07-26T04:04:10.210Z,-42.807,83.509,10,4.9,mwc,12,81,,1.02,us,usp000epm0,2016-11-10T01:26:09.704Z,"Mid-Indian Ridge",earthquake,,,,,reviewed,us,hrv
2006-07-26T03:57:24.430Z,51.549,16.262,5,2.7,m,24,87.8,,0.78,us,usp000epkz,2014-11-07T01:29:46.691Z,"4 km N of Rudna, Poland",earthquake,,,,,reviewed,us,war
2006-07-26T03:57:14.740Z,-9.348,108.414,10,4.4,mb,14,180.7,,0.55,us,usp000epky,2014-11-07T01:29:46.689Z,"210 km SSW of Sidareja, Indonesia",earthquake,,,,4,reviewed,us,us
2006-07-26T03:43:37.990Z,-9.313,108.463,10,4.9,mb,65,63.2,,0.65,us,usp000epkx,2014-11-07T01:29:46.682Z,"204 km SSW of Kroya, Indonesia",earthquake,,,,26,reviewed,us,us
2006-07-26T03:38:14.640Z,-4.846,153.76,148.3,4,mb,11,256.4,,0.81,us,usp000epkw,2014-11-07T01:29:46.681Z,"174 km ESE of Kokopo, Papua New Guinea",earthquake,,37.4,,3,reviewed,us,us
2006-07-26T03:26:21.390Z,-18.874,-173.397,32.5,5,mwc,55,89.5,,1.18,us,usp000epkv,2022-05-02T18:24:54.680Z,"66 km ESE of Neiafu, Tonga",earthquake,,,,,reviewed,us,hrv
2006-07-26T03:16:20.040Z,42.712,144.091,110.5,4.1,mb,11,134.4,,1.35,us,usp000epku,2014-11-07T01:29:46.672Z,"37 km SW of Kushiro, Japan",earthquake,,30.6,,2,reviewed,us,us
2006-07-26T03:05:50.260Z,-18.795,-173.394,40.4,5.2,mwc,70,128.6,,0.9,us,usp000epkt,2016-11-10T01:26:08.691Z,"64 km ESE of Neiafu, Tonga",earthquake,,,,,reviewed,us,hrv
2006-07-26T03:01:56.500Z,-39.29,177.52,40,3.9,ml,14,202.7,,,us,usp000epks,2014-11-07T01:29:46.657Z,"31 km SSE of Wairoa, New Zealand",earthquake,,,,,reviewed,wel,wel
2006-07-26T02:58:03.600Z,16.881,-98.329,22.8,3.9,md,6,189.5,,,us,usp000epkr,2014-11-07T01:29:46.656Z,"8 km NNW of Tlacoachistlahuaca, Mexico",earthquake,,,,,reviewed,unm,unm
2006-07-26T02:50:29.010Z,-14.921,167.124,119.7,4.2,mb,12,194.7,,0.77,us,usp000epkq,2014-11-07T01:29:46.654Z,"14 km NNE of Port-Olry, Vanuatu",earthquake,,25,,2,reviewed,us,us
2006-07-26T02:44:18.900Z,-9.458,108.281,10,4.9,mb,77,45.9,,0.86,us,usp000epkp,2014-11-07T01:29:46.642Z,"225 km SSW of Sidareja, Indonesia",earthquake,,,,34,reviewed,us,us
2006-07-26T02:39:13.270Z,-15.095,-173.443,10,4.2,mb,13,126,,0.87,us,usp000epkn,2014-11-07T01:29:46.557Z,"102 km NNE of Hihifo, Tonga",earthquake,,0,,5,reviewed,us,us
2006-07-26T02:22:44.800Z,11.613,92.586,30,4.3,mb,18,106.7,,0.65,us,usp000epkm,2014-11-07T01:29:46.552Z,"17 km SW of Bamboo Flat, India",earthquake,,,,5,reviewed,us,us
2006-07-26T02:17:31.030Z,-20.086,-68.94,128.6,4.6,mb,88,104.3,,0.91,us,usp000epkk,2014-11-07T01:29:46.470Z,"127 km E of Iquique, Chile",earthquake,,7.7,,49,reviewed,us,us
2006-07-26T02:02:49.182Z,51.9709,-173.2289,67.7,2.3,ml,,,,0.54,ak,ak0069idg8nq,2019-02-13T05:07:15.123Z,"71 km ESE of Atka, Alaska",earthquake,,1.7,,,reviewed,ak,ak
2006-07-26T01:56:12.710Z,-9.201,107.772,32.7,4.8,mb,80,40.6,,0.87,us,usp000epkj,2014-11-07T01:29:46.399Z,"206 km SSW of Kawalu, Indonesia",earthquake,,20.3,,32,reviewed,us,us
2006-07-26T01:48:23.800Z,17.317,-100.464,29.6,4,md,9,142,,,us,usp000epkh,2014-11-07T01:29:46.366Z,"11 km N of El Ticui, Mexico",earthquake,,,,,reviewed,unm,unm
2006-07-26T01:13:42.770Z,-8.079,129.023,70.7,3.9,mb,8,186.2,,0.78,us,usp000epkg,2014-11-07T01:29:46.363Z,"228 km ENE of Lospalos, Timor Leste",earthquake,,29.6,,2,reviewed,us,us
2006-07-26T00:58:13.884Z,54.5282,-161.9434,14.2,2.5,ml,,,,0.36,ak,ak0069iclato,2019-02-13T05:07:14.726Z,"64 km SSE of King Cove, Alaska",earthquake,,0.2,,,reviewed,ak,ak
2006-07-26T00:38:18.300Z,17.265,-95.066,129.1,3.6,md,4,231.1,,,us,usp000epkf,2014-11-07T01:29:46.362Z,"4 km NNW of Donaji, Mexico",earthquake,,,,,reviewed,unm,unm
2006-07-26T00:15:11.060Z,-4.917,153.822,150.4,4.4,mb,15,234.3,,0.85,us,usp000epke,2014-11-07T01:29:46.346Z,"183 km ESE of Kokopo, Papua New Guinea",earthquake,,26.8,,6,reviewed,us,us
2006-07-26T00:06:42.880Z,-10.484,107.275,10,3.9,mb,9,182.9,,1.13,us,usp000epkd,2014-11-07T01:29:46.343Z,"south of Java, Indonesia",earthquake,,,,3,reviewed,us,us
2006-07-25T23:51:45.210Z,35.0463333,-117.6628333,-0.952,2.03,ml,21,80,0.115,0.23,ci,ci14242988,2016-03-09T00:52:20.721Z,"5km NNW of Boron, CA",quarry blast,0.66,31.61,0.16,32,reviewed,ci,ci
2006-07-25T23:51:42.610Z,37.732,72.73,116.5,3.3,mb,23,134.9,,0.83,us,usp000epkc,2014-11-07T01:29:46.298Z,"94 km NNE of Khand?d, Afghanistan",earthquake,,17.4,,4,reviewed,us,us
2006-07-25T23:34:12.824Z,58.7968,-153.0833,62.6,2.5,ml,,,,0.27,ak,ak0069h2lrz6,2019-02-13T05:06:53.991Z,"82 km N of Aleneva, Alaska",earthquake,,0.3,,,reviewed,ak,ak
2006-07-25T23:27:59.190Z,5.334,125.949,134.2,4.1,mb,22,160.1,,0.66,us,usp000epkb,2014-11-07T01:29:46.274Z,"54 km E of Sarangani, Philippines",earthquake,,38.2,,7,reviewed,us,us
2006-07-25T23:15:32.640Z,-9.544,107.681,10,4.6,mb,33,87.7,,0.94,us,usp000epka,2014-11-07T01:29:46.248Z,"south of Java, Indonesia",earthquake,,,,15,reviewed,us,us
2006-07-25T23:10:39.060Z,-17.755,-178.568,577.4,4.4,mb,23,124.1,,0.72,us,usp000epk9,2014-11-07T01:29:46.245Z,"226 km E of Levuka, Fiji",earthquake,,11.5,,10,reviewed,us,us
2006-07-25T23:08:21.084Z,57.2953,-155.4434,60.5,2,ml,,,,0.36,ak,ak0069h2g7zw,2019-02-13T05:06:53.632Z,"66 km WSW of Karluk, Alaska",earthquake,,9.3,,,reviewed,ak,ak
2006-07-25T22:55:21.910Z,-3.062,136.884,35,4.1,mb,10,205.1,,0.84,us,usp000epk8,2014-11-07T01:29:46.243Z,"157 km ENE of Nabire, Indonesia",earthquake,,,,2,reviewed,us,us
2006-07-25T22:49:55.000Z,32.706,139.168,174.8,4.4,mb,46,99.1,,0.5,us,usp000epk7,2014-11-07T01:29:46.213Z,"219 km S of Shimoda, Japan",earthquake,,4.7,,15,reviewed,us,us
2006-07-25T22:37:55.970Z,-20.663,-173.273,35,4.8,mb,19,197.1,,1.29,us,usp000epk6,2014-11-07T01:29:46.211Z,"146 km SE of Pangai, Tonga",earthquake,,,,6,reviewed,us,us
2006-07-25T22:29:58.890Z,-9.439,108.379,10,4.1,mb,14,169.9,,1.22,us,usp000epk5,2014-11-07T01:29:46.208Z,"220 km SSW of Sidareja, Indonesia",earthquake,,,,6,reviewed,us,us
2006-07-25T22:18:32.716Z,60.2233,-151.1271,47.1,3.1,ml,,,,0.53,ak,ak0069h1wyg7,2019-02-13T05:06:53.179Z,"14 km E of Clam Gulch, Alaska",earthquake,,0.3,,,reviewed,ak,ak
2006-07-25T22:03:59.510Z,-23.857,-66.733,202.3,3.7,mb,12,94.3,,1.19,us,usp000epk3,2014-11-07T01:29:46.178Z,"58 km NW of San Antonio de los Cobres, Argentina",earthquake,,10.8,,3,reviewed,us,us
2006-07-25T21:51:40.360Z,27.683,56.665,10,3.8,ml,32,108.2,,0.96,us,usp000epk2,2014-11-07T01:29:46.174Z,"66 km NE of Bandar Abbas, Iran",earthquake,,,,,reviewed,us,thr
2006-07-25T21:45:02.400Z,15.743,-96.33,39.8,3.7,md,4,260.5,,,us,usp000epk1,2014-11-07T01:29:46.172Z,"7 km SSE of San Isidro Apango, Mexico",earthquake,,,,,reviewed,unm,unm
2006-07-25T21:31:22.280Z,46.7523333,-122.7763333,1.264,2.7,md,12,97,0.09653,0.18,uw,uw10702753,2016-07-22T22:21:18.900Z,"8 km SE of Bucoda, Washington",explosion,0.936,1.07,0.04,4,reviewed,uw,uw
2006-07-25T21:18:52.360Z,32.355,117.569,10,4.4,mb,28,136,,0.85,us,usp000epk0,2014-11-07T01:29:46.141Z,"55 km ESE of Datong, China",earthquake,,,,10,reviewed,us,us
2006-07-25T20:32:39.270Z,-11.524,166.496,74.5,4.9,mwc,90,66.5,,1.16,us,usp000epjz,2016-11-10T01:26:08.194Z,"116 km SE of Lata, Solomon Islands",earthquake,,,,,reviewed,us,hrv
2006-07-25T20:27:19.630Z,39.7325,-111.5495,11.3,2.89,ml,15,292,0.2423,0.18,uu,uu50319690,2018-08-28T21:56:35.730Z,"13 km NNE of Fountain Green, Utah",earthquake,2.21,0.65,,9,reviewed,uu,uu
2006-07-25T20:26:04.360Z,-1.878,119.751,35,4.2,mb,13,153.5,,1.39,us,usp000epjx,2014-11-07T01:29:46.078Z,"108 km S of Palu, Indonesia",earthquake,,,,4,reviewed,us,us
2006-07-25T20:23:30.850Z,39.7208333,-111.545,9.06,2.34,ml,20,65,0.2526,0.16,uu,uu50319685,2018-08-28T21:56:34.970Z,"12 km NE of Fountain Green, Utah",earthquake,0.39,2.39,,11,reviewed,uu,uu
2006-07-25T20:19:37.500Z,-45.1,167.34,114,4.1,m,16,204.5,,,us,usp000epjv,2014-11-07T01:29:46.071Z,"45 km NW of Te Anau, New Zealand",earthquake,,,,,reviewed,wel,wel
2006-07-25T20:18:12.410Z,1.825,125.062,200,4.1,mb,10,148.3,,1.02,us,usp000epju,2014-11-07T01:29:46.065Z,"38 km NNE of Laikit, Laikit II (Dimembe), Indonesia",earthquake,,,,4,reviewed,us,us
2006-07-25T20:15:04.560Z,35.9228333,-115.1095,4.509,2.24,ml,3,238,0.5819,0.1,ci,ci14242964,2016-03-09T14:01:55.024Z,"14km SSW of Henderson, NV",earthquake,3.9,31.61,0.085,14,reviewed,ci,ci
2006-07-25T19:53:00.490Z,39.7175,-111.5505,9.12,2.23,ml,11,66,0.2517,0.13,uu,uu50319670,2018-08-28T21:56:32.950Z,"12 km NE of Fountain Green, Utah",earthquake,0.34,2.67,,8,reviewed,uu,uu
2006-07-25T19:35:39.270Z,36.7666667,-89.488,15.13,2.2,md,29,85,,0.14,nm,nm606086,2016-04-08T18:50:08.720Z,"8 km E of Matthews, Missouri",earthquake,0.6,0.8,0.034,3,reviewed,nm,nm
2006-07-25T19:34:57.960Z,14.083,-93.059,10,3.8,mb,13,178.3,,1.6,us,usp000epjt,2014-11-07T01:29:46.062Z,"98 km SW of Puerto Madero, Mexico",earthquake,,,,4,reviewed,us,us
2006-07-25T19:23:11.240Z,23.613,-63.997,10,4.6,mb,130,65.4,,0.99,us,usp000epjs,2014-11-07T01:29:46.023Z,"North Atlantic Ocean",earthquake,,,,69,reviewed,us,us
2006-07-25T19:15:06.250Z,19.009,-64.759,2.2,3.3,md,16,275.5,,,us,usp000epjr,2014-11-07T01:29:46.021Z,"75 km N of Cruz Bay, U.S. Virgin Islands",earthquake,,,,,reviewed,rspr,rspr
2006-07-25T19:10:37.300Z,42.59,2.1,5,2.9,ml,38,44.6,,,us,usp000epjq,2014-11-07T01:29:46.015Z,"10 km NNE of Font-Romeu-Odeillo-Via, France",earthquake,,,,,reviewed,str,str
2006-07-25T18:50:00.088Z,51.7943,-179.9073,91.4,2.1,ml,,,,0.33,ak,ak0069gzq0fc,2019-02-13T05:07:00.508Z,"225 km W of Adak, Alaska",earthquake,,1.1,,,reviewed,ak,ak
2006-07-25T18:24:31.160Z,37.3236667,-122.1068333,-0.332,2.02,md,24,55,0.03694,0.08,nc,nc21529077,2017-01-15T01:28:35.167Z,"3 km S of Loyola, California",quarry blast,0.28,0.88,0.08,16,reviewed,nc,nc
2006-07-25T18:15:25.990Z,19.3665,-155.0766667,8.432,2.5,ml,37,150,,0.09,hv,hv5511562,2020-03-31T21:49:43.000Z,"12 km SSE of Fern Forest, Hawaii",earthquake,0.45,0.36,0.21,11,reviewed,hv,hv
2006-07-25T17:45:14.470Z,2.611,95.513,24.2,4.9,mb,37,151.2,,0.99,us,usp000epjp,2014-11-07T01:29:46.011Z,"97 km W of Sinabang, Indonesia",earthquake,,,,24,reviewed,us,us
2006-07-25T17:43:36.400Z,15.993,-97.231,17,3.6,md,4,282.4,,,us,usp000epjn,2014-11-07T01:29:46.010Z,"near the coast of Oaxaca, Mexico",earthquake,,,,,reviewed,unm,unm
2006-07-25T17:32:01.870Z,52.618,-168.776,40.6,3.4,ml,5,301.5,,,us,usp000epjm,2019-02-13T05:06:51.707Z,"36 km S of Nikolski, Alaska",earthquake,,,,,reviewed,aeic,aeic
2006-07-25T16:43:45.460Z,42.4411667,-111.5276667,10.48,2.14,ml,10,155,0.3753,0.13,uu,uu50319660,2018-08-28T21:56:32.250Z,"13 km WSW of Georgetown, Idaho",earthquake,0.66,3.73,,5,reviewed,uu,uu
2006-07-25T16:35:37.455Z,51.2375,-178.7247,25.5,2.6,ml,,,,0.36,ak,ak0069gyg0cx,2019-02-13T05:06:50.930Z,"161 km WSW of Adak, Alaska",earthquake,,0.1,,,reviewed,ak,ak
2006-07-25T16:35:21.370Z,36.345,70.258,194.2,4.3,mb,32,96.4,,0.89,us,usp000epjk,2014-11-07T01:29:46.006Z,"43 km SE of Farkh?r, Afghanistan",earthquake,,13.1,,11,reviewed,us,us
2006-07-25T16:24:19.720Z,-9.807,108.125,10,4.1,mb,9,206.6,,1.02,us,usp000epjj,2014-11-07T01:29:46.004Z,"267 km SSW of Sidareja, Indonesia",earthquake,,,,1,reviewed,us,us
2006-07-25T16:20:30.970Z,42.4128333,-111.4973333,12.38,2.12,ml,11,117,0.3638,0.1,uu,uu50319655,2018-08-28T21:56:31.550Z,"12 km SW of Georgetown, Idaho",earthquake,0.45,0.69,,5,reviewed,uu,uu
2006-07-25T16:12:54.320Z,42.414,-111.5028333,4.51,3.09,ml,17,116,0.3624,0.13,uu,uu50319650,2018-08-28T21:56:30.790Z,"13 km SW of Georgetown, Idaho",earthquake,0.6,0.93,,14,reviewed,uu,uu
2006-07-25T16:08:06.640Z,-9.6,108.159,10,4.2,mb,7,206.9,,0.16,us,usp000epjg,2014-11-07T01:29:45.999Z,"244 km SSW of Sidareja, Indonesia",earthquake,,,,1,reviewed,us,us
2006-07-25T15:57:54.280Z,36.393,71.322,66.2,3.7,mb,21,142.8,,1.17,us,usp000epjf,2014-11-07T01:29:45.986Z,"37 km SSW of Ashk?sham, Afghanistan",earthquake,,20.6,,6,reviewed,us,us
2006-07-25T15:34:57.820Z,39.064,23.408,9.4,2.9,md,9,144.1,,,us,usp000epje,2014-11-07T01:29:45.985Z,"13 km SSW of Skiáthos, Greece",earthquake,,,,,reviewed,the,ath
2006-07-25T15:29:39.380Z,51.4604,-178.5088,7.4,2.1,ml,,,,0.34,ak,ak0069gxtalu,2019-02-13T05:06:50.547Z,"137 km WSW of Adak, Alaska",earthquake,,0.8,,,reviewed,ak,ak
2006-07-25T15:24:12.570Z,27.575,55.526,10,3.7,ml,19,119.1,,0.64,us,usp000epjd,2014-11-07T01:29:45.982Z,"86 km WNW of Bandar Abbas, Iran",earthquake,,,,,reviewed,us,thr
2006-07-25T15:00:07.630Z,-9.333,108.454,10,4.5,mb,19,114.1,,0.5,us,usp000epjc,2014-11-07T01:29:45.980Z,"207 km SSW of Kroya, Indonesia",earthquake,,,,8,reviewed,us,us
2006-07-25T14:48:27.530Z,-9.312,108.521,10,5.2,mb,105,52.8,,0.72,us,usp000epjb,2014-11-07T01:29:45.972Z,"202 km SSW of Kroya, Indonesia",earthquake,,,,36,reviewed,us,us
2006-07-25T14:30:17.280Z,51.283,15.828,5,2.6,ml,16,199.4,,1.26,us,usp000epja,2014-11-07T01:29:45.969Z,"7 km W of Chojnów, Poland",earthquake,,,,,reviewed,us,cll
2006-07-25T14:29:05.149Z,50.1697,-176.2725,10,2.2,ml,,,,0.59,ak,ak0069gx7scy,2019-02-13T05:06:59.437Z,"191 km S of Adak, Alaska",earthquake,,0,,,reviewed,ak,ak
2006-07-25T14:24:58.600Z,38.8208333,-122.7943333,2.502,2.04,md,41,46,0.01261,0.07,nc,nc21529041,2017-01-15T01:27:30.590Z,"6 km W of Cobb, California",earthquake,0.21,0.31,0.07,19,reviewed,nc,nc
2006-07-25T14:16:18.200Z,-4.889,153.819,125.8,4.8,mb,25,159.6,,0.76,us,usp000epj9,2014-11-07T01:29:45.966Z,"182 km ESE of Kokopo, Papua New Guinea",earthquake,,,,10,reviewed,us,us
2006-07-25T14:09:35.490Z,-9.689,107.419,10,4.6,mb,10,140.5,,1.31,us,usp000epj8,2014-11-07T01:29:45.965Z,"269 km SSW of Singaparna, Indonesia",earthquake,,,,2,reviewed,us,us
2006-07-25T14:01:26.350Z,-9.348,108.464,21.5,5.1,mb,71,47,,0.69,us,usp000epj7,2014-11-07T01:29:45.959Z,"208 km SSW of Kroya, Indonesia",earthquake,,13.5,,25,reviewed,us,us
2006-07-25T13:47:17.630Z,-24.246,-67.087,167.2,4.1,m,13,84.4,,1.06,us,usp000epj6,2014-11-07T01:29:45.956Z,"78 km W of San Antonio de los Cobres, Argentina",earthquake,,9.5,,,reviewed,us,guc
2006-07-25T13:45:49.380Z,32.7096667,-116.0591667,7.68,2.57,ml,39,97,0.06131,0.26,ci,ci14242908,2016-03-09T15:53:12.348Z,"7km WSW of Ocotillo, CA",earthquake,0.35,1.16,0.126,86,reviewed,ci,ci
2006-07-25T13:45:19.640Z,58.3306,-133.5382,0,2.7,ml,,,,0.77,ak,ak0069gwptbw,2019-02-13T05:07:04.496Z,"51 km E of Juneau, Alaska",ice quake,,0,,,reviewed,ak,ak
2006-07-25T13:31:16.889Z,58.3908,-133.6016,0,2.3,ml,,,,0.26,ak,ak0069gwmt3c,2019-02-13T05:06:59.066Z,"48 km ENE of Juneau, Alaska",ice quake,,0,,,reviewed,ak,ak
2006-07-25T13:00:54.350Z,34.0295,-118.3646667,9.741,2.13,ml,31,57,,0.26,ci,ci14242904,2016-03-09T08:00:26.447Z,"3km NNE of Baldwin Hills, CA",earthquake,0.52,0.84,0.275,96,reviewed,ci,ci
2006-07-25T12:49:22.356Z,54.2857,-161.6454,5.6,2.4,ml,,,,0.56,ak,ak0069gw58sr,2019-02-13T05:06:58.675Z,"96 km SSE of King Cove, Alaska",earthquake,,8.4,,,reviewed,ak,ak
2006-07-25T12:39:23.830Z,-9.26,108.408,10,5.3,mwc,165,45.1,,1.12,us,usp000epj5,2016-11-10T01:26:07.675Z,"200 km SSW of Sidareja, Indonesia",earthquake,,,,,reviewed,us,hrv
2006-07-25T12:35:37.140Z,-9.305,108.401,10,5.2,mb,33,72.4,,0.87,us,usp000epj4,2014-11-07T01:29:45.937Z,"205 km SSW of Sidareja, Indonesia",earthquake,,,,4,reviewed,us,us
2006-07-25T12:34:59.170Z,-9.257,108.503,10,5.1,mb,74,53.1,,0.84,us,usp000epj3,2014-11-07T01:29:45.931Z,"197 km SSW of Kroya, Indonesia",earthquake,,,,25,reviewed,us,us
2006-07-25T12:31:45.730Z,46.1961667,-122.1905,-1.424,3.6,md,47,39,,0.21,uw,uw10702618,2016-07-22T22:21:17.510Z,"37 km NNE of Amboy, Washington",earthquake,0.355,0.27,0.04,9,reviewed,uw,uw
2006-07-25T12:01:31.716Z,51.9135,179.4716,161.7,2.2,ml,,,,0.25,ak,ak0069gvuz5f,2019-02-13T05:06:49.795Z,"268 km W of Adak, Alaska",earthquake,,23.2,,,reviewed,ak,ak
2006-07-25T11:08:46.470Z,-14.284,66.112,10,4.8,mb,33,70.3,,1.32,us,usp000epj1,2014-11-07T01:29:45.924Z,"Mid-Indian Ridge",earthquake,,,,4,reviewed,us,us
2006-07-25T10:59:53.420Z,11.043,144.815,35,4.9,mb,27,82.2,,0.59,us,usp000epj0,2014-11-07T01:29:45.921Z,"246 km S of Merizo Village, Guam",earthquake,,,,14,reviewed,us,us
2006-07-25T10:32:16.715Z,58.3336,-133.5421,0,2.9,ml,,,,1.32,ak,ak0069guupzb,2019-02-13T05:07:04.134Z,"51 km E of Juneau, Alaska",ice quake,,0,,,reviewed,ak,ak
2006-07-25T10:11:47.000Z,40.2886667,-120.4393333,3.121,2.02,md,29,131,0.1811,0.1,nc,nc21529025,2018-04-24T20:34:13.981Z,"7 km E of Janesville, California",earthquake,0.3,1.85,0.14,13,reviewed,nc,nc
2006-07-25T10:06:21.800Z,-21.058,-174.604,10,4.6,mb,22,142,,1.22,us,usp000ephz,2014-11-07T01:29:45.919Z,"47 km NE of ‘Ohonua, Tonga",earthquake,,,,6,reviewed,us,us
2006-07-25T09:58:23.150Z,-9.548,107.651,26.9,4.7,mb,34,114.5,,0.73,us,usp000ephy,2014-11-07T01:29:45.916Z,"247 km SSW of Kawalu, Indonesia",earthquake,,28.7,,19,reviewed,us,us
2006-07-25T09:46:19.400Z,14.643,-94.424,42.1,4.5,md,7,272,,,us,usp000ephx,2014-11-07T01:29:45.914Z,"157 km SW of Manuel Ávila Camacho (Ponte Duro), Mexico",earthquake,,,,,reviewed,unm,unm
2006-07-25T08:19:38.200Z,37.7,21.51,23,3.2,md,4,156.2,,,us,usp000ephw,2014-11-07T01:29:45.913Z,"3 km NNE of Varvásaina, Greece",earthquake,,,,,reviewed,ath,ath
2006-07-25T08:16:59.100Z,-34.771,-71.481,57.6,2.7,m,11,288.7,,,us,usp000ephv,2014-11-07T01:29:45.911Z,"18 km SW of Santa Cruz, Chile",earthquake,,,,,reviewed,guc,guc
2006-07-25T07:57:33.020Z,-60.554,-25.271,45.1,5.1,mwc,93,97.7,,0.94,us,usp000ephu,2016-11-10T01:26:07.178Z,"South Sandwich Islands region",earthquake,,,,,reviewed,us,hrv
2006-07-25T07:18:58.961Z,58.2608,-133.628,0,2.2,ml,,,,0.37,ak,ak0069gszieg,2019-02-13T05:07:03.147Z,"46 km E of Juneau, Alaska",ice quake,,0,,,reviewed,ak,ak
2006-07-25T07:13:25.110Z,35.57,-120.8285,6.799,2.05,md,55,63,0.07387,0.1,nc,nc21529013,2017-01-15T01:25:50.180Z,"11 km WNW of Templeton, California",earthquake,0.17,0.62,0.08,42,reviewed,nc,nc
2006-07-25T06:54:09.560Z,-21.202,-174.653,35,4.6,mb,14,130.1,,0.58,us,usp000epht,2014-11-07T01:29:45.900Z,"34 km ENE of ‘Ohonua, Tonga",earthquake,,,,5,reviewed,us,us
2006-07-25T06:37:18.030Z,45.492,26.502,124,3.2,md,9,83.7,,,us,usp000ephs,2014-11-07T01:29:45.898Z,"6 km W of Lop?tari, Romania",earthquake,,,,,reviewed,irsa,irsa
2006-07-25T06:13:37.880Z,47.6368333,-120.207,5.387,3.1,md,44,45,0.09162,0.28,uw,uw10702538,2017-04-01T21:41:02.042Z,"4 km S of Entiat, Washington",earthquake,0.424,0.9,0.03,14,reviewed,uw,uw
2006-07-25T05:53:57.580Z,36.486,70.218,217,4.3,mb,19,146.8,,1.24,us,usp000ephq,2014-11-07T01:29:45.892Z,"33 km ESE of Farkh?r, Afghanistan",earthquake,,24.2,,10,reviewed,us,us
2006-07-25T05:12:45.860Z,60.4544,-149.6741,28,2.5,ml,,,,0.53,ak,ak0069grrbvu,2019-02-13T05:06:49.385Z,"9 km ESE of Cooper Landing, Alaska",earthquake,,0.4,,,reviewed,ak,ak
2006-07-25T05:02:16.320Z,17.57,145.877,35,4.9,mb,75,91.9,,0.86,us,usp000ephn,2014-11-07T01:29:45.884Z,"261 km N of Saipan, Northern Mariana Islands",earthquake,,,,29,reviewed,us,us
2006-07-25T04:15:52.150Z,37.0921667,-121.4885,2.591,2.35,md,71,71,0.03243,0.06,nc,nc21528997,2017-01-15T01:25:02.370Z,"10 km E of San Martin, California",earthquake,0.11,0.23,0.1,75,reviewed,nc,nc
2006-07-25T04:08:35.650Z,-5.563,149.862,35,3.9,mb,6,207.9,,0.78,us,usp000ephm,2014-11-07T01:29:45.882Z,"30 km W of Kimbe, Papua New Guinea",earthquake,,,,1,reviewed,us,us
2006-07-25T03:48:38.430Z,-15.141,-173.245,10,4.4,mb,14,130.6,,1.54,us,usp000ephk,2014-11-07T01:29:45.881Z,"107 km NNE of Hihifo, Tonga",earthquake,,0,,1,reviewed,us,us
2006-07-25T03:04:01.000Z,38.74,22.6,23,3.7,ml,40,39.5,,,us,usp000ephj,2014-11-07T01:29:45.875Z,"8 km SSW of Mólos, Greece",earthquake,,,,,reviewed,ath,ath
2006-07-25T02:38:25.510Z,-9.652,108.017,10,4.8,mb,20,142.3,,1.11,us,usp000ephh,2014-11-07T01:29:45.873Z,"251 km S of Kawalu, Indonesia",earthquake,,,,7,reviewed,us,us
2006-07-25T02:34:12.450Z,42.042,144.23,47.4,4.4,mb,41,134.6,,,us,usp000ephg,2014-11-07T01:29:45.869Z,"104 km S of Kushiro, Japan",earthquake,,,,16,reviewed,jma,us
2006-07-25T02:31:48.300Z,-6.442,148.236,35,4.4,mb,19,191.7,,0.75,us,usp000ephf,2014-11-07T01:29:45.866Z,"44 km ENE of Finschhafen, Papua New Guinea",earthquake,,,,8,reviewed,us,us
2006-07-25T02:26:21.825Z,51.4719,-171.3604,10.7,3,ml,,,,0.53,ak,ak0069gq1z8m,2019-02-13T05:06:54.832Z,"211 km ESE of Atka, Alaska",earthquake,,68,,,reviewed,ak,ak
2006-07-25T02:14:34.257Z,61.2541,-151.2695,67.7,2.2,ml,,,,0.29,ak,ak0069gpzflt,2019-02-13T05:06:48.686Z,"16 km NW of Beluga, Alaska",earthquake,,1.6,,,reviewed,ak,ak
2006-07-25T02:05:19.340Z,12.6,143.924,35.7,4.9,mwc,46,87.4,,1.04,us,usp000ephe,2016-11-10T01:26:06.685Z,"109 km SW of Merizo Village, Guam",earthquake,,,,,reviewed,us,hrv
2006-07-25T01:50:27.440Z,56.172,-161.947,173.5,3.5,m,21,160.3,,0.75,us,usp000ephd,2019-02-13T05:06:48.183Z,"49 km WNW of Nelson Lagoon, Alaska",earthquake,,6.6,,,reviewed,us,aeic
2006-07-25T01:43:56.930Z,-9.278,108.473,26.1,4.7,mb,57,47.4,,0.77,us,usp000ephc,2014-11-07T01:29:45.789Z,"200 km SSW of Kroya, Indonesia",earthquake,,13.8,,24,reviewed,us,us
2006-07-25T01:38:57.380Z,10.751,-86.672,29.8,5,mwc,214,54.1,,0.99,us,usp000ephb,2016-11-10T01:26:06.166Z,"103 km WSW of San Juan del Sur, Nicaragua",earthquake,,,,,reviewed,us,hrv
2006-07-25T01:38:35.000Z,46.44,13.06,9.5,2.7,ml,32,114.1,,,us,usp000epha,2014-11-07T01:29:45.759Z,"3 km SE of Zuglio, Italy",earthquake,,,,,reviewed,rom,ldg
2006-07-25T01:23:30.595Z,51.6442,-175.4426,58.6,2,ml,,,,0.46,ak,ak0069gpfx5v,2019-02-13T05:06:54.438Z,"86 km ESE of Adak, Alaska",earthquake,,38,,,reviewed,ak,ak
2006-07-25T01:08:44.100Z,-28.407,-70.161,103.3,4.1,mb,29,105.5,,,us,usp000eph9,2014-11-07T01:29:45.755Z,"61 km ENE of Vallenar, Chile",earthquake,,,,2,reviewed,guc,us
2006-07-25T00:54:02.486Z,51.5332,-175.7446,25.6,2.7,ml,,,,0.53,ak,ak0069gp12l4,2019-02-13T05:06:47.780Z,"72 km ESE of Adak, Alaska",earthquake,,4.4,,,reviewed,ak,ak
2006-07-25T00:11:55.040Z,-5.557,131.036,35,4.6,mb,35,90.8,,1.1,us,usp000eph8,2014-11-07T01:29:45.751Z,"190 km W of Tual, Indonesia",earthquake,,,,23,reviewed,us,us
2006-07-25T00:08:40.390Z,36.448,1.815,0,3.3,m,5,265.1,,,us,usp000eph7,2014-11-07T01:29:45.749Z,"22 km NNE of El Abadia, Algeria",earthquake,,,,,reviewed,mdd,mdd
2006-07-25T00:03:39.125Z,61.3615,-150.0901,47.3,2.5,ml,,,,0.42,ak,ak0069goq7w8,2019-02-13T05:06:46.976Z,"5 km W of Point MacKenzie, Alaska",earthquake,,1.2,,,reviewed,ak,ak
2006-07-24T23:56:46.370Z,-49.798,-113.961,10,4.6,mb,20,106.9,,1.17,us,usp000eph5,2014-11-07T01:29:45.744Z,"southern East Pacific Rise",earthquake,,,,5,reviewed,us,us
2006-07-24T23:50:58.530Z,35.035,-117.6775,-0.827,2.02,ml,17,77,0.1016,0.12,ci,ci14242768,2016-03-09T05:06:44.251Z,"5km NNW of Boron, CA",quarry blast,0.52,31.61,0.225,42,reviewed,ci,ci
2006-07-24T23:38:57.600Z,-4.862,153.733,146.1,4.5,mb,24,220.2,,0.94,us,usp000eph4,2014-11-07T01:29:45.742Z,"172 km ESE of Kokopo, Papua New Guinea",earthquake,,22.8,,9,reviewed,us,us
2006-07-24T23:27:22.490Z,-9.634,107.87,10,4.8,mb,70,46.9,,0.76,us,usp000eph3,2014-11-07T01:29:45.732Z,"251 km S of Kawalu, Indonesia",earthquake,,,,29,reviewed,us,us
2006-07-24T23:04:57.000Z,37.507,38.684,6.9,3.9,ml,13,136.2,,,us,usp000eph2,2014-11-07T01:29:45.729Z,"20 km ESE of Samsat, Turkey",earthquake,,,,,reviewed,isk,isk
2006-07-24T22:53:28.110Z,-18.198,39.477,10,3.2,mb,10,112.7,,1.04,us,usp000eph1,2014-11-07T01:29:45.728Z,"222 km SSW of António Enes, Mozambique",earthquake,,,,3,reviewed,us,us
2006-07-24T22:51:09.100Z,32.73,49.8,14,4.4,mb,108,89.1,,,us,usp000eph0,2014-11-07T01:29:45.720Z,"38 km SW of Fereyd?nshahr, Iran",earthquake,,,,23,reviewed,thr,us
2006-07-24T22:36:10.480Z,-9.354,107.321,11.2,4.7,mb,39,87.1,,0.86,us,usp000epgz,2014-11-07T01:29:45.716Z,"237 km SSW of Singaparna, Indonesia",earthquake,,28.5,,18,reviewed,us,us
2006-07-24T22:35:08.800Z,2.006,128.282,35,4.1,mb,6,174.7,,0.52,us,usp000epgy,2014-11-07T01:29:45.715Z,"43 km NE of Tobelo, Indonesia",earthquake,,,,2,reviewed,us,us
2006-07-24T22:29:06.650Z,-9.301,107.721,10,4.4,mb,23,104,,0.63,us,usp000epgx,2014-11-07T01:29:45.712Z,"218 km SSW of Kawalu, Indonesia",earthquake,,,,10,reviewed,us,us
2006-07-24T22:25:33.050Z,33.339,140.876,35,4.1,mb,10,198.3,,0.6,us,usp000epgw,2014-11-07T01:29:45.710Z,"204 km SSE of Tateyama, Japan",earthquake,,,,2,reviewed,us,us
2006-07-24T22:17:40.270Z,-10.026,107.953,10,4,mb,13,176,,0.88,us,usp000epgv,2014-11-07T01:29:45.709Z,"293 km S of Kawalu, Indonesia",earthquake,,,,4,reviewed,us,us
2006-07-24T22:11:22.500Z,41.9103333,-112.549,8.17,2.44,ml,21,132,0.1685,0.15,uu,uu50319625,2018-08-28T21:56:28.050Z,"14 km ESE of Snowville, Utah",earthquake,0.32,0.87,,8,reviewed,uu,uu
2006-07-24T21:47:34.940Z,-30.411,-177.366,10,4.6,mb,8,276.5,,0.97,us,usp000epgu,2014-11-07T01:29:45.707Z,"Kermadec Islands, New Zealand",earthquake,,,,2,reviewed,us,us
2006-07-24T21:38:50.400Z,38.78,26.52,26,3.5,md,10,182.8,,,us,usp000epgt,2014-11-07T01:29:45.705Z,"15 km N of Karaburun, Turkey",earthquake,,,,,reviewed,ath,ath
2006-07-24T21:20:16.410Z,18.453,-67.398,6.5,2.7,md,11,308.5,,,us,usp000epgs,2014-11-07T01:29:45.703Z,"20 km NW of Rincón, Puerto Rico",earthquake,,,,,reviewed,rspr,rspr
2006-07-24T21:10:06.220Z,46.6885,-122.743,-0.21,2,md,5,129,0.03348,0.12,uw,uw10702433,2016-07-22T22:21:14.470Z,"12 km N of Onalaska, Washington",explosion,1.098,1.44,0.05,1,reviewed,uw,uw
2006-07-24T21:06:08.186Z,39.0672,-118.0642,6.9,3.5,ml,11,127.71,0.171,0.1588,nn,nn00185870,2018-04-24T20:34:11.843Z,"25 km NNW of Gabbs, Nevada",earthquake,,2.8,,,reviewed,nn,nn
2006-07-24T21:03:39.148Z,58.9092,-154.4645,128.6,2.8,ml,,,,0.38,ak,ak0069fdoz3u,2019-02-13T05:06:38.551Z,"61 km SSE of Kokhanok, Alaska",earthquake,,0.4,,,reviewed,ak,ak
2006-07-24T21:03:16.550Z,-9.493,107.585,13.3,4.8,mwc,79,55.4,,0.73,us,usp000epgp,2016-11-10T01:26:05.619Z,"243 km SSW of Kawalu, Indonesia",earthquake,,19.8,,,reviewed,us,hrv
2006-07-24T20:33:50.896Z,51.951,177.233,5.3,3.1,ml,,,,0.72,ak,ak0069fd9zw1,2019-02-13T05:06:38.210Z,"292 km ESE of Attu Station, Alaska",earthquake,,1.7,,,reviewed,ak,ak
2006-07-24T20:27:01.910Z,1.224,97.043,30,4.2,mb,16,200.5,,0.61,us,usp000epgm,2014-11-07T01:29:45.687Z,"143 km SW of Singkil, Indonesia",earthquake,,,,2,reviewed,us,us
2006-07-24T20:13:04.200Z,-28.624,-72.862,28.2,4.3,mb,23,113.6,,0.94,us,usp000epgk,2014-11-07T01:29:45.683Z,"205 km W of Vallenar, Chile",earthquake,,20.4,,2,reviewed,us,us
2006-07-24T19:50:59.050Z,4.407,94.813,45,4.5,mb,11,137.9,,0.3,us,usp000epgj,2014-11-07T01:29:45.682Z,"138 km SSW of Banda Aceh, Indonesia",earthquake,,19,,1,reviewed,us,us
2006-07-24T19:46:32.550Z,-15.543,-74.435,41.8,4.9,mb,119,93.2,,0.87,us,usp000epgh,2022-05-02T18:24:25.460Z,"23 km SE of Acarí, Peru",earthquake,,6,,62,reviewed,us,us
2006-07-24T19:39:28.700Z,17.533,-97.984,60.8,4.1,md,12,116,,,us,usp000epgg,2014-11-07T01:29:45.669Z,"6 km ENE of Ixpantepec Nieves, Mexico",earthquake,,,,,reviewed,unm,unm
2006-07-24T18:43:36.210Z,-11.277,166.429,63.1,4.3,mb,18,194.3,,1.3,us,usp000epgf,2014-11-07T01:29:45.667Z,"92 km SE of Lata, Solomon Islands",earthquake,,17.7,,3,reviewed,us,us
2006-07-24T18:39:29.760Z,46.2018333,-122.1926667,-1.862,2.9,md,15,61,,0.51,uw,uw10702388,2016-07-22T22:21:14.020Z,"37 km NNE of Amboy, Washington",earthquake,0.106,0.23,0.05,6,reviewed,uw,uw
2006-07-24T17:51:18.400Z,34.7,24.97,43,3.3,md,4,207.6,,,us,usp000epgd,2014-11-07T01:29:45.664Z,"37 km SSW of Pýrgos, Greece",earthquake,,,,,reviewed,ath,ath
2006-07-24T17:31:14.439Z,52.021,178.63,183.9,3,ml,,,,0.33,ak,ak0069fbh6tv,2019-02-13T05:06:37.488Z,"Rat Islands, Aleutian Islands, Alaska",earthquake,,0.7,,,reviewed,ak,ak
2006-07-24T17:29:24.790Z,-28.623,-72.702,41.2,4.7,mb,68,83.4,,0.97,us,usp000epgc,2014-11-07T01:29:45.657Z,"190 km W of Vallenar, Chile",earthquake,,6.7,,25,reviewed,us,us
2006-07-24T17:20:24.400Z,42.59,2.1,5,2.7,ml,18,94.7,,,us,usp000epgb,2014-11-07T01:29:45.654Z,"10 km NNE of Font-Romeu-Odeillo-Via, France",earthquake,,,,,reviewed,str,str
2006-07-24T17:18:49.510Z,19.4243333,-155.3958333,9.91,2.43,ml,36,44,,0.11,hv,hv5511247,2020-03-31T21:49:40.900Z,"17 km W of Volcano, Hawaii",earthquake,0.32,0.49,0.12,10,reviewed,hv,hv
2006-07-24T17:16:28.030Z,-9.517,107.735,10,4.8,mb,24,114.4,,0.95,us,usp000epga,2014-11-07T01:29:45.652Z,"241 km SSW of Kawalu, Indonesia",earthquake,,,,9,reviewed,us,us
2006-07-24T16:51:25.230Z,-7.496,130.725,61.3,4,mb,16,116.2,,0.94,us,usp000epg9,2014-11-07T01:29:45.649Z,"Pulau Pulau Tanimbar, Indonesia",earthquake,,24.1,,2,reviewed,us,us
2006-07-24T16:50:00.220Z,-9.59,107.694,10,5,mb,35,70.1,,0.67,us,usp000epg8,2014-11-07T01:29:45.646Z,"250 km SSW of Kawalu, Indonesia",earthquake,,,,18,reviewed,us,us
2006-07-24T16:33:57.090Z,-9.553,107.674,10,5.1,mb,59,52.6,,0.88,us,usp000epg7,2014-11-07T01:29:45.640Z,"247 km SSW of Kawalu, Indonesia",earthquake,,,,24,reviewed,us,us
2006-07-24T16:15:40.110Z,51.4117,178.7743,39,2.7,ml,,,,0.22,ak,ak0069fasdqz,2019-02-13T05:06:37.191Z,"Rat Islands, Aleutian Islands, Alaska",earthquake,,0.1,,,reviewed,ak,ak
2006-07-24T16:14:14.680Z,43.635,147.102,59.3,4.8,mb,165,95.9,,0.65,us,usp000epg5,2014-11-07T01:29:45.625Z,"35 km ESE of Shikotan, Russia",earthquake,,,,66,reviewed,us,us
2006-07-24T15:59:39.620Z,-7.129,130.364,113.9,3.7,mb,7,191.8,,0.6,us,usp000epg4,2014-11-07T01:29:45.623Z,"Pulau Pulau Tanimbar, Indonesia",earthquake,,33.5,,2,reviewed,us,us
2006-07-24T15:53:05.276Z,61.6745,-149.8487,41.4,2.5,ml,,,,0.38,ak,ak0069faf0nz,2019-02-13T05:06:36.776Z,"5 km NNW of Houston, Alaska",earthquake,,0,,,reviewed,ak,ak
2006-07-24T15:50:09.940Z,11.062,92.002,26.4,4.5,mb,36,98,,0.9,us,usp000epg3,2014-11-07T01:29:45.620Z,"105 km SW of Bamboo Flat, India",earthquake,,,,8,reviewed,us,us
2006-07-24T15:02:39.200Z,-5.482,-81.892,33.2,4.5,mb,14,91.8,,1.5,us,usp000epg1,2014-11-07T01:29:45.617Z,"96 km WSW of Paita, Peru",earthquake,,,,2,reviewed,us,us
2006-07-24T14:44:21.040Z,-9.192,108.296,10,4.6,mb,10,180.6,,1.17,us,usp000epg0,2014-11-07T01:29:45.615Z,"196 km SSW of Sidareja, Indonesia",earthquake,,,,2,reviewed,us,us
2006-07-24T14:41:31.376Z,58.3322,-133.3411,0,2.8,ml,,,,1.73,ak,ak0069f9r2hd,2021-05-19T15:51:53.787Z,"63 km E of Juneau, Alaska",ice quake,,0,,,reviewed,ak,ak
2006-07-24T14:36:45.570Z,-9.553,107.763,34.7,4.9,mb,51,52.6,,0.96,us,usp000epfy,2014-11-07T01:29:45.605Z,"245 km SSW of Kawalu, Indonesia",earthquake,,25.1,,24,reviewed,us,us
2006-07-24T14:11:55.115Z,60.3331,-153.4186,175.2,3.9,mb,,,,0.69,ak,ak0069f9kotz,2019-02-13T05:06:36.346Z,"51 km ENE of Port Alsworth, Alaska",earthquake,,0.6,,,reviewed,ak,ak
2006-07-24T14:02:42.293Z,52.0732,-172.8056,52.9,2.5,ml,,,,0.68,ak,ak0069f9iqed,2019-02-13T05:06:35.979Z,"96 km E of Atka, Alaska",earthquake,,3,,,reviewed,ak,ak
2006-07-24T13:31:18.091Z,58.3413,-133.2426,0,3,ml,,,,0.75,ak,ak0069f93gox,2019-02-13T05:06:44.332Z,"69 km E of Juneau, Alaska",ice quake,,0,,,reviewed,ak,ak
2006-07-24T13:24:41.460Z,-19.54,-69.25,102.9,3.7,mb,7,150.6,,0.78,us,usp000epfv,2014-11-07T01:29:45.595Z,"120 km NE of Iquique, Chile",earthquake,,11.3,,1,reviewed,us,us
2006-07-24T13:17:22.218Z,60.0796,-152.1754,76,3.4,ml,,,,0.44,ak,ak0069f90gzh,2019-02-13T05:06:35.170Z,"28 km W of Ninilchik, Alaska",earthquake,,0.1,,,reviewed,ak,ak
2006-07-24T13:10:18.420Z,14.93,146.951,40.6,5,mb,21,146.8,,0.65,us,usp000epft,2014-11-07T01:29:45.407Z,"132 km ESE of Saipan, Northern Mariana Islands",earthquake,,16.1,,5,reviewed,us,us
2006-07-24T12:54:17.090Z,-9.716,108.167,10,4.3,mb,8,207,,1.2,us,usp000epfs,2014-11-07T01:29:45.402Z,"256 km SSW of Sidareja, Indonesia",earthquake,,,,2,reviewed,us,us
2006-07-24T12:25:30.341Z,39.7348,-115.882,0,2.6,ml,4,138.42,1.123,0.1133,nn,nn00186246,2018-04-24T20:34:12.060Z,"25 km NNE of Eureka, Nevada",earthquake,,20.7,,,reviewed,nn,nn
2006-07-24T12:24:52.060Z,50.95,-172.483,10,4.6,mb,55,130.4,,0.8,us,usp000epfr,2019-02-13T05:06:34.395Z,"182 km SE of Atka, Alaska",earthquake,,,,14,reviewed,us,us
2006-07-24T11:41:30.220Z,-9.642,107.607,10,5.2,mb,26,114.5,,0.73,us,usp000epfq,2014-11-07T01:29:45.277Z,"258 km SSW of Kawalu, Indonesia",earthquake,,,,11,reviewed,us,us
2006-07-24T11:25:59.390Z,58.369,-133.473,1,2.9,ml,6,234.6,,,us,usp000epfp,2019-02-13T05:06:43.186Z,"55 km E of Juneau, Alaska",earthquake,,,,,reviewed,pgc,pgc
2006-07-24T11:07:15.510Z,2.112,96.393,29.6,4.3,mb,8,214.4,,0.59,us,usp000epfn,2014-11-07T01:29:45.273Z,"40 km S of Sinabang, Indonesia",earthquake,,,,1,reviewed,us,us
2006-07-24T11:05:48.420Z,54.405,160.452,103.8,4.8,mb,11,108.9,,1.39,us,usp000epfm,2014-11-07T01:29:45.272Z,"122 km ESE of Mil’kovo, Russia",earthquake,,15.5,,1,reviewed,us,us
2006-07-24T10:50:49.600Z,-27.617,-69.288,92,4.5,m,10,81.4,,,us,usp000epfk,2014-11-07T01:29:45.249Z,"106 km ESE of Copiapó, Chile",earthquake,,,,,reviewed,guc,guc
2006-07-24T10:38:17.670Z,-3.672,151.104,468.2,4.8,mb,90,56,,0.81,us,usp000epfj,2014-11-07T01:29:45.217Z,"126 km SSE of Kavieng, Papua New Guinea",earthquake,,7.7,,32,reviewed,us,us
2006-07-24T10:24:57.360Z,-5.145,154.074,40.4,4.4,mb,5,267.8,,0.22,us,usp000epfh,2014-11-07T01:29:45.215Z,"202 km NW of Panguna, Papua New Guinea",earthquake,,49.1,,1,reviewed,us,us
2006-07-24T09:51:07.110Z,51.6426,-170.1931,66.5,2.3,ml,,,,0.39,ak,ak0069f6tzqv,2019-02-13T05:06:42.094Z,"170 km SSW of Nikolski, Alaska",earthquake,,5.8,,,reviewed,ak,ak
2006-07-24T09:46:27.650Z,18.679,-66.485,62,3,md,12,233.5,,,us,usp000epfg,2014-11-07T01:29:45.212Z,"24 km N of Tierras Nuevas Poniente, Puerto Rico",earthquake,,,,,reviewed,rspr,rspr
2006-07-24T09:26:54.050Z,-9.74,107.839,10,4.4,mb,12,114.4,,1.15,us,usp000epff,2014-11-07T01:29:45.180Z,"263 km S of Kawalu, Indonesia",earthquake,,,,4,reviewed,us,us
2006-07-24T09:16:04.200Z,34.89,26.26,57,3.5,md,5,220.2,,,us,usp000epfe,2014-11-07T01:29:45.169Z,"34 km S of Palekastro, Greece",earthquake,,,,,reviewed,ath,ath
2006-07-24T09:09:18.340Z,18.179,-67.878,107,3.3,md,11,338.3,,,us,usp000epfd,2014-11-07T01:29:45.138Z,"68 km WSW of Stella, Puerto Rico",earthquake,,,,,reviewed,rspr,rspr
2006-07-24T09:04:25.500Z,-33.47,-71.716,28.3,3,ml,16,215,,,us,usp000epfc,2014-11-07T01:29:45.089Z,"13 km NW of Cartagena, Chile",earthquake,,,,,reviewed,guc,guc
2006-07-24T08:07:59.730Z,-9.406,107.458,10,4.7,mb,17,132.7,,0.88,us,usp000epfb,2014-11-07T01:29:45.087Z,"238 km SSW of Singaparna, Indonesia",earthquake,,,,4,reviewed,us,us
2006-07-24T07:40:13.584Z,58.4156,-141.7341,12.5,2.4,ml,,,,0.24,ak,ak0069f5ks5q,2019-02-13T05:09:11.064Z,"170 km SW of Yakutat, Alaska",earthquake,,976.7,,,reviewed,ak,ak
2006-07-24T07:38:51.900Z,34.74,27.69,6,3.3,md,4,303.4,,,us,usp000epfa,2014-11-07T01:29:45.085Z,"95 km SSE of Karpathos, Greece",earthquake,,,,,reviewed,ath,ath
2006-07-24T07:36:19.150Z,-0.196,125.775,25,4.1,mb,9,172.9,,1.01,us,usp000epf9,2014-11-07T01:29:45.083Z,"191 km SSE of Tondano, Indonesia",earthquake,,0,,3,reviewed,us,us
2006-07-24T07:28:38.650Z,19.151,-64.541,8.2,3.3,md,4,331.6,,,us,usp000epf8,2014-11-07T01:29:45.081Z,"94 km NNE of Cruz Bay, U.S. Virgin Islands",earthquake,,,,,reviewed,rspr,rspr
2006-07-24T07:17:05.480Z,-9.733,107.174,10,4.5,mb,12,201.9,,1.15,us,usp000epf7,2014-11-07T01:29:45.055Z,"282 km S of Banjar, Indonesia",earthquake,,,,3,reviewed,us,us
2006-07-24T06:56:17.570Z,-19.375,-177.515,542.8,4,mb,14,133.9,,0.76,us,usp000epf6,2014-11-07T01:29:45.053Z,"Fiji region",earthquake,,14.2,,5,reviewed,us,us
2006-07-24T06:30:50.300Z,33.2513333,-116.1243333,10.766,2.51,ml,53,29,0.1195,0.28,ci,ci14242616,2016-03-09T12:13:43.696Z,"12km N of Ocotillo Wells, CA",earthquake,0.28,1.13,0.134,140,reviewed,ci,ci
2006-07-24T06:28:22.940Z,18.8835,-155.1301667,43.341,2.42,ml,35,266,,0.1,hv,hv5511168,2020-03-31T21:49:39.350Z,"50 km SE of P?hala, Hawaii",earthquake,1.35,1.67,0.2,6,reviewed,hv,hv
2006-07-24T06:27:17.651Z,59.7545,-152.8707,96.4,2.5,ml,,,,0.43,ak,ak0069f4wkk5,2019-02-13T05:06:33.578Z,"58 km W of Anchor Point, Alaska",earthquake,,0.2,,,reviewed,ak,ak
2006-07-24T06:09:07.751Z,63.3927,-151.4334,11,2.7,ml,,,,0.54,ak,ak0069f4sown,2019-02-13T05:06:33.144Z,"21 km SE of Denali National Park, Alaska",earthquake,,0,,,reviewed,ak,ak
2006-07-24T05:36:37.847Z,63.1348,-150.4706,113.2,2.1,ml,,,,0.34,ak,ak0069f4d3yg,2019-02-13T05:06:32.739Z,"72 km NNE of Petersville, Alaska",earthquake,,0.2,,,reviewed,ak,ak
2006-07-24T05:13:35.040Z,-9.836,107.643,10,3.8,mb,5,210.3,,1.53,us,usp000epf2,2014-11-07T01:29:45.026Z,"278 km SSW of Kawalu, Indonesia",earthquake,,,,1,reviewed,us,us
2006-07-24T05:00:36.190Z,19.074,-64.762,0,3.3,md,8,290.8,,,us,usp000epf1,2014-11-07T01:29:45.024Z,"82 km N of Cruz Bay, U.S. Virgin Islands",earthquake,,,,,reviewed,rspr,rspr
2006-07-24T04:57:01.694Z,51.9965,177.3093,4.4,2.8,ml,,,,0.52,ak,ak0069f3w3ll,2019-02-13T05:06:32.357Z,"295 km ESE of Attu Station, Alaska",earthquake,,2.3,,,reviewed,ak,ak
2006-07-24T04:18:48.727Z,52.082,177.1563,6.7,3,ml,,,,0.48,ak,ak0069f3nuaw,2019-02-13T05:06:31.964Z,"282 km ESE of Attu Station, Alaska",earthquake,,0.8,,,reviewed,ak,ak
2006-07-24T03:38:45.739Z,61.4891,-149.7789,45,2.2,ml,,,,0.32,ak,ak0069f36osd,2019-02-13T05:06:31.538Z,"4 km NW of Knik, Alaska",earthquake,,0,,,reviewed,ak,ak
2006-07-24T03:38:14.180Z,-9.558,108.073,10,4.4,mb,20,88.1,,1.1,us,usp000epf0,2014-11-07T01:29:45.021Z,"241 km S of Kawalu, Indonesia",earthquake,,,,5,reviewed,us,us
2006-07-24T03:25:06.770Z,4.128,122.487,613.3,4.4,mb,18,151.8,,0.83,us,usp000epez,2014-11-07T01:29:45.019Z,"220 km SSE of Tabiauan, Philippines",earthquake,,18,,3,reviewed,us,us
2006-07-24T03:19:55.700Z,-32.472,-69.837,119.7,3.1,m,14,136.6,,,us,usp000epey,2014-11-07T01:29:45.017Z,"81 km ENE of Los Andes, Chile",earthquake,,,,,reviewed,guc,guc
2006-07-24T03:19:20.924Z,54.0231,-164.1232,63.9,2.1,ml,,,,0.38,ak,ak0069f32k9o,2019-02-13T05:06:40.206Z,"103 km SSW of False Pass, Alaska",earthquake,,0.1,,,reviewed,ak,ak
2006-07-24T03:08:57.004Z,52.6775,-166.5497,8.2,2.3,ml,,,,0.44,ak,ak0069f30a6c,2019-02-13T05:06:39.798Z,"133 km S of Unalaska, Alaska",earthquake,,0.2,,,reviewed,ak,ak
2006-07-24T02:59:17.000Z,39.45,19.55,38,3.8,md,52,98.5,,,us,usp000epex,2014-11-07T01:29:45.011Z,"28 km W of Ágios Matthaíos, Greece",earthquake,,,,,reviewed,ath,ath
2006-07-24T02:46:49.210Z,41.149,20.376,0.1,2.6,md,20,116.2,,,us,usp000epew,2014-11-07T01:29:45.008Z,"6 km SSE of Librazhd-Qendër, Albania",earthquake,,,,,reviewed,the,pdg
2006-07-24T02:27:19.970Z,-5.993,151.692,55.8,5.2,mb,53,38.9,,0.94,us,usp000epev,2014-11-07T01:29:45.003Z,"178 km ESE of Kimbe, Papua New Guinea",earthquake,,,,17,reviewed,us,us
2006-07-24T02:01:41.100Z,32.7073333,-116.0598333,5.71,2.78,ml,38,99,0.05909,0.31,ci,ci14242580,2016-03-09T15:53:01.324Z,"7km WSW of Ocotillo, CA",earthquake,0.45,31.61,0.123,101,reviewed,ci,ci
2006-07-24T01:38:56.160Z,-9.265,108.726,12.7,4.6,mb,37,72.6,,1.07,us,usp000epet,2014-11-07T01:29:44.955Z,"189 km SSW of Kroya, Indonesia",earthquake,,25.4,,8,reviewed,us,us
2006-07-24T01:38:06.340Z,10.969,-85.736,28.2,5,mwc,167,64,,0.97,us,usp000epes,2022-05-02T18:24:18.447Z,"16 km SW of La Cruz, Costa Rica",earthquake,,,,,reviewed,us,hrv
2006-07-24T01:29:09.770Z,36.413,71.294,63.2,3.8,mb,36,145.9,,1.2,us,usp000eper,2014-11-07T01:29:44.927Z,"36 km SW of Ashk?sham, Afghanistan",earthquake,,15.4,,7,reviewed,us,us
2006-07-24T01:23:26.020Z,-9.713,108.101,10,5.1,mb,90,45.3,,0.89,us,usp000epeq,2014-11-07T01:29:44.918Z,"257 km SSW of Sidareja, Indonesia",earthquake,,,,33,reviewed,us,us
2006-07-24T01:19:31.220Z,32.7001667,-116.0573333,8.64,2.38,ml,28,108,0.05482,0.29,ci,ci14242576,2016-03-08T20:27:07.893Z,"7km WSW of Ocotillo, CA",earthquake,0.5,1.42,0.112,78,reviewed,ci,ci
2006-07-24T01:03:13.080Z,-9.532,107.461,14.9,4.8,mb,42,81,,0.87,us,usp000epep,2014-11-07T01:29:44.914Z,"251 km SSW of Singaparna, Indonesia",earthquake,,29.6,,19,reviewed,us,us
2006-07-24T01:02:48.500Z,-9.295,107.64,10,3.9,mb,11,203.6,,0.8,us,usp000epen,2014-11-07T01:29:44.912Z,"220 km SSW of Kawalu, Indonesia",earthquake,,,,1,reviewed,us,us
2006-07-24T00:58:08.120Z,-9.535,107.467,25.4,5.1,mb,91,47.3,,0.83,us,usp000epem,2014-11-07T01:29:44.903Z,"251 km SSW of Singaparna, Indonesia",earthquake,,15.7,,32,reviewed,us,us
2006-07-24T00:01:17.640Z,61.023,-150.8815,54.1,2.2,ml,,,,0.45,ak,ak0069f16eb8,2019-02-13T05:06:31.118Z,"14 km ESE of Tyonek, Alaska",earthquake,,0.1,,,reviewed,ak,ak
2006-07-23T23:18:08.300Z,38.97,20.58,29,3.1,md,5,141.6,,,us,usp000epek,2014-11-07T01:29:44.902Z,"14 km W of Préveza, Greece",earthquake,,,,,reviewed,ath,ath
2006-07-23T23:06:59.370Z,35.753,0.64,10,4.4,m,69,97.3,,0.97,us,usp000epej,2014-11-07T01:29:44.893Z,"7 km ENE of Relizane, Algeria",earthquake,,,,,reviewed,us,mdd
2006-07-23T22:32:26.720Z,-9.333,107.733,4.7,4.5,mb,20,167.5,,0.42,us,usp000epeh,2014-11-07T01:29:44.891Z,"222 km SSW of Kawalu, Indonesia",earthquake,,26,,8,reviewed,us,us
2006-07-23T22:13:25.830Z,35.55,0.741,10,3.3,mblg,56,220.7,,1.25,us,usp000epeg,2014-11-07T01:29:44.884Z,"11 km NNE of Oued el Abtal, Algeria",earthquake,,,,,reviewed,us,mdd
2006-07-23T22:10:56.596Z,56.8489,-149.069,26.4,3,ml,,,,0.72,ak,ak0069dqslkr,2019-02-13T05:06:19.886Z,"211 km ESE of Chiniak, Alaska",earthquake,,6.2,,,reviewed,ak,ak
2006-07-23T21:56:36.570Z,-9.697,107.593,10,4.8,mb,42,114.5,,0.97,us,usp000epee,2014-11-07T01:29:44.879Z,"264 km SSW of Kawalu, Indonesia",earthquake,,,,16,reviewed,us,us
2006-07-23T21:48:01.150Z,-9.533,107.355,10,4.6,mb,27,87.4,,0.82,us,usp000eped,2014-11-07T01:29:44.875Z,"255 km SSW of Singaparna, Indonesia",earthquake,,,,8,reviewed,us,us
2006-07-23T21:38:22.000Z,-10.396,107.376,10,3.9,mb,13,203.1,,1.21,us,usp000epec,2014-11-07T01:29:44.874Z,"south of Java, Indonesia",earthquake,,,,5,reviewed,us,us
2006-07-23T21:32:39.380Z,19.317,-64.519,11.4,3.1,md,4,314.7,,,us,usp000epeb,2014-11-07T01:29:44.872Z,"112 km NNE of Cruz Bay, U.S. Virgin Islands",earthquake,,,,,reviewed,rspr,rspr
2006-07-23T21:30:39.200Z,38.7616667,-122.7355,0.474,2.34,md,54,27,0.01892,0.09,nc,nc21528692,2017-01-15T01:16:23.790Z,"6 km S of Cobb, California",earthquake,0.14,0.31,0.16,28,reviewed,nc,nc
2006-07-23T21:26:52.181Z,51.6327,-179.7801,86.5,2.4,ml,,,,0.3,ak,ak0069dqal36,2019-02-13T05:06:19.066Z,"218 km W of Adak, Alaska",earthquake,,0.3,,,reviewed,ak,ak
2006-07-23T21:11:06.100Z,38.11,73.089,16.3,4.5,mb,69,132.8,,0.87,us,usp000epea,2014-11-07T01:29:44.867Z,"77 km W of Murghob, Tajikistan",earthquake,,15.6,,23,reviewed,us,us
2006-07-23T20:50:51.270Z,-17.93,-178.608,587,5.8,mwc,402,27.2,,0.9,us,usp000epe9,2022-05-02T18:24:12.347Z,"220 km E of Levuka, Fiji",earthquake,,,,,reviewed,us,hrv
2006-07-23T20:40:28.720Z,-9.594,107.397,10,4.9,mb,72,52.7,,0.78,us,usp000epe8,2014-11-07T01:29:44.646Z,"260 km SSW of Singaparna, Indonesia",earthquake,,,,26,reviewed,us,us
2006-07-23T20:32:57.640Z,32.7173333,-116.0556667,2.78,2.38,ml,29,93,0.0693,0.27,ci,ci14242556,2016-03-08T23:27:46.841Z,"6km WSW of Ocotillo, CA",earthquake,0.49,0.87,0.131,82,reviewed,ci,ci
2006-07-23T20:19:38.590Z,-15.725,-173.877,132.6,4.1,mb,13,137.1,,1.03,us,usp000epe7,2014-11-07T01:29:44.640Z,"26 km NNW of Hihifo, Tonga",earthquake,,19.8,,3,reviewed,us,us
2006-07-23T20:19:31.790Z,-5.548,150.627,89.7,4,mb,14,160.7,,0.83,us,usp000epe6,2014-11-07T01:29:44.638Z,"54 km E of Kimbe, Papua New Guinea",earthquake,,22.8,,5,reviewed,us,us
2006-07-23T20:17:17.030Z,35.833,0.615,22.3,4.5,mb,253,39,,1.14,us,usp000epe5,2014-11-07T01:29:44.547Z,"11 km NNE of Relizane, Algeria",earthquake,,8.2,,32,reviewed,us,us
2006-07-23T20:10:15.640Z,-56.162,-26.571,63.3,4.6,mb,33,59.4,,0.93,us,usp000epe4,2014-11-07T01:29:44.491Z,"South Sandwich Islands region",earthquake,,14.9,,14,reviewed,us,us
2006-07-23T20:08:04.810Z,7.33,-36.227,10,4.2,mb,15,74.4,,0.72,us,usp000epe3,2014-11-07T01:29:44.489Z,"central Mid-Atlantic Ridge",earthquake,,,,6,reviewed,us,us
2006-07-23T19:50:57.780Z,40.289,-1.018,15,3.6,ml,58,34.7,,,us,usp000epe2,2014-11-07T01:29:44.479Z,"9 km SE of Teruel, Spain",earthquake,,,,,reviewed,mdd,str
2006-07-23T19:48:55.200Z,52.4958,-174.6307,222,2.5,ml,,,,0.79,ak,ak0069dp8fv4,2019-02-13T05:06:28.898Z,"44 km NW of Atka, Alaska",earthquake,,1.1,,,reviewed,ak,ak
2006-07-23T19:43:04.270Z,-9.585,107.441,15.1,5,mb,61,52.3,,0.75,us,usp000epe1,2014-11-07T01:29:44.467Z,"257 km SSW of Singaparna, Indonesia",earthquake,,19.5,,20,reviewed,us,us
2006-07-23T19:39:20.500Z,-9.661,107.638,20.6,4.7,mwc,47,67.6,,0.92,us,usp000epe0,2016-11-10T01:26:04.084Z,"259 km SSW of Kawalu, Indonesia",earthquake,,22.8,,,reviewed,us,hrv
2006-07-23T19:28:02.900Z,38.29,22.37,21,3.1,ml,10,68,,,us,usp000epdz,2014-11-07T01:29:44.461Z,"10 km S of Galaxídhion, Greece",earthquake,,,,,reviewed,ath,ath
2006-07-23T19:16:10.700Z,38.21,20.45,25,3.4,md,5,235,,,us,usp000epdy,2014-11-07T01:29:44.460Z,"1 km NE of Lixoúri, Greece",earthquake,,,,,reviewed,ath,ath
2006-07-23T19:14:37.740Z,-9.317,108.216,10,4.5,mb,10,167.3,,0.58,us,usp000epdx,2014-11-07T01:29:44.458Z,"212 km SSW of Sidareja, Indonesia",earthquake,,,,1,reviewed,us,us
2006-07-23T19:09:08.030Z,-9.084,107.809,11.4,4.8,mb,25,130.8,,0.7,us,usp000epdw,2014-11-07T01:29:44.456Z,"193 km SSW of Kawalu, Indonesia",earthquake,,39.4,,9,reviewed,us,us
2006-07-23T19:07:25.770Z,-9.33,107.707,10,4.2,mb,12,206.5,,0.52,us,usp000epdv,2014-11-07T01:29:44.454Z,"222 km SSW of Kawalu, Indonesia",earthquake,,,,2,reviewed,us,us
2006-07-23T18:59:13.750Z,40.287,-1.015,15.8,3.6,ml,49,34.7,,,us,usp000epdu,2014-11-07T01:29:44.447Z,"10 km SE of Teruel, Spain",earthquake,,,,,reviewed,mdd,str
2006-07-23T18:58:58.390Z,-10.421,107.577,10,4.3,mb,12,203.4,,1.19,us,usp000epdt,2014-11-07T01:29:44.445Z,"south of Java, Indonesia",earthquake,,,,1,reviewed,us,us
2006-07-23T18:54:05.120Z,-5.378,150.82,2.6,4.9,mwc,30,66.8,,1.08,us,usp000epds,2016-11-10T01:26:03.532Z,"77 km ENE of Kimbe, Papua New Guinea",earthquake,,8.8,,,reviewed,us,hrv
2006-07-23T18:35:06.844Z,51.157,-176.367,16.7,2.8,ml,,,,0.39,ak,ak0069dok47w,2019-02-13T05:06:18.230Z,"81 km SSE of Adak, Alaska",earthquake,,0.3,,,reviewed,ak,ak
2006-07-23T18:18:36.654Z,63.1678,-144.4364,4.6,3.2,ml,,,,1.18,ak,ak0069dogjch,2019-02-13T05:08:59.295Z,"43 km NW of Mentasta Lake, Alaska",earthquake,,0.1,,,reviewed,ak,ak
2006-07-23T17:43:42.860Z,-6.997,156.261,10,4.7,mb,21,166.6,,1.21,us,usp000epdq,2014-11-07T01:29:44.437Z,"110 km SE of Kieta, Papua New Guinea",earthquake,,,,5,reviewed,us,us
2006-07-23T17:23:45.700Z,-9.584,107.435,19.2,5.1,mb,61,52.3,,0.82,us,usp000epdp,2014-11-07T01:29:44.431Z,"257 km SSW of Singaparna, Indonesia",earthquake,,19.7,,20,reviewed,us,us
2006-07-23T17:19:49.850Z,-2.409,139.429,21.1,4.5,mb,23,126.8,,0.93,us,usp000epdn,2014-11-07T01:29:44.429Z,"135 km W of Abepura, Indonesia",earthquake,,37.1,,12,reviewed,us,us
2006-07-23T17:15:59.507Z,62.7615,-151.6463,8.7,2.3,ml,,,,0.48,ak,ak0069dnuicu,2019-02-13T05:06:17.908Z,"53 km WNW of Petersville, Alaska",earthquake,,0,,,reviewed,ak,ak
2006-07-23T17:15:40.308Z,51.9995,177.1611,5.1,2.8,ml,,,,0.66,ak,ak0069dnugvi,2019-02-13T05:06:17.498Z,"286 km ESE of Attu Station, Alaska",earthquake,,0.1,,,reviewed,ak,ak
2006-07-23T17:10:49.460Z,10.089,-62.436,21,3.6,md,5,303.4,,,us,usp000epdm,2014-11-07T01:29:44.428Z,"near the coast of Venezuela",earthquake,,,,,reviewed,trn,trn
2006-07-23T16:04:00.780Z,33.731,-117.4826667,9.3,2,ml,44,62,0.1233,0.21,ci,ci14242520,2016-03-09T12:13:41.855Z,"12km NE of Trabuco Canyon, CA",earthquake,0.4,1.19,0.169,108,reviewed,ci,ci
2006-07-23T15:58:52.450Z,33.73,-117.4778333,10.442,3.69,ml,154,54,,0.33,ci,ci14242516,2022-06-15T22:30:53.268Z,"13km NE of Trabuco Canyon, CA",earthquake,0.22,0.5,0.14,369,reviewed,ci,ci
2006-07-23T15:57:29.830Z,-30.161,-177.433,47.4,4,mb,9,152.4,,1.03,us,usp000epdj,2014-11-07T01:29:44.424Z,"Kermadec Islands, New Zealand",earthquake,,32.4,,1,reviewed,us,us
2006-07-23T15:56:46.320Z,36.073,-117.8983333,3.742,2.22,ml,28,30,0.05687,0.17,ci,ci14242512,2016-03-09T09:23:34.200Z,"6km NE of Coso Junction, CA",earthquake,0.37,0.5,0.166,42,reviewed,ci,ci
2006-07-23T15:47:31.700Z,-31.57,-69.738,136.7,3.9,m,15,214,,,us,usp000epdh,2014-11-07T01:29:44.421Z,"39 km SW of Calingasta, Argentina",earthquake,,,,,reviewed,guc,guc
2006-07-23T15:12:41.370Z,34.885,138.202,260.7,4,mb,21,162.3,,0.55,us,usp000epdg,2014-11-07T01:29:44.418Z,"6 km WNW of Fujieda, Japan",earthquake,,5.6,,3,reviewed,us,us
2006-07-23T15:10:17.410Z,19.076,-64.821,10,2.7,md,4,292.2,,,us,usp000epdf,2014-11-07T01:29:44.417Z,"82 km N of Charlotte Amalie, U.S. Virgin Islands",earthquake,,,,,reviewed,rspr,rspr
2006-07-23T15:07:52.830Z,19.103,-64.792,7.7,3,md,6,293.1,,,us,usp000epde,2014-11-07T01:29:44.416Z,"85 km N of Cruz Bay, U.S. Virgin Islands",earthquake,,,,,reviewed,rspr,rspr
2006-07-23T14:46:16.110Z,17.43,-83.691,22.8,4.1,mb,28,101.3,,1.13,us,usp000epdd,2014-11-07T01:29:44.413Z,"191 km NNE of Barra Patuca, Honduras",earthquake,,27.6,,16,reviewed,us,us
2006-07-23T14:33:15.934Z,55.08,-161.2804,60,2.9,ml,,,,0.51,ak,ak0069dm5z2h,2019-02-13T05:06:17.075Z,"57 km WSW of Sand Point, Alaska",earthquake,,0.2,,,reviewed,ak,ak
2006-07-23T13:58:22.570Z,19.043,-64.842,4.4,2.9,md,4,289.2,,,us,usp000epdb,2014-11-07T01:29:44.411Z,"78 km N of Charlotte Amalie, U.S. Virgin Islands",earthquake,,,,,reviewed,rspr,rspr
2006-07-23T13:56:26.600Z,-45.12,167.34,137,4,m,20,203.2,,,us,usp000epda,2014-11-07T01:29:44.409Z,"44 km NW of Te Anau, New Zealand",earthquake,,,,,reviewed,wel,wel
2006-07-23T13:46:23.730Z,19.094,-64.754,10.8,2.8,md,5,296.5,,,us,usp000epd9,2014-11-07T01:29:44.407Z,"84 km N of Cruz Bay, U.S. Virgin Islands",earthquake,,,,,reviewed,rspr,rspr
2006-07-23T13:42:47.970Z,19.016,-64.666,68.6,3.6,md,13,283.2,,,us,usp000epd8,2014-11-07T01:29:44.405Z,"76 km N of Cruz Bay, U.S. Virgin Islands",earthquake,,,,,reviewed,rspr,rspr
2006-07-23T13:35:18.999Z,63.2569,-151.2284,4.8,2.5,ml,,,,0.5,ak,ak0069dlkz4r,2019-02-13T05:06:16.295Z,"40 km SE of Denali National Park, Alaska",earthquake,,0.1,,,reviewed,ak,ak
2006-07-23T13:30:03.740Z,19.27,-64.639,24.9,3.5,md,13,292.4,,,us,usp000epd7,2014-11-07T01:29:44.403Z,"105 km N of Cruz Bay, U.S. Virgin Islands",earthquake,,,,,reviewed,rspr,rspr
2006-07-23T13:29:47.550Z,1.244,98.145,30,5,mb,48,96.1,,1.06,us,usp000epd6,2014-11-07T01:29:44.398Z,"89 km SW of Sibolga, Indonesia",earthquake,,,,19,reviewed,us,us
2006-07-23T12:44:32.650Z,33.062,96.033,10,4.8,mwc,121,60.4,,0.86,us,usp000epd5,2016-11-10T01:26:03.033Z,"Southern Qinghai, China",earthquake,,,,,reviewed,us,hrv
2006-07-23T12:35:16.880Z,42.578,-11.297,0,2.7,mblg,14,286.2,,,us,usp000epd4,2014-11-07T01:29:44.385Z,"170 km WSW of Fisterra, Spain",earthquake,,,,,reviewed,mdd,mdd
2006-07-23T12:34:05.960Z,54.781,-163.084,3.5,3,ml,4,180.5,,,us,usp000epd3,2019-02-13T05:06:15.545Z,"22 km ESE of False Pass, Alaska",earthquake,,,,,reviewed,aeic,aeic
2006-07-23T12:30:07.690Z,-23.947,-66.773,196.3,3.6,mb,10,84.5,,0.72,us,usp000epd2,2014-11-07T01:29:44.382Z,"55 km WNW of San Antonio de los Cobres, Argentina",earthquake,,14.1,,1,reviewed,us,us
2006-07-23T12:16:51.670Z,-7.364,128.644,136.9,4.9,mwc,125,47.6,,0.85,us,usp000epd1,2016-11-10T01:26:02.513Z,"222 km NE of Lospalos, Timor Leste",earthquake,,7.7,,,reviewed,us,hrv
2006-07-23T12:05:56.170Z,-0.4,123.487,35,4.9,mb,38,121.9,,1.29,us,usp000epd0,2014-11-07T01:29:44.368Z,"Sulawesi, Indonesia",earthquake,,,,11,reviewed,us,us
2006-07-23T11:58:53.960Z,38.3738,-118.7104,10,2,ml,25,60.93,0.203,0.1169,nn,nn00185816,2018-04-24T20:34:09.361Z,"18 km SSW of Hawthorne, Nevada",earthquake,,2,,,reviewed,nn,nn
2006-07-23T11:57:37.600Z,34.77,24.34,5,3.4,md,4,204.2,,,us,usp000epcz,2014-11-07T01:29:44.367Z,"24 km ESE of Kastrí, Greece",earthquake,,,,,reviewed,ath,ath
2006-07-23T11:57:26.830Z,-9.205,107.438,10,4.4,mb,8,140.5,,0.39,us,usp000epcy,2014-11-07T01:29:44.366Z,"217 km SSW of Singaparna, Indonesia",earthquake,,,,1,reviewed,us,us
2006-07-23T11:07:20.020Z,-9.471,107.854,10,4.3,mb,8,207.1,,0.91,us,usp000epcx,2014-11-07T01:29:44.364Z,"234 km S of Kawalu, Indonesia",earthquake,,,,1,reviewed,us,us
2006-07-23T11:03:00.255Z,58.1068,-142.6079,12,2.1,ml,,,,0.5,ak,ak0069dk77k9,2019-02-13T05:09:38.929Z,"231 km SW of Yakutat, Alaska",earthquake,,24051.7,,,reviewed,ak,ak
2006-07-23T10:33:23.100Z,18.746,-67.291,0,3,md,8,305.9,,,us,usp000epcw,2014-11-07T01:29:44.363Z,"34 km NW of San Antonio, Puerto Rico",earthquake,,,,,reviewed,rspr,rspr
2006-07-23T10:31:46.470Z,-9.312,107.279,10,4.8,mb,7,214,,0.4,us,usp000epcv,2014-11-07T01:29:44.361Z,"234 km S of Banjar, Indonesia",earthquake,,,,2,reviewed,us,us
2006-07-23T10:03:13.500Z,17.167,-92.331,144.7,4,mb,6,163.2,,,us,usp000epcu,2014-11-07T01:29:44.359Z,"0 km SSE of Yajalón, Mexico",earthquake,,,,6,reviewed,unm,us
2006-07-23T09:57:47.430Z,33.3161667,-116.3911667,9.818,2.3,ml,49,27,0.05256,0.2,ci,ci14242480,2016-03-08T20:27:02.804Z,"7km NNW of Borrego Springs, CA",earthquake,0.28,0.88,0.213,104,reviewed,ci,ci
2006-07-23T09:56:19.035Z,61.2796,-150.523,47.5,2.8,ml,,,,0.51,ak,ak0069djbqr3,2019-02-13T05:06:15.095Z,"29 km S of Susitna, Alaska",earthquake,,0,,,reviewed,ak,ak
2006-07-23T09:51:36.924Z,52.0231,177.1541,7.9,2.6,ml,,,,0.62,ak,ak0069djapjw,2019-02-13T05:06:14.739Z,"284 km ESE of Attu Station, Alaska",earthquake,,0.5,,,reviewed,ak,ak
2006-07-23T09:27:50.530Z,61.5739,-151.306,2.4,2.4,ml,,,,0.69,ak,ak0069dj5lf1,2019-02-13T05:06:14.333Z,"42 km W of Susitna, Alaska",earthquake,,0,,,reviewed,ak,ak
2006-07-23T08:47:11.100Z,-0.377,123.304,40.2,4.8,mb,36,84.4,,1.04,us,usp000epcr,2014-11-07T01:29:44.352Z,"Sulawesi, Indonesia",earthquake,,,,7,reviewed,us,us
2006-07-23T08:45:22.820Z,-0.412,123.227,45.3,5.2,mwc,80,69.1,,1.21,us,usp000epcq,2022-05-02T18:24:27.144Z,"77 km NE of Luwuk, Indonesia",earthquake,,,,,reviewed,us,hrv
2006-07-23T08:44:30.750Z,35.7956667,-117.9856667,2.673,2.57,ml,28,51,0.07957,0.17,ci,ci14242472,2016-03-09T02:16:35.276Z,"17km SSW of Little Lake, CA",earthquake,0.33,0.62,0.177,96,reviewed,ci,ci
2006-07-23T08:31:24.700Z,-0.486,123.54,31.4,5.1,mb,32,77.5,,0.84,us,usp000epcp,2014-11-07T01:29:44.327Z,"98 km ENE of Luwuk, Indonesia",earthquake,,21.2,,10,reviewed,us,us
2006-07-23T08:22:04.160Z,-0.336,123.286,28,6,mwc,308,33.2,,1.16,us,usp000epcn,2022-05-02T18:24:09.964Z,"87 km NE of Luwuk, Indonesia",earthquake,,,,,reviewed,us,hrv
2006-07-23T08:13:15.280Z,24.049,122.446,36.2,4.4,mb,24,113.6,,0.76,us,usp000epcm,2014-11-07T01:29:44.285Z,"72 km SW of Yonakuni, Japan",earthquake,,7.5,,8,reviewed,us,us
2006-07-23T07:32:36.190Z,36.4505,-121.0193333,-0.041,2.15,md,25,139,0.02613,0.08,nc,nc21528622,2017-01-15T01:13:07.510Z,"24 km NE of Greenfield, California",earthquake,0.44,0.84,0.1,21,reviewed,nc,nc
2006-07-23T07:12:31.300Z,38.68,22.7,19,3,ml,7,141.6,,,us,usp000epck,2014-11-07T01:29:44.284Z,"8 km NW of Eláteia, Greece",earthquake,,,,,reviewed,ath,ath
2006-07-23T07:08:31.520Z,50.859,157.516,56.3,4.4,mb,47,144,,0.47,us,usp000epcj,2014-11-07T01:29:44.280Z,"100 km E of Severo-Kuril’sk, Russia",earthquake,,7.5,,16,reviewed,us,us
2006-07-23T06:53:31.260Z,-10.008,108.676,18.3,5,mb,45,113.9,,1.28,us,usp000epch,2014-11-07T01:29:44.275Z,"270 km SSW of Kroya, Indonesia",earthquake,,33.6,,14,reviewed,us,us
2006-07-23T05:29:00.830Z,50.345,18.924,5,2.7,m,11,174.8,,1.11,us,usp000epcf,2014-11-07T01:29:44.271Z,"0 km WSW of Bytom, Poland",earthquake,,,,,reviewed,us,war
2006-07-23T05:08:04.390Z,36.385,1.737,16,3.9,m,24,251,,,us,usp000epce,2014-11-07T01:29:44.267Z,"13 km NNE of El Abadia, Algeria",earthquake,,,,,reviewed,mdd,mdd
2006-07-23T04:35:24.000Z,-29.57,-70.746,75,2.7,m,4,180.8,,,us,usp000epcd,2014-11-07T01:29:44.265Z,"51 km N of Vicuña, Chile",earthquake,,,,,reviewed,guc,guc
2006-07-23T04:16:02.870Z,46.1943333,-122.1906667,-1.884,2.4,md,12,107,,0.29,uw,uw10701838,2016-07-22T22:21:09.920Z,"37 km NNE of Amboy, Washington",earthquake,0.064,1.69,0.04,2,reviewed,uw,uw
2006-07-23T03:38:18.250Z,-17.602,-69.159,153.3,3.5,mb,7,217.5,,1.01,us,usp000epcc,2014-11-07T01:29:44.264Z,"82 km WNW of Curahuara de Carangas, Bolivia",earthquake,,10.9,,1,reviewed,us,us
2006-07-23T03:34:38.860Z,-10.11,108.697,10,4.1,mb,9,181.2,,0.33,us,usp000epcb,2014-11-07T01:29:44.262Z,"280 km SSW of Kroya, Indonesia",earthquake,,,,3,reviewed,us,us
2006-07-23T03:33:44.860Z,-4.542,153.359,163.2,4.3,mb,11,290.6,,0.79,us,usp000epca,2014-11-07T01:29:44.260Z,"122 km E of Kokopo, Papua New Guinea",earthquake,,30.5,,2,reviewed,us,us
2006-07-23T03:11:11.760Z,-9.296,107.326,10,4.7,mb,28,87.1,,0.64,us,usp000epc9,2014-11-07T01:29:44.258Z,"231 km SSW of Singaparna, Indonesia",earthquake,,,,13,reviewed,us,us
2006-07-23T03:07:02.700Z,60.32,-57.748,18,3.9,ml,30,57.9,,,us,usp000epc8,2014-11-07T01:29:44.254Z,"Davis Strait",earthquake,,,,,reviewed,ott,ott
2006-07-23T02:56:27.590Z,18.899,-65.188,3.8,3,md,5,288.9,,,us,usp000epc7,2014-11-07T01:29:44.253Z,"67 km N of Culebra, Puerto Rico",earthquake,,,,,reviewed,rspr,rspr
2006-07-23T02:41:38.680Z,18.839,-68.505,54.6,3.3,md,11,340.9,,,us,usp000epc6,2014-11-07T01:29:44.251Z,"Mona Passage",earthquake,,,,,reviewed,rspr,rspr
2006-07-23T02:26:42.410Z,2.768,95.788,30,4.1,mb,8,214.5,,0.48,us,usp000epc5,2014-11-07T01:29:44.250Z,"73 km WNW of Sinabang, Indonesia",earthquake,,,,1,reviewed,us,us
2006-07-23T02:12:42.478Z,59.9338,-152.871,84.2,2,ml,,,,0.34,ak,ak0069dewbtj,2019-02-13T05:06:21.076Z,"60 km WNW of Anchor Point, Alaska",earthquake,,0.2,,,reviewed,ak,ak
2006-07-23T02:00:39.800Z,-22.859,-66.216,249.2,4,mb,12,83.9,,1,us,usp000epc4,2014-11-07T01:29:44.248Z,"55 km WSW of Abra Pampa, Argentina",earthquake,,11.3,,3,reviewed,us,us
2006-07-23T01:36:38.790Z,19.035,-68.56,39.9,3.2,md,11,340.1,,,us,usp000epc3,2014-11-07T01:29:44.246Z,"43 km NNE of Otra Banda, Dominican Republic",earthquake,,,,,reviewed,rspr,rspr
2006-07-23T01:29:55.350Z,-4.544,153.551,151,4.6,mb,14,219.4,,0.87,us,usp000epc2,2014-11-07T01:29:44.244Z,"144 km E of Kokopo, Papua New Guinea",earthquake,,27.1,,5,reviewed,us,us
2006-07-23T01:20:15.200Z,34.28,24.06,27,3.3,md,5,273.9,,,us,usp000epc1,2014-11-07T01:29:44.243Z,"62 km S of Kastrí, Greece",earthquake,,,,,reviewed,ath,ath
2006-07-23T00:56:03.020Z,-8.962,107.964,26,4.8,mb,38,54.4,,0.8,us,usp000epc0,2014-11-07T01:29:44.239Z,"176 km S of Kawalu, Indonesia",earthquake,,,,16,reviewed,us,us
2006-07-23T00:37:37.900Z,-40.6,173.26,180,4.3,mb,108,24.2,,,us,usp000epbz,2014-11-07T01:29:44.231Z,"47 km NE of Takaka, New Zealand",earthquake,,,,15,reviewed,wel,us
2006-07-22T23:40:00.940Z,18.38,-66.208,116.4,3.8,md,19,184.7,,,us,usp000epby,2014-11-07T01:29:44.228Z,"1 km SE of Mucarabones, Puerto Rico",earthquake,,,,,reviewed,rspr,rspr
2006-07-22T23:38:31.040Z,18.489,-65.074,91.2,3.3,md,13,194.9,,,us,usp000epbx,2014-11-07T01:29:44.226Z,"22 km NW of Charlotte Amalie, U.S. Virgin Islands",earthquake,,,,,reviewed,rspr,rspr
2006-07-22T23:20:36.330Z,37.102,-14.301,10,3.6,m,7,309.9,,0.34,us,usp000epbw,2014-11-07T01:29:44.224Z,"Azores-Cape St. Vincent Ridge",earthquake,,,,,reviewed,us,mdd
2006-07-22T22:14:27.450Z,-6.668,131.855,35,4.5,mb,16,118.9,,1.52,us,usp000epbv,2014-11-07T01:29:44.222Z,"151 km SW of Tual, Indonesia",earthquake,,,,6,reviewed,us,us
2006-07-22T22:05:22.210Z,-9.634,107.491,28.7,4.8,mb,65,52.1,,0.9,us,usp000epbu,2014-11-07T01:29:44.216Z,"261 km SSW of Kawalu, Indonesia",earthquake,,19.6,,21,reviewed,us,us
2006-07-22T21:48:17.510Z,-42.865,-83.315,10,4.9,mwc,23,178.4,,0.96,us,usp000epbt,2016-11-10T01:26:00.931Z,"West Chile Rise",earthquake,,,,,reviewed,us,hrv
2006-07-22T21:17:39.529Z,50.7548,-179.292,7.8,2.1,ml,,,,0.48,ak,ak0069c2pa68,2019-02-13T05:06:12.145Z,"223 km SW of Adak, Alaska",earthquake,,1.3,,,reviewed,ak,ak
2006-07-22T21:04:30.200Z,-38.47,175.76,153,3.8,m,15,209.5,,,us,usp000epbs,2014-11-07T01:29:44.211Z,"27 km SSW of Tokoroa, New Zealand",earthquake,,,,,reviewed,wel,wel
2006-07-22T20:43:17.800Z,19.3308333,-155.1908333,8.397,2.27,ml,36,86,,0.09,hv,hv5510757,2020-03-31T21:49:37.040Z,"13 km SSE of Volcano, Hawaii",earthquake,0.38,0.42,0.15,12,reviewed,hv,hv
2006-07-22T20:38:37.240Z,-9.42,108.938,33.6,4.3,mb,23,141.9,,0.62,us,usp000epbr,2014-11-07T01:29:44.208Z,"200 km S of Kroya, Indonesia",earthquake,,,,6,reviewed,us,us
2006-07-22T20:29:13.720Z,43.255,18.692,11,3,ml,46,61.7,,,us,usp000epbp,2014-11-07T01:29:44.202Z,"16 km NE of Gacko, Bosnia and Herzegovina",earthquake,,,,,reviewed,pdg,pdg
2006-07-22T20:20:37.850Z,-9.957,107.896,10,3.9,mb,8,207,,0.43,us,usp000epbn,2014-11-07T01:29:44.201Z,"286 km S of Kawalu, Indonesia",earthquake,,,,1,reviewed,us,us
2006-07-22T20:15:39.590Z,51.984,178.41,121,4.2,mb,30,73.5,,1.05,us,usp000epbm,2019-02-13T05:06:04.963Z,"Rat Islands, Aleutian Islands, Alaska",earthquake,,,,4,reviewed,us,us
2006-07-22T20:02:11.770Z,42.275,24.144,1.5,3.2,ml,26,51.8,,,us,usp000epbk,2014-11-07T01:29:44.195Z,"7 km N of Septemvri, Bulgaria",earthquake,,,,,reviewed,the,the
2006-07-22T20:00:42.452Z,51.7786,176.8509,4.3,2.5,ml,,,,0.89,ak,ak0069c207md,2019-02-13T05:06:11.776Z,"276 km ESE of Attu Station, Alaska",earthquake,,0.1,,,reviewed,ak,ak
2006-07-22T19:47:42.550Z,-17.716,-13.312,10,5.3,mwc,72,58.6,,0.99,us,usp000epbj,2016-11-10T01:26:00.356Z,"southern Mid-Atlantic Ridge",earthquake,,,,,reviewed,us,hrv
2006-07-22T19:27:44.475Z,58.6064,-143.6024,12.4,2,ml,,,,0.42,ak,ak0069c1kki7,2019-02-13T05:09:09.883Z,"245 km WSW of Yakutat, Alaska",earthquake,,693.9,,,reviewed,ak,ak
2006-07-22T18:59:54.500Z,38.4,20.64,29,3.1,md,5,143.6,,,us,usp000epbg,2014-11-07T01:29:44.181Z,"7 km WNW of Itháki, Greece",earthquake,,,,,reviewed,ath,ath
2006-07-22T18:59:36.610Z,-47.74,165.313,35,3.6,mb,9,121.2,,1.33,us,usp000epbf,2014-11-07T01:29:44.180Z,"257 km SW of Riverton, New Zealand",earthquake,,,,1,reviewed,us,us
2006-07-22T18:57:22.090Z,35.172,33.176,52.1,3.2,m,6,183.2,,0.25,us,usp000epbe,2014-11-07T01:29:44.178Z,"2 km W of Mámmari, Cyprus",earthquake,,23.4,,,reviewed,us,nic
2006-07-22T18:53:44.830Z,40.6141667,-123.9203333,20.774,2.41,md,20,91,0.2027,0.15,nc,nc21528567,2017-01-15T01:09:58.210Z,"16 km ENE of Hydesville, California",earthquake,0.45,0.73,0.15,14,reviewed,nc,nc
2006-07-22T18:51:09.960Z,35.5498333,-121.3541667,-0.238,2.02,md,31,207,0.173,0.13,nc,nc21528566,2017-01-15T01:09:51.210Z,"18 km SW of San Simeon, California",earthquake,0.6,1.9,0.13,18,reviewed,nc,nc
2006-07-22T18:40:24.720Z,-5.858,146.467,35.1,4.3,mb,11,205,,1.03,us,usp000epbc,2014-11-07T01:29:44.175Z,"81 km NE of Kainantu, Papua New Guinea",earthquake,,28.3,,2,reviewed,us,us
2006-07-22T18:20:08.600Z,37.97,21,18,3.1,md,4,166,,,us,usp000epbb,2014-11-07T01:29:44.174Z,"13 km WNW of Kyllíni, Greece",earthquake,,,,,reviewed,ath,ath
2006-07-22T18:08:17.200Z,45.62,10.182,2.1,3.3,ml,69,75.3,,,us,usp000epba,2014-11-07T01:29:44.166Z,"1 km NW of San Vigilio, Italy",earthquake,,,,,reviewed,rom,grf
2006-07-22T18:03:54.680Z,43.787,-105.283,0,3,ml,29,113.8,,0.93,rusms,rusms00004152,2022-06-09T21:12:51.768Z,"17 km ENE of Wright, Wyoming",explosion,,,,,reviewed,us,us
2006-07-22T18:02:36.020Z,-9.437,107.922,10,4.5,mb,17,86.6,,0.62,us,usp000epb9,2014-11-07T01:29:44.164Z,"229 km S of Kawalu, Indonesia",earthquake,,,,11,reviewed,us,us
2006-07-22T17:50:37.390Z,34.4316667,-116.5076667,3.059,2.42,ml,45,44,0.1086,0.18,ci,ci14242192,2016-03-09T00:52:02.814Z,"36km N of Yucca Valley, CA",earthquake,0.24,0.68,0.137,127,reviewed,ci,ci
2006-07-22T17:45:26.790Z,17.096,-94.393,126,4.4,mb,86,71.9,,1.02,us,usp000epb8,2014-11-07T01:29:44.156Z,"21 km SSE of Poblado 10, Mexico",earthquake,,4.5,,41,reviewed,us,us
2006-07-22T17:43:05.200Z,37.78,20.86,21,3.2,md,4,206.9,,,us,usp000epb7,2014-11-07T01:29:44.155Z,"1 km SSE of Vanáton, Greece",earthquake,,,,,reviewed,ath,ath
2006-07-22T17:15:37.912Z,38.3808,-118.7128,5.1,2,ml,17,61.4,0.07,0.1042,nn,nn00185885,2018-04-24T20:34:06.319Z,"California-Nevada border region",earthquake,,2.7,,,reviewed,nn,nn
2006-07-22T16:42:54.720Z,-4.847,102.253,43.2,5,mb,86,90,,1.04,us,usp000epb6,2014-11-07T01:29:44.146Z,"115 km S of Bengkulu, Indonesia",earthquake,,,,35,reviewed,us,us
2006-07-22T16:39:54.120Z,36.545,70.563,146.7,4.4,mb,40,63.8,,1.15,us,usp000epb5,2014-11-07T01:29:44.142Z,"Hindu Kush region, Afghanistan",earthquake,,15.4,,18,reviewed,us,us
2006-07-22T16:30:53.410Z,-2.708,138.858,35.8,4,mb,12,200.3,,0.35,us,usp000epb4,2014-11-07T01:29:44.141Z,"197 km W of Abepura, Indonesia",earthquake,,30.6,,4,reviewed,us,us
2006-07-22T16:23:03.370Z,63.5375,-146.4622,2,2.6,ml,,,,0.55,ak,ak0069bzrbnl,2019-02-13T05:06:04.646Z,"62 km SW of Fort Greely, Alaska",earthquake,,0.1,,,reviewed,ak,ak
2006-07-22T16:20:23.417Z,59.7315,-150.7765,23.6,2.5,ml,,,,0.49,ak,ak0069bzqq1x,2019-02-13T05:06:04.220Z,"17 km SE of Fox River, Alaska",earthquake,,0.7,,,reviewed,ak,ak
2006-07-22T15:27:24.260Z,18.422,-68.292,149.8,3.6,md,10,342.7,,,us,usp000epb1,2014-11-07T01:29:44.136Z,"21 km SE of Punta Cana, Dominican Republic",earthquake,,,,,reviewed,rspr,rspr
2006-07-22T15:23:35.088Z,56.9676,-155.5313,16.7,2.1,ml,,,,0.61,ak,ak0069bz5yhw,2019-02-13T05:06:03.826Z,"82 km W of Akhiok, Alaska",earthquake,,0.3,,,reviewed,ak,ak
2006-07-22T15:12:49.200Z,36.95,28.13,32,3.2,md,4,233.6,,,us,usp000epb0,2014-11-07T01:29:44.135Z,"16 km NW of Marmaris, Turkey",earthquake,,,,,reviewed,ath,ath
2006-07-22T14:53:12.210Z,-12.045,-74.135,36.9,4.6,mb,62,51.9,,1.06,us,usp000epaz,2014-11-07T01:29:44.129Z,"70 km NE of Paucarbamba, Peru",earthquake,,8.7,,31,reviewed,us,us
2006-07-22T14:30:18.000Z,-4.162,130.105,35,4.2,mb,12,155.6,,0.96,us,usp000epay,2014-11-07T01:29:44.127Z,"159 km SE of Amahai, Indonesia",earthquake,,,,5,reviewed,us,us
2006-07-22T14:28:15.170Z,-2.684,138.361,46.4,4.5,mb,32,100.8,,1.12,us,usp000epax,2014-11-07T01:29:44.124Z,"252 km W of Abepura, Indonesia",earthquake,,15.2,,14,reviewed,us,us
2006-07-22T14:27:00.370Z,35.5468333,-121.368,0.011,2.11,md,33,222,0.1802,0.07,nc,nc21528538,2017-01-15T01:08:13.828Z,"19 km SW of San Simeon, California",earthquake,0.54,2.77,0.13,19,reviewed,nc,nc
2006-07-22T14:21:38.050Z,-17.515,-178.921,513.5,4.1,mb,17,116.6,,1.16,us,usp000epaw,2014-11-07T01:29:44.122Z,"196 km ENE of Levuka, Fiji",earthquake,,22,,8,reviewed,us,us
2006-07-22T14:14:41.970Z,19.3675,-155.8313333,11.396,2.48,ml,36,126,,0.12,hv,hv5510666,2020-03-31T21:49:36.580Z,"10 km SSE of Honaunau-Napoopoo, Hawaii",earthquake,0.57,0.33,0.14,13,reviewed,hv,hv
2006-07-22T14:06:45.290Z,-21.284,-176.499,172.8,4.2,mb,25,137.5,,0.86,us,usp000epav,2014-11-07T01:29:44.119Z,"134 km W of Haveluloto, Tonga",earthquake,,45.6,,11,reviewed,us,us
2006-07-22T13:51:05.740Z,-9.941,108.076,10,4.3,mb,9,175.1,,1.05,us,usp000epau,2014-11-07T01:29:44.118Z,"282 km SSW of Sidareja, Indonesia",earthquake,,,,6,reviewed,us,us
2006-07-22T13:22:22.500Z,36.717,3.11,10,3.7,mb,27,215.1,,0.76,us,usp000epat,2014-11-07T01:29:44.114Z,"2 km SE of Algiers, Algeria",earthquake,,,,2,reviewed,us,us
2006-07-22T13:13:00.600Z,21.073,94.504,92,4.6,mb,103,62.3,,0.7,us,usp000epas,2014-11-07T01:29:44.105Z,"37 km WNW of Chauk, Myanmar",earthquake,,,,43,reviewed,us,us
2006-07-22T13:11:31.850Z,39.461,-123.1108333,4.831,2.58,md,28,46,0.1432,0.07,nc,nc21528534,2017-01-15T01:07:45.450Z,"15 km N of Potter Valley, California",earthquake,0.22,0.91,0.1,32,reviewed,nc,nc
2006-07-22T12:55:02.230Z,51.567,16.044,5,2.5,ml,14,214.7,,0.87,us,usp000epaq,2014-11-07T01:29:44.101Z,"6 km E of Radwanice, Poland",earthquake,,,,,reviewed,us,grf
2006-07-22T12:07:41.630Z,51.179,-179.269,56.6,3.8,ml,36,135.2,,1,us,usp000epap,2019-02-13T05:06:03.479Z,"198 km WSW of Adak, Alaska",earthquake,,7.4,,,reviewed,us,aeic
2006-07-22T11:20:44.063Z,54.1856,-169.5523,240.6,3.2,ml,,,,1.16,ak,ak0069bwrlme,2019-02-13T05:06:03.042Z,"146 km NNW of Nikolski, Alaska",earthquake,,3.3,,,reviewed,ak,ak
2006-07-22T11:08:29.800Z,-33.884,-70.448,103.5,2.7,m,11,195.1,,,us,usp000epan,2014-11-07T01:29:44.095Z,"28 km ESE of Paine, Chile",earthquake,,,,,reviewed,guc,guc
2006-07-22T10:26:08.964Z,50.9999,-179.7956,13.5,2.2,ml,,,,0.61,ak,ak0069bw7dls,2019-02-13T05:06:07.997Z,"240 km WSW of Adak, Alaska",earthquake,,0.8,,,reviewed,ak,ak
2006-07-22T09:57:20.850Z,-6.1,154.586,70.9,5.2,mwc,72,41.1,,0.91,us,usp000epam,2016-11-10T01:25:59.859Z,"102 km WNW of Panguna, Papua New Guinea",earthquake,,,,,reviewed,us,hrv
2006-07-22T09:38:01.460Z,51.499,16.202,5,2.9,ml,22,126.2,,0.86,us,usp000epak,2014-11-07T01:29:44.083Z,"4 km WSW of Rudna, Poland",earthquake,,,,,reviewed,us,grf
2006-07-22T09:28:09.820Z,17.878,-69.167,44.5,3.4,md,5,352.2,,,us,usp000epaj,2014-11-07T01:29:44.082Z,"64 km SSW of La Romana, Dominican Republic",earthquake,,,,,reviewed,rspr,rspr
2006-07-22T09:00:53.110Z,-23.146,-178.579,76.5,4.5,mb,23,123.9,,1.27,us,usp000epah,2014-11-07T01:29:44.079Z,"south of the Fiji Islands",earthquake,,47.2,,9,reviewed,us,us
2006-07-22T08:52:49.820Z,33.6591667,-116.7643333,11.054,2.06,ml,23,53,0.0701,0.15,ci,ci12247439,2016-03-09T09:23:24.147Z,"10km SSW of Idyllwild, CA",earthquake,0.33,0.56,0.187,61,reviewed,ci,ci
2006-07-22T08:52:14.870Z,33.6476667,-116.7675,11.311,2.73,ml,77,24,0.06927,0.19,ci,ci14242104,2016-03-09T05:06:32.351Z,"11km SSW of Idyllwild, CA",earthquake,0.19,0.41,0.149,222,reviewed,ci,ci
2006-07-22T08:31:51.010Z,61.781,168.443,10,4.2,mb,27,97.3,,0.77,us,usp000epag,2014-11-07T01:29:44.076Z,"198 km NE of Tilichiki, Russia",earthquake,,,,12,reviewed,us,us
2006-07-22T07:56:18.973Z,51.9735,177.0798,10.2,2.7,ml,,,,0.69,ak,ak0069bulj1l,2019-02-13T05:06:02.219Z,"282 km ESE of Attu Station, Alaska",earthquake,,0.7,,,reviewed,ak,ak
2006-07-22T07:55:57.300Z,44.575,42.592,10,4.1,mb,42,88.3,,1.3,us,usp000epaf,2014-11-07T01:29:44.072Z,"14 km NNE of Kursavka, Russia",earthquake,,,,10,reviewed,us,us
2006-07-22T07:44:03.050Z,38.8256667,-122.798,3.709,2.66,md,45,43,0.01802,0.05,nc,nc21528520,2017-01-15T01:06:22.020Z,"6 km W of Cobb, California",earthquake,0.12,0.36,0.11,48,reviewed,nc,nc
2006-07-22T07:41:03.000Z,47.4,10.6,10,3,ml,51,73.8,,,us,usp000epad,2014-11-07T01:29:44.064Z,"2 km SE of Forchach, Austria",earthquake,,,,,reviewed,fbb,ldg
2006-07-22T07:26:51.040Z,-36.166,-100.027,10,4,mb,7,150.4,,0.56,us,usp000epac,2014-11-07T01:29:44.062Z,"southeast of Easter Island",earthquake,,,,1,reviewed,us,us
2006-07-22T07:17:08.000Z,-34.974,-70.56,19.1,2.9,ml,13,306.4,,,us,usp000epab,2014-11-07T01:29:44.060Z,"52 km ESE of Chimbarongo, Chile",earthquake,,,,,reviewed,guc,guc
2006-07-22T07:14:57.870Z,52.0303,177.1253,13.1,3.6,ml,,,,0.5,ak,ak0069buclyz,2019-02-13T05:06:01.379Z,"282 km ESE of Attu Station, Alaska",earthquake,,0.5,,,reviewed,ak,ak
2006-07-22T06:51:26.592Z,62.9833,-144.0643,6.3,2.2,ml,,,,0.5,ak,ak0069btz1g3,2019-02-13T05:06:06.186Z,"16 km WNW of Mentasta Lake, Alaska",earthquake,,0.3,,,reviewed,ak,ak
2006-07-22T06:45:27.800Z,-31.551,-69.563,149.5,3,m,10,238.9,,,us,usp000epaa,2014-11-07T01:29:44.058Z,"27 km SSW of Calingasta, Argentina",earthquake,,,,,reviewed,guc,guc
2006-07-22T06:09:14.000Z,38.203,26.614,12.7,3.6,md,6,174.6,,,us,usp000epa9,2014-11-07T01:29:44.056Z,"18 km SW of Urla, Turkey",earthquake,,,,,reviewed,isk,ath
2006-07-22T05:57:53.770Z,32.725,-116.0611667,2.59,2.11,ml,23,84,0.07361,0.26,ci,ci14242084,2016-03-09T02:16:31.702Z,"6km W of Ocotillo, CA",earthquake,0.51,0.95,0.119,64,reviewed,ci,ci
2006-07-22T05:33:55.400Z,34.16,25.22,27,3.2,md,4,277.6,,,us,usp000epa8,2014-11-07T01:29:44.055Z,"94 km S of Pýrgos, Greece",earthquake,,,,,reviewed,ath,ath
2006-07-22T05:22:29.244Z,50.9392,-179.1227,3.9,2.9,ml,,,,0.48,ak,ak0069bt7ea4,2019-02-13T05:06:00.705Z,"201 km WSW of Adak, Alaska",earthquake,,0.4,,,reviewed,ak,ak
2006-07-22T05:04:49.900Z,-9.494,107.085,10,4.8,mb,35,87.1,,0.76,us,usp000epa7,2014-11-07T01:29:44.052Z,"257 km S of Banjar, Indonesia",earthquake,,,,16,reviewed,us,us
2006-07-22T05:01:55.560Z,46.1945,-122.19,-1.874,2.9,md,15,82,,0.42,uw,uw10701673,2016-07-22T22:21:04.770Z,"37 km NNE of Amboy, Washington",earthquake,0.136,0.27,0.07,3,reviewed,uw,uw
2006-07-22T04:27:34.100Z,-39.3,177.96,50,4.4,ml,52,179.2,,,us,usp000epa5,2014-11-07T01:29:44.046Z,"59 km ESE of Wairoa, New Zealand",earthquake,,,,,reviewed,wel,wel
2006-07-22T04:19:36.400Z,-9.373,108.486,10,4.4,mb,11,166.4,,0.42,us,usp000epa4,2014-11-07T01:29:44.045Z,"209 km SSW of Kroya, Indonesia",earthquake,,,,3,reviewed,us,us
2006-07-22T04:16:47.220Z,61.507,168.33,10,4.3,mb,48,128.8,,0.83,us,usp000epa3,2014-11-07T01:29:44.041Z,"172 km NE of Tilichiki, Russia",earthquake,,,,27,reviewed,us,us
2006-07-22T04:14:51.860Z,40.3696667,-124.9473333,21.207,2.52,md,14,278,0.864,0.06,nc,nc21528502,2017-01-15T01:05:28.165Z,"62 km WSW of Ferndale, California",earthquake,2.81,6.6,0.17,2,reviewed,nc,nc
2006-07-22T04:12:35.890Z,-9.578,108.943,10,4.6,mb,37,70.3,,0.75,us,usp000epa2,2014-11-07T01:29:44.037Z,"217 km S of Kroya, Indonesia",earthquake,,,,19,reviewed,us,us
2006-07-22T03:59:08.130Z,-6.369,150.452,56.5,4.3,mb,9,272.2,,0.14,us,usp000epa1,2014-11-07T01:29:44.036Z,"96 km SSE of Kimbe, Papua New Guinea",earthquake,,25.5,,1,reviewed,us,us
2006-07-22T03:49:10.700Z,-31.871,-71.167,74.9,4,mb,31,136.8,,,us,usp000epa0,2014-11-07T01:29:44.032Z,"21 km WSW of Salamanca, Chile",earthquake,,,,4,reviewed,guc,us
2006-07-22T03:21:12.800Z,-9.331,108.551,5.9,4.9,mwc,105,52.8,,0.76,us,usp000ep9z,2016-11-10T01:25:59.365Z,"202 km SSW of Kroya, Indonesia",earthquake,,19,,,reviewed,us,hrv
2006-07-22T03:05:11.200Z,-9.687,108.821,10,5.2,mb,104,50.3,,0.97,us,usp000ep9y,2014-11-07T01:29:44.012Z,"231 km SSW of Kroya, Indonesia",earthquake,,,,31,reviewed,us,us
2006-07-22T03:03:34.930Z,33.033,96.267,20.5,4.4,mb,56,112.6,,0.56,us,usp000ep9x,2014-11-07T01:29:44.007Z,"227 km NNW of Qamdo, China",earthquake,,10.6,,18,reviewed,us,us
2006-07-22T02:24:38.690Z,37.4593333,-118.5908333,6.948,2.54,md,40,52,0.04054,0.06,nc,nc21528494,2018-04-24T20:34:05.803Z,"4 km N of Round Valley, California",earthquake,0.2,0.63,0.23,40,reviewed,nc,nc
2006-07-22T01:51:31.600Z,0.361,98.436,30,4.7,mb,33,92.1,,0.83,us,usp000ep9w,2014-11-07T01:29:44.004Z,"146 km SW of Padangsidempuan, Indonesia",earthquake,,,,8,reviewed,us,us
2006-07-22T01:45:46.380Z,-23.587,-177.436,125.3,4.1,mb,11,101.7,,0.88,us,usp000ep9v,2014-11-07T01:29:44.001Z,"south of the Fiji Islands",earthquake,,30.4,,2,reviewed,us,us
2006-07-22T01:41:12.580Z,33.339,50.832,44.8,4.4,mb,94,50.8,,1.13,us,usp000ep9u,2014-11-07T01:29:43.993Z,"49 km ENE of Khv?ns?r, Iran",earthquake,,4.7,,26,reviewed,us,us
2006-07-22T01:33:43.247Z,54.5271,-161.5563,0.5,2.4,ml,,,,0.56,ak,ak0069bqw1tg,2019-02-13T05:06:05.396Z,"77 km SE of King Cove, Alaska",earthquake,,0.3,,,reviewed,ak,ak
2006-07-22T01:30:08.855Z,60.8529,-150.3354,47,2.2,ml,,,,0.28,ak,ak0069bqvc0l,2019-02-13T05:05:58.833Z,"20 km ESE of Point Possession, Alaska",earthquake,,0.1,,,reviewed,ak,ak
2006-07-22T01:27:46.400Z,39.63,21.76,4,3.1,md,4,191.7,,,us,usp000ep9t,2014-11-07T01:29:43.992Z,"4 km SSE of Rízoma, Greece",earthquake,,,,,reviewed,ath,ath
2006-07-22T01:26:58.918Z,66.2128,-142.302,12.3,3,ml,,,,0.89,ak,ak0069bqul0j,2019-02-13T05:05:59.222Z,"80 km SE of Chalkyitsik, Alaska",earthquake,,2.7,,,reviewed,ak,ak
2006-07-22T01:21:50.270Z,2.12,-99.029,10,4.9,mwc,8,125.1,,0.78,us,usp000ep9r,2016-11-10T01:25:58.767Z,"west of the Galapagos Islands",earthquake,,,,,reviewed,us,hrv
2006-07-22T01:10:29.080Z,27.995,104.138,55.6,4.9,mwc,263,36.7,,0.89,us,usp000ep9q,2021-01-05T03:09:49.206Z,"76 km SW of Xunchang, China",earthquake,,7.6,,,reviewed,us,hrv
2006-07-22T01:04:46.790Z,-5.642,146.393,35,3.6,mb,8,291.8,,1.35,us,usp000ep9p,2014-11-07T01:29:43.965Z,"81 km SE of Madang, Papua New Guinea",earthquake,,,,1,reviewed,us,us
2006-07-22T01:01:28.500Z,-2.64,128.121,35,3.6,mb,7,179,,0.53,us,usp000ep9n,2014-11-07T01:29:43.963Z,"116 km N of Ambon, Indonesia",earthquake,,,,1,reviewed,us,us
2006-07-22T00:54:31.983Z,63.9944,-146.8995,12.3,2.6,ml,,,,0.59,ak,ak0069bqf3dq,2019-02-13T05:05:58.434Z,"44 km SSW of Harding-Birch Lakes, Alaska",earthquake,,0.2,,,reviewed,ak,ak
2006-07-22T00:49:26.600Z,37.73,20.85,18,3.5,md,17,213,,,us,usp000ep9k,2014-11-07T01:29:43.960Z,"2 km NE of Lithakiá, Greece",earthquake,,,,,reviewed,ath,ath
2006-07-22T00:45:38.380Z,-9.381,108.366,10,3.8,mb,9,170.2,,0.68,us,usp000ep9j,2014-11-07T01:29:43.959Z,"214 km SSW of Sidareja, Indonesia",earthquake,,,,2,reviewed,us,us
2006-07-22T00:14:09.568Z,63.9687,-147.0273,8.4,2.4,ml,,,,0.38,ak,ak0069bq6h0c,2019-02-13T05:05:58.117Z,"49 km SSW of Harding-Birch Lakes, Alaska",earthquake,,0.2,,,reviewed,ak,ak
2006-07-21T23:47:43.540Z,-6.625,129.303,156.1,4.3,mb,7,186.4,,0.28,us,usp000ep9h,2014-11-07T01:29:43.957Z,"Banda Sea",earthquake,,27.8,,3,reviewed,us,us
2006-07-21T23:43:21.330Z,33.082,95.995,10,4.5,mb,80,77.8,,0.86,us,usp000ep9g,2014-11-07T01:29:43.937Z,"Southern Qinghai, China",earthquake,,,,29,reviewed,us,us
2006-07-21T23:26:05.900Z,37.654,133.385,449.5,3.5,m,5,195.8,,,us,usp000ep9f,2014-11-07T01:29:43.935Z,"235 km N of Sakaiminato, Japan",earthquake,,,,,reviewed,jma,jma
2006-07-21T22:54:07.180Z,-9.96,108.643,10,4.5,mb,14,116.6,,0.91,us,usp000ep9e,2014-11-07T01:29:43.933Z,"265 km SSW of Kroya, Indonesia",earthquake,,,,3,reviewed,us,us
2006-07-21T22:50:42.980Z,-9.739,107.604,10,4.7,mb,38,108.1,,0.87,us,usp000ep9d,2014-11-07T01:29:43.929Z,"269 km SSW of Kawalu, Indonesia",earthquake,,,,14,reviewed,us,us
2006-07-21T22:31:48.160Z,-6.356,-80.657,35,3.8,mb,6,188.1,,0.8,us,usp000ep9c,2014-11-07T01:29:43.928Z,"74 km WNW of Mórrope, Peru",earthquake,,,,1,reviewed,us,us
2006-07-21T22:23:26.680Z,-20.517,-178.116,605.4,4.4,mb,22,195.8,,0.56,us,usp000ep9b,2014-11-07T01:29:43.925Z,"Fiji region",earthquake,,36.8,,11,reviewed,us,us
2006-07-21T22:19:41.100Z,-28.509,-70.247,84.8,3.6,m,5,198.4,,,us,usp000ep9a,2014-11-07T01:29:43.923Z,"Atacama, Chile",earthquake,,,,,reviewed,guc,guc
2006-07-21T22:15:17.770Z,10.92,-62.211,54,3.1,md,4,272.6,,,us,usp000ep99,2014-11-07T01:29:43.922Z,"39 km NNE of Güiria, Venezuela",earthquake,,,,,reviewed,trn,trn
2006-07-21T22:09:46.260Z,1.796,127.789,228.6,4.3,mb,19,145.4,,0.66,us,usp000ep98,2014-11-07T01:29:43.919Z,"25 km WNW of Tobelo, Indonesia",earthquake,,30.2,,5,reviewed,us,us
2006-07-21T22:06:36.820Z,-6.386,129.824,105.2,3.8,mb,6,191.4,,0.95,us,usp000ep97,2014-11-07T01:29:43.917Z,"Banda Sea",earthquake,,30.9,,1,reviewed,us,us
2006-07-21T22:04:19.370Z,57.415,127.076,10,4,mb,22,106.2,,1.29,us,usp000ep96,2014-11-07T01:29:43.915Z,"145 km ENE of Chul’man, Russia",earthquake,,,,2,reviewed,us,us
2006-07-21T22:01:44.800Z,39.376,40.82,5,4.2,mb,69,130.7,,,us,usp000ep95,2014-11-07T01:29:43.909Z,"18 km WNW of Karl?ova, Turkey",earthquake,,,,26,reviewed,isk,us
2006-07-21T22:00:41.720Z,32.1361667,-115.54,5.916,2.02,ml,5,298,0.5354,0.14,ci,ci14242032,2016-03-08T20:26:57.422Z,"36km WSW of Alberto Oviedo Mota, B.C., MX",earthquake,2.45,31.61,0.162,17,reviewed,ci,ci
2006-07-21T21:55:52.110Z,-5.256,150.971,2.6,4.5,mb,11,181.9,,1.26,us,usp000ep94,2014-11-07T01:29:43.907Z,"97 km ENE of Kimbe, Papua New Guinea",earthquake,,23.2,,3,reviewed,us,us
2006-07-21T21:46:00.070Z,32.6301667,-117.3056667,13.112,2.13,ml,20,273,0.2158,0.13,ci,ci14242008,2016-03-08T16:58:46.815Z,"13km WSW of Coronado, CA",earthquake,0.44,0.46,0.189,62,reviewed,ci,ci
2006-07-21T21:40:25.140Z,-24.427,-177.687,271.6,4.2,mb,18,142.5,,0.77,us,usp000ep93,2014-11-07T01:29:43.904Z,"south of the Fiji Islands",earthquake,,62,,6,reviewed,us,us
2006-07-21T21:39:58.910Z,46.6965,-122.7575,-1.225,2.3,md,5,223,0.04622,0.1,uw,uw10701583,2016-07-22T22:21:01.770Z,"13 km NNW of Onalaska, Washington",explosion,0.262,0.22,0.05,2,reviewed,uw,uw
2006-07-21T21:33:41.444Z,52.0713,177.1393,5,3,ml,,,,0.74,ak,ak0069af9da8,2019-02-13T05:05:46.375Z,"282 km ESE of Attu Station, Alaska",earthquake,,0.2,,,reviewed,ak,ak
2006-07-21T21:24:18.731Z,60.1975,-139.3025,7.4,2.3,ml,,,,0.84,ak,ak0069af7e35,2019-02-28T19:48:57.691Z,"76 km NNE of Yakutat, Alaska",earthquake,,0.4,,,reviewed,ak,ak
2006-07-21T21:14:12.290Z,41.1686667,-125.2868333,4.069,2.63,md,11,302,1.296,0.32,nc,nc21528462,2017-01-15T01:03:41.316Z,"96 km W of Big Lagoon, California",earthquake,14.31,25.5,0.08,2,reviewed,nc,nc
2006-07-21T20:36:10.710Z,36.3615,-120.4073333,10.499,2.12,md,39,99,0.03964,0.14,nc,nc21528458,2017-01-15T01:03:30.760Z,"15 km S of Three Rocks, California",earthquake,0.37,0.42,0.15,16,reviewed,nc,nc
2006-07-21T20:24:31.980Z,40.285,-124.3843333,20.708,2.17,md,11,227,0.1874,0.08,nc,nc21528456,2017-01-15T01:03:23.327Z,"32 km SW of Scotia, California",earthquake,1.17,0.31,0.07,3,reviewed,nc,nc
2006-07-21T20:20:31.690Z,-9.579,108.976,10,4.5,mb,22,110.2,,0.88,us,usp000ep92,2014-11-07T01:29:43.901Z,"217 km S of Kroya, Indonesia",earthquake,,,,9,reviewed,us,us
2006-07-21T20:15:04.094Z,66.2224,-142.1809,9.9,2.9,ml,,,,0.74,ak,ak0069aejzwp,2019-02-13T05:05:56.678Z,"83 km SE of Chalkyitsik, Alaska",earthquake,,80.8,,,reviewed,ak,ak
2006-07-21T19:48:50.884Z,62.9468,-150.8465,117.9,2.9,ml,,,,0.72,ak,ak0069ae5qjk,2019-02-13T05:05:45.932Z,"50 km N of Petersville, Alaska",earthquake,,0.2,,,reviewed,ak,ak
2006-07-21T19:42:33.600Z,-5.584,150.846,7.1,4.7,mb,20,79.1,,0.77,us,usp000ep90,2014-11-07T01:29:43.896Z,"78 km E of Kimbe, Papua New Guinea",earthquake,,5.1,,6,reviewed,us,us
2006-07-21T19:36:31.638Z,66.2271,-142.3952,10,2.4,ml,,,,1.16,ak,ak0069ae34gr,2019-02-13T05:05:55.946Z,"76 km SE of Chalkyitsik, Alaska",earthquake,,0,,,reviewed,ak,ak
2006-07-21T19:16:56.620Z,-29.975,-178.877,310.3,3.9,mb,11,151.4,,1.28,us,usp000ep8z,2014-11-07T01:29:43.895Z,"Kermadec Islands, New Zealand",earthquake,,10.9,,1,reviewed,us,us
2006-07-21T19:15:11.470Z,40.7518333,-122.3055,-1.034,2.32,md,32,56,0.2063,0.24,nc,nc21528446,2017-01-15T01:03:09.758Z,"4 km NNE of Mountain Gate, California",quarry blast,0.4,2.68,0.1,20,reviewed,nc,nc
2006-07-21T19:08:21.290Z,19.16,-64.309,25.1,3.3,md,9,326.6,,,us,usp000ep8y,2014-11-07T01:29:43.893Z,"105 km NNE of Cruz Bay, U.S. Virgin Islands",earthquake,,,,,reviewed,rspr,rspr
2006-07-21T19:04:49.080Z,34.2905,-116.7375,0.061,2.41,ml,52,26,0.094,0.13,ci,ci14241936,2016-03-09T08:00:14.224Z,"10km ENE of Big Bear City, CA",earthquake,0.17,0.47,0.132,138,reviewed,ci,ci
2006-07-21T18:39:52.313Z,62.9174,-151.2398,108.5,2.1,ml,,,,0.43,ak,ak0069adidlr,2019-02-13T05:05:45.551Z,"52 km NNW of Petersville, Alaska",earthquake,,0.1,,,reviewed,ak,ak
2006-07-21T18:29:34.590Z,-32.79,-178.556,10,4.7,mb,22,189.9,,0.89,us,usp000ep8x,2014-11-07T01:29:43.891Z,"south of the Kermadec Islands",earthquake,,,,6,reviewed,us,us
2006-07-21T18:27:11.056Z,53.4392,-165.1392,22.4,2.1,ml,,,,0.39,ak,ak0069adfptt,2019-02-13T05:05:55.651Z,"87 km SSE of Akutan, Alaska",earthquake,,1.8,,,reviewed,ak,ak
2006-07-21T18:07:56.830Z,57.1388,-154.9927,56.4,2.1,ml,,,,0.27,ak,ak0069adbj1f,2019-02-13T05:05:55.008Z,"54 km WNW of Akhiok, Alaska",earthquake,,1.7,,,reviewed,ak,ak
2006-07-21T18:07:43.920Z,-32.743,-178.511,10,4.2,mb,11,221.5,,1.02,us,usp000ep8w,2014-11-07T01:29:43.889Z,"south of the Kermadec Islands",earthquake,,,,1,reviewed,us,us
2006-07-21T17:47:17.650Z,1.178,96.883,24.2,4.3,mb,12,123.5,,0.93,us,usp000ep8v,2014-11-07T01:29:43.888Z,"154 km SSE of Sinabang, Indonesia",earthquake,,,,5,reviewed,us,us
2006-07-21T17:26:54.940Z,18.001,-65.441,19.9,2.8,md,14,153.2,,,us,usp000ep8u,2014-11-07T01:29:43.886Z,"11 km SSE of Esperanza, Puerto Rico",earthquake,,,,,reviewed,rspr,rspr
2006-07-21T16:57:45.020Z,-2.818,138.441,61.1,4.2,mb,13,171,,0.97,us,usp000ep8t,2014-11-07T01:29:43.884Z,"244 km W of Abepura, Indonesia",earthquake,,25.7,,6,reviewed,us,us
2006-07-21T16:42:59.800Z,-33.012,-70.204,120.8,2.8,m,8,247,,,us,usp000ep8s,2014-11-07T01:29:43.882Z,"41 km ESE of Los Andes, Chile",earthquake,,,,,reviewed,guc,guc
2006-07-21T16:38:18.280Z,19.419,-154.9651667,3.799,2.23,ml,33,174,,0.12,hv,hv5510444,2020-03-31T21:49:33.720Z,"7 km SW of Leilani Estates, Hawaii",earthquake,0.57,0.46,0.14,10,reviewed,hv,hv
2006-07-21T15:52:03.925Z,51.3994,-175.7884,30.8,2,ml,,,,0.43,ak,ak0069absrd4,2019-02-13T05:05:53.558Z,"78 km SE of Adak, Alaska",earthquake,,1.5,,,reviewed,ak,ak
2006-07-21T15:49:45.330Z,-56.043,-27.102,110.8,4.4,mb,12,160.3,,0.64,us,usp000ep8r,2014-11-07T01:29:43.880Z,"South Sandwich Islands region",earthquake,,38.1,,8,reviewed,us,us
2006-07-21T15:32:20.636Z,52.0486,177.1278,6.6,3.2,ml,,,,0.95,ak,ak0069aboibz,2019-02-13T05:05:44.809Z,"282 km ESE of Attu Station, Alaska",earthquake,,0,,,reviewed,ak,ak
2006-07-21T15:29:26.680Z,-9.351,108.446,10,4.6,mb,22,114.1,,0.9,us,usp000ep8q,2014-11-07T01:29:43.877Z,"209 km SSW of Kroya, Indonesia",earthquake,,,,12,reviewed,us,us
2006-07-21T15:21:03.910Z,51.9308,174.8678,33.7,2.5,ml,,,,0.72,ak,ak0069abm45z,2019-02-13T05:05:53.188Z,"153 km SE of Attu Station, Alaska",earthquake,,61.8,,,reviewed,ak,ak
2006-07-21T15:15:01.400Z,17.935,-98.977,62,3.6,md,4,130.6,,,us,usp000ep8p,2014-11-07T01:29:43.876Z,"3 km SSE of San Francisco Oxtutla, Mexico",earthquake,,,,,reviewed,unm,unm
2006-07-21T14:58:44.300Z,39.02,24.3,36,3.4,md,12,115.4,,,us,usp000ep8n,2014-11-07T01:29:43.874Z,"26 km WNW of Skýros, Greece",earthquake,,,,,reviewed,ath,ath
2006-07-21T14:31:30.013Z,53.603,-163.5341,36.4,2.4,ml,,,,0.42,ak,ak0069ab2vqh,2019-02-13T05:05:52.804Z,"139 km S of False Pass, Alaska",earthquake,,32.3,,,reviewed,ak,ak
2006-07-21T14:15:10.407Z,60.9156,-151.0822,12.7,2.4,ml,,,,0.89,ak,ak0069aazerk,2019-02-13T05:05:44.421Z,"17 km S of Tyonek, Alaska",earthquake,,0.1,,,reviewed,ak,ak
2006-07-21T14:08:44.430Z,-9.978,108.706,25.8,4.7,mb,34,113.9,,0.86,us,usp000ep8m,2014-11-07T01:29:43.870Z,"266 km SSW of Kroya, Indonesia",earthquake,,27.8,,20,reviewed,us,us
2006-07-21T13:40:35.800Z,-10.035,108.475,10,4.4,mb,9,181.3,,0.31,us,usp000ep8k,2014-11-07T01:29:43.868Z,"278 km SSW of Kroya, Indonesia",earthquake,,0,,2,reviewed,us,us
2006-07-21T13:17:00.800Z,-34.695,-71.804,38.4,3.5,m,14,200.3,,,us,usp000ep8j,2014-11-07T01:29:43.866Z,"40 km W of Santa Cruz, Chile",earthquake,,,,,reviewed,guc,guc
2006-07-21T13:14:52.970Z,-9.999,108.838,10,4.2,mb,7,213.1,,1.35,us,usp000ep8h,2014-11-07T01:29:43.864Z,"265 km S of Kroya, Indonesia",earthquake,,0,,2,reviewed,us,us
2006-07-21T13:06:58.870Z,-11.293,-79.289,12.2,4.9,mb,35,98.7,,0.88,us,usp000ep8g,2014-11-07T01:29:43.861Z,"173 km WSW of Paramonga, Peru",earthquake,,33.5,,13,reviewed,us,us
2006-07-21T13:02:51.401Z,63.2509,-151.139,9,4.2,mb,,,,0.86,ak,ak0069aaba0k,2019-02-13T05:05:52.130Z,"43 km SE of Denali National Park, Alaska",earthquake,,0.4,,,reviewed,ak,ak
2006-07-21T13:02:27.830Z,61.057,165.801,10,4.2,mb,10,195.9,,1.07,us,usp000ep8f,2014-11-07T01:29:43.860Z,"71 km NNW of Tilichiki, Russia",earthquake,,,,4,reviewed,us,us
2006-07-21T12:21:04.190Z,-7.393,126.633,204.2,4.1,mb,12,168.2,,1.02,us,usp000ep8e,2014-11-07T01:29:43.858Z,"121 km N of Baukau, Timor Leste",earthquake,,36.3,,5,reviewed,us,us
2006-07-21T12:19:47.390Z,36.451,-120.2948333,4.429,2.23,md,37,152,0.06937,0.12,nc,nc21528396,2017-01-15T01:00:25.710Z,"5 km SSE of Cantua Creek, California",earthquake,0.24,0.38,0.11,18,reviewed,nc,nc
2006-07-21T12:09:47.590Z,-9.76,108.291,8.7,4.8,mb,18,181.2,,0.42,us,usp000ep8d,2014-11-07T01:29:43.856Z,"257 km SSW of Sidareja, Indonesia",earthquake,,69.9,,9,reviewed,us,us
2006-07-21T10:55:17.400Z,-32.449,-71.857,25,2.8,ml,12,215.1,,,us,usp000ep8c,2014-11-07T01:29:43.854Z,"58 km W of La Ligua, Chile",earthquake,,,,,reviewed,guc,guc
2006-07-21T10:46:43.299Z,51.9434,177.0797,5,2.8,ml,,,,0.83,ak,ak0069a8se2x,2019-02-13T05:05:51.752Z,"283 km ESE of Attu Station, Alaska",earthquake,,0.9,,,reviewed,ak,ak
2006-07-21T10:11:09.610Z,-9.184,107.996,10,5,mb,37,87.6,,0.73,us,usp000ep8b,2014-11-07T01:29:43.851Z,"200 km S of Kawalu, Indonesia",earthquake,,,,14,reviewed,us,us
2006-07-21T08:43:27.837Z,54.1757,-161.0669,26.5,2.6,ml,,,,1.07,ak,ak0069a7kuj3,2019-02-13T05:05:50.326Z,"127 km SE of King Cove, Alaska",earthquake,,7,,,reviewed,ak,ak
2006-07-21T07:46:31.757Z,59.9309,-153.5054,157.3,2.8,ml,,,,0.71,ak,ak0069a702dj,2019-02-13T05:05:43.233Z,"37 km ENE of Pedro Bay, Alaska",earthquake,,0.9,,,reviewed,ak,ak
2006-07-21T07:29:37.600Z,-39.69,176.84,33,4,ml,43,160.2,,,us,usp000ep89,2014-11-07T01:29:43.845Z,"5 km S of Hastings, New Zealand",earthquake,,,,,reviewed,wel,wel
2006-07-21T07:11:57.870Z,-20.455,-179.286,682.7,4.4,mb,14,136.1,,1.01,us,usp000ep88,2014-11-07T01:29:43.843Z,"Fiji region",earthquake,,34.7,,4,reviewed,us,us
2006-07-21T07:08:51.100Z,45.753,11.101,10,2.7,ml,17,157.3,,,us,usp000ep87,2014-11-07T01:29:43.840Z,"3 km SSW of Vallarsa, Italy",earthquake,,,,,reviewed,ldg,ldg
2006-07-21T07:01:41.940Z,11.282,-62.132,108,3.3,md,8,255.4,,,us,usp000ep86,2014-11-07T01:29:43.839Z,"80 km NNE of Güiria, Venezuela",earthquake,,,,,reviewed,trn,trn
2006-07-21T06:55:14.900Z,36.95,27.98,29,3.3,md,4,220.8,,,us,usp000ep85,2014-11-07T01:29:43.838Z,"27 km NW of ?çmeler, Turkey",earthquake,,,,,reviewed,ath,ath
2006-07-21T06:11:15.400Z,-36.88,177.7,145,4.2,m,10,301.8,,,us,usp000ep84,2014-11-07T01:29:43.836Z,"130 km NNE of Opotiki, New Zealand",earthquake,,,,,reviewed,wel,wel
2006-07-21T05:59:14.590Z,18.95,-67.693,2.6,2.8,md,6,322.4,,,us,usp000ep83,2014-11-07T01:29:43.834Z,"80 km NW of San Antonio, Puerto Rico",earthquake,,,,,reviewed,rspr,rspr
2006-07-21T05:28:00.210Z,32.0555,-115.5471667,5.966,2.81,ml,14,264,,0.31,ci,ci14241848,2016-03-09T05:06:24.529Z,"40km WSW of Alberto Oviedo Mota, B.C., MX",earthquake,2.14,31.61,0.157,55,reviewed,ci,ci
2006-07-21T05:24:34.300Z,16.11,-96.767,20,3.8,md,4,243.8,,,us,usp000ep81,2014-11-07T01:29:43.831Z,"4 km NNE of San Baltazar Loxicha, Mexico",earthquake,,,,,reviewed,unm,unm
2006-07-21T05:12:06.560Z,32.1771667,-115.7331667,5.787,2.93,ml,15,234,,0.27,ci,ci14241844,2016-03-09T00:51:55.932Z,"47km SSW of Progreso, B.C., MX",earthquake,2.9,31.61,0.205,86,reviewed,ci,ci
2006-07-21T04:59:48.000Z,35.36,27.33,16,3.4,md,6,213.7,,,us,usp000ep7z,2014-11-07T01:29:43.828Z,"19 km SSE of Karpathos, Greece",earthquake,,,,,reviewed,ath,ath
2006-07-21T04:34:19.181Z,51.3087,178.9821,40.4,2,ml,,,,0.5,ak,ak0069a555zy,2019-02-13T05:05:48.715Z,"Rat Islands, Aleutian Islands, Alaska",earthquake,,3.1,,,reviewed,ak,ak
2006-07-21T04:32:25.000Z,39.34,20.77,25,3.1,md,4,109.7,,,us,usp000ep7y,2014-11-07T01:29:43.827Z,"3 km NW of Pappadátes, Greece",earthquake,,,,,reviewed,ath,ath
2006-07-21T04:21:41.133Z,60.4326,-152.4145,90,2.4,ml,,,,0.5,ak,ak0069a52fdt,2019-02-13T05:05:42.462Z,"59 km NW of Ninilchik, Alaska",earthquake,,0.5,,,reviewed,ak,ak
2006-07-21T03:58:13.220Z,34.0543333,-117.2658333,16.918,2.8,ml,93,21,0.05285,0.23,ci,ci14241836,2016-03-09T12:13:27.959Z,"1km NNW of Loma Linda, CA",earthquake,0.24,0.48,0.183,290,reviewed,ci,ci
2006-07-21T03:31:18.000Z,15.205,-93.364,65.1,4.5,md,6,238.9,,,us,usp000ep7w,2014-11-07T01:29:43.823Z,"34 km SW of La Esperanza (El Zapotal), Mexico",earthquake,,,,,reviewed,unm,unm
2006-07-21T03:30:48.984Z,61.7658,-150.3389,70.4,2.2,ml,,,,0.29,ak,ak0069a4ixtu,2019-02-13T05:05:41.698Z,"16 km W of Willow, Alaska",earthquake,,0.2,,,reviewed,ak,ak
2006-07-21T03:27:10.600Z,29.353,68.165,32,3.5,mb,11,114.3,,0.75,us,usp000ep7v,2014-11-07T01:29:43.822Z,"34 km SE of Sibi, Pakistan",earthquake,,37.4,,2,reviewed,us,us
2006-07-21T02:59:53.020Z,46.194,-122.1985,-1.797,2.4,md,12,85,,0.38,uw,uw10701413,2016-07-22T22:20:58.430Z,"36 km NNE of Amboy, Washington",earthquake,,,0.06,2,reviewed,uw,uw
2006-07-21T02:48:53.324Z,54.0522,-163.5444,32.5,2.5,ml,,,,0.36,ak,ak0069a41dg4,2019-02-13T05:05:48.292Z,"89 km S of False Pass, Alaska",earthquake,,1.5,,,reviewed,ak,ak
2006-07-21T02:48:34.900Z,-0.631,122.937,35,4.1,mb,10,180.2,,1.3,us,usp000ep7t,2014-11-07T01:29:43.819Z,"39 km NNE of Luwuk, Indonesia",earthquake,,,,3,reviewed,us,us
2006-07-21T02:35:10.899Z,51.9307,177.0721,3.6,2.8,ml,,,,1.05,ak,ak0069a3yhv5,2019-02-13T05:05:40.963Z,"283 km ESE of Attu Station, Alaska",earthquake,,0.2,,,reviewed,ak,ak
2006-07-21T02:23:04.850Z,37.162,103.944,37.9,4,mb,15,142.7,,0.54,us,usp000ep7s,2014-11-07T01:29:43.816Z,"71 km NNW of Baiyin, China",earthquake,,21.7,,6,reviewed,us,us
2006-07-21T02:20:16.497Z,64.4234,-155.4046,12.5,2.6,ml,,,,0.65,ak,ak0069a3vak1,2019-02-13T05:05:40.583Z,"35 km S of Ruby, Alaska",earthquake,,0.9,,,reviewed,ak,ak
2006-07-21T02:03:50.790Z,32.0721667,-115.8221667,5.772,2.21,ml,8,300,0.5797,0.18,ci,ci14241796,2016-03-08T20:26:55.304Z,"61km SSW of Progreso, B.C., MX",earthquake,1.9,31.61,0.31,14,reviewed,ci,ci
2006-07-21T02:03:23.500Z,-32.473,-71.849,25.7,2.8,ml,11,222.5,,,us,usp000ep7q,2014-11-07T01:29:43.812Z,"58 km W of La Ligua, Chile",earthquake,,,,,reviewed,guc,guc
2006-07-21T01:18:08.279Z,53.1028,-164.6734,7.8,2.3,ml,,,,0.34,ak,ak0069a39evv,2019-02-13T05:05:47.900Z,"135 km SSE of Akutan, Alaska",earthquake,,9.6,,,reviewed,ak,ak
2006-07-21T01:09:32.820Z,3.405,124.01,370.8,4.1,mb,26,132.7,,0.65,us,usp000ep7p,2014-11-07T01:29:43.810Z,"232 km NNW of Manado, Indonesia",earthquake,,19.9,,14,reviewed,us,us
2006-07-21T00:46:15.432Z,59.8218,-152.6837,89,2.4,ml,,,,0.52,ak,ak0069a2tzvr,2019-02-13T05:05:40.151Z,"48 km W of Anchor Point, Alaska",earthquake,,0.3,,,reviewed,ak,ak
2006-07-21T00:41:01.219Z,63.5665,-151.0034,12.6,2.4,ml,,,,0.65,ak,ak0069a2sw7d,2019-02-13T05:05:39.761Z,"35 km E of Denali National Park, Alaska",earthquake,,0.1,,,reviewed,ak,ak
2006-07-21T00:31:09.774Z,68.8313,-143.9816,27.3,2.7,ml,,,,1.01,ak,ak0069a2qrpd,2019-02-13T05:05:47.491Z,"northern Alaska",earthquake,,143.7,,,reviewed,ak,ak
2006-07-21T00:09:11.190Z,-55.07,158.573,14.5,4.4,mb,14,156.8,,0.91,us,usp000ep7n,2014-11-07T01:29:43.808Z,"Macquarie Island region",earthquake,,23,,6,reviewed,us,us
2006-07-21T00:05:15.240Z,33.2523333,-116.1265,7.836,2.02,ml,45,34,0.121,0.28,ci,ci14241744,2016-03-09T00:51:54.485Z,"12km N of Ocotillo Wells, CA",earthquake,0.32,2.51,0.145,82,reviewed,ci,ci
2006-07-20T23:56:44.800Z,33.8601667,-117.1126667,12.673,2.01,ml,53,65,0.07709,0.26,ci,ci14241728,2016-03-08T22:01:09.332Z,"7km NNE of Nuevo, CA",earthquake,0.39,0.66,0.173,101,reviewed,ci,ci
2006-07-20T23:50:12.583Z,51.8096,-178.0532,6.3,2.2,ml,,,,0.93,ak,ak00698t0gy2,2019-02-13T05:05:39.456Z,"98 km W of Adak, Alaska",earthquake,,0.2,,,reviewed,ak,ak
2006-07-20T23:47:41.550Z,-11.71,166.344,69.6,5.2,mwc,86,46.3,,1.25,us,usp000ep7m,2022-05-02T18:24:04.040Z,"124 km SSE of Lata, Solomon Islands",earthquake,,12.7,,,reviewed,us,hrv
2006-07-20T23:46:53.800Z,29.08,55.27,22,4.9,mb,229,54.9,,,us,usp000ep7k,2022-05-02T15:34:29.976Z,"57 km SW of Sirjan, Iran",earthquake,,,,123,reviewed,teh,us
2006-07-20T23:38:40.480Z,-9.167,107.811,10,4.4,mb,17,198.8,,0.69,us,usp000ep7j,2014-11-07T01:29:43.776Z,"202 km SSW of Kawalu, Indonesia",earthquake,,,,5,reviewed,us,us
2006-07-20T23:37:26.490Z,-9.811,108.415,10,4.3,mb,15,181.2,,0.7,us,usp000ep7h,2014-11-07T01:29:43.775Z,"257 km SSW of Kroya, Indonesia",earthquake,,,,4,reviewed,us,us
2006-07-20T23:24:33.473Z,52.6999,-168.7584,49.6,2.3,ml,,,,0.49,ak,ak00698suxxv,2019-02-13T05:05:39.081Z,"27 km SSE of Nikolski, Alaska",earthquake,,3.9,,,reviewed,ak,ak
2006-07-20T22:47:56.300Z,45.636,11.825,10,3.4,ml,50,96,,,us,usp000ep7g,2014-11-07T01:29:43.769Z,"0 km S of Tombolo, Italy",earthquake,,,,,reviewed,rom,str
2006-07-20T22:46:25.240Z,-10.027,108.675,34.8,4.1,mb,19,194.5,,0.74,us,usp000ep7f,2014-11-07T01:29:43.767Z,"272 km SSW of Kroya, Indonesia",earthquake,,24.6,,5,reviewed,us,us
2006-07-20T22:39:17.230Z,12.72,48.518,10,4.5,mb,23,98.2,,0.99,us,usp000ep7e,2014-11-07T01:29:43.765Z,"174 km NNW of Bosaso, Somalia",earthquake,,,,3,reviewed,us,us
2006-07-20T22:33:57.500Z,39.37,54.798,35,3.4,mb,23,157.9,,1.14,us,usp000ep7d,2014-11-07T01:29:43.762Z,"25 km NE of Gumdag, Turkmenistan",earthquake,,,,6,reviewed,us,us
2006-07-20T22:29:47.430Z,-30.616,59.522,10,4.5,mb,26,62.3,,0.72,us,usp000ep7c,2014-11-07T01:29:43.760Z,"Southwest Indian Ridge",earthquake,,,,6,reviewed,us,us
2006-07-20T22:26:10.900Z,-32.463,-71.858,24,2.8,ml,11,223.2,,,us,usp000ep7b,2014-11-07T01:29:43.758Z,"58 km W of La Ligua, Chile",earthquake,,,,,reviewed,guc,guc
2006-07-20T22:24:58.430Z,38.7686667,-122.73,1.752,2.28,md,50,25,0.01171,0.08,nc,nc21528294,2017-01-15T00:56:12.010Z,"5 km S of Cobb, California",earthquake,0.16,0.26,0.15,32,reviewed,nc,nc
2006-07-20T22:22:21.100Z,-32.453,-71.872,27.1,3.8,ml,18,224.3,,,us,usp000ep7a,2014-11-07T01:29:43.755Z,"60 km W of La Ligua, Chile",earthquake,,,,,reviewed,guc,guc
2006-07-20T21:49:26.700Z,19.25,-66.79,57.2,3,md,9,299.5,,,us,usp000ep79,2014-11-07T01:29:43.753Z,"84 km N of Hatillo, Puerto Rico",earthquake,,,,,reviewed,rspr,rspr
2006-07-20T21:43:11.310Z,-3.247,140.889,10,4.1,mb,13,163.1,,0.56,us,usp000ep78,2014-11-07T01:29:43.736Z,"77 km SW of Vanimo, Papua New Guinea",earthquake,,,,2,reviewed,us,us
2006-07-20T21:39:07.720Z,51.585,6.975,10,2.6,ml,11,294,,0.45,us,usp000ep77,2014-11-07T01:29:43.734Z,"1 km NNW of Gladbeck, Germany",earthquake,,,,,reviewed,us,ldg
2006-07-20T21:25:01.300Z,19.1586667,-155.7031667,1.568,2.53,ml,34,178,,0.14,hv,hv5510236,2020-03-31T21:49:32.070Z,"11 km NNE of Hawaiian Ocean View, Hawaii",earthquake,0.52,0.98,0.14,11,reviewed,hv,hv
2006-07-20T21:12:22.329Z,58.7652,-136.7069,20.4,2.2,ml,,,,0.49,ak,ak00698rlha0,2019-02-13T05:05:37.675Z,"67 km NNW of Elfin Cove, Alaska",earthquake,,9,,,reviewed,ak,ak
2006-07-20T21:06:47.091Z,51.4322,-175.6136,25,2,ml,,,,0.65,ak,ak00698rk8w5,2019-02-13T05:05:37.240Z,"86 km SE of Adak, Alaska",earthquake,,1.5,,,reviewed,ak,ak
2006-07-20T21:03:50.682Z,56.0972,-158.0132,56.9,2.6,ml,,,,0.47,ak,ak00698rjm0s,2019-02-13T05:05:36.840Z,"32 km SE of Chignik, Alaska",earthquake,,1,,,reviewed,ak,ak
2006-07-20T20:55:26.100Z,39.03,21.63,9,3.5,ml,13,72.2,,,us,usp000ep76,2014-11-07T01:29:43.733Z,"2 km NNW of Kerasochóri, Greece",earthquake,,,,,reviewed,ath,ath
2006-07-20T20:41:03.660Z,-10.184,108.676,9.5,4.7,mb,20,181.3,,0.47,us,usp000ep75,2014-11-07T01:29:43.731Z,"289 km SSW of Kroya, Indonesia",earthquake,,46.4,,8,reviewed,us,us
2006-07-20T20:37:08.020Z,-9.267,107.76,10,4.5,mb,9,205.7,,0.65,us,usp000ep74,2014-11-07T01:29:43.729Z,"214 km SSW of Kawalu, Indonesia",earthquake,,,,1,reviewed,us,us
2006-07-20T20:36:23.870Z,60.9461,-151.0934,9.6,3,ml,,,,0.97,ak,ak00698r56z7,2019-02-13T05:05:27.189Z,"Kenai Peninsula, Alaska",earthquake,,0.1,,,reviewed,ak,ak
2006-07-20T20:26:28.438Z,51.9951,177.1706,8.1,2.8,ml,,,,1.11,ak,ak00698r3263,2019-02-13T05:05:36.084Z,"287 km ESE of Attu Station, Alaska",earthquake,,6.8,,,reviewed,ak,ak
2006-07-20T20:23:56.500Z,-32.458,-71.864,12.2,2.6,ml,10,215.6,,,us,usp000ep72,2014-11-07T01:29:43.726Z,"59 km W of La Ligua, Chile",earthquake,,,,,reviewed,guc,guc
2006-07-20T20:01:07.585Z,52.3227,179.4742,255.7,2.4,ml,,,,0.6,ak,ak00698qxnnq,2019-02-13T05:05:35.297Z,"271 km W of Adak, Alaska",earthquake,,3.7,,,reviewed,ak,ak
2006-07-20T20:00:53.080Z,43.751,-105.234,0,3.3,ml,28,117.5,,0.62,rusms,rusms00004151,2022-06-09T21:12:51.759Z,"20 km E of Wright, Wyoming",explosion,,,,,reviewed,us,us
2006-07-20T19:59:41.254Z,51.9969,-167.8823,32.7,2.7,ml,,,,0.49,ak,ak00698qoq6l,2019-02-13T05:05:34.902Z,"124 km SSE of Nikolski, Alaska",earthquake,,17.5,,,reviewed,ak,ak
2006-07-20T19:18:40.000Z,38.85,21.14,7,3.1,md,6,98,,,us,usp000ep71,2014-11-07T01:29:43.725Z,"2 km WSW of Amfilochía, Greece",earthquake,,,,,reviewed,ath,ath
2006-07-20T19:15:26.890Z,-9.673,108.403,10,4.1,mb,7,206.7,,0.55,us,usp000ep70,2014-11-07T01:29:43.723Z,"243 km SSW of Kroya, Indonesia",earthquake,,,,1,reviewed,us,us
2006-07-20T19:12:02.000Z,33.4993333,-116.4533333,7.863,2.23,ml,49,34,0.0333,0.22,ci,ci14241652,2016-03-09T14:01:42.937Z,"21km ESE of Anza, CA",earthquake,0.26,0.72,0.203,89,reviewed,ci,ci
2006-07-20T19:10:13.140Z,44.457,83.184,10,3.6,mb,20,93.7,,0.68,us,usp000ep6z,2014-11-07T01:29:43.721Z,"104 km SSE of Druzhba, Kazakhstan",earthquake,,,,1,reviewed,us,us
2006-07-20T18:52:38.070Z,46.7035,-122.7515,1.386,2.2,md,9,116,0.04745,0.14,uw,uw10701303,2016-07-22T22:20:55.340Z,"13 km SE of Bucoda, Washington",explosion,0.829,0.87,0.04,2,reviewed,uw,uw
2006-07-20T18:33:14.600Z,17.847,-96.781,77.2,3.7,md,5,162.7,,,us,usp000ep6x,2014-11-07T01:29:43.718Z,"7 km NNE of Santa María Pápalo, Mexico",earthquake,,,,,reviewed,unm,unm
2006-07-20T18:07:50.000Z,38.034,38.178,9.6,4.1,ml,24,125.1,,,us,usp000ep6w,2014-11-07T01:29:43.715Z,"5 km W of Çelikhan, Turkey",earthquake,,,,,reviewed,isk,isk
2006-07-20T17:42:36.570Z,32.781,139.229,189.7,3.9,mb,18,176,,0.6,us,usp000ep6v,2014-11-07T01:29:43.713Z,"211 km S of Shimoda, Japan",earthquake,,8.1,,4,reviewed,us,us
2006-07-20T17:40:13.500Z,40.29,25.18,5,3.1,md,5,135.4,,,us,usp000ep6u,2014-11-07T01:29:43.712Z,"32 km SW of Kamariótissa, Greece",earthquake,,,,,reviewed,ath,ath
2006-07-20T17:27:21.773Z,53.3178,-167.6979,76.9,2.2,ml,,,,0.43,ak,ak00698payk1,2019-02-13T05:05:33.824Z,"88 km ENE of Nikolski, Alaska",earthquake,,1.4,,,reviewed,ak,ak
2006-07-20T17:26:44.173Z,54.6997,-161.0103,10.7,2.3,ml,,,,0.54,ak,ak00698paskh,2019-02-13T05:05:34.506Z,"78 km SSW of Sand Point, Alaska",earthquake,,1.1,,,reviewed,ak,ak
2006-07-20T17:26:40.850Z,-9.54,108.044,10,4.5,mb,26,114.3,,0.72,us,usp000ep6t,2014-11-07T01:29:43.709Z,"239 km S of Kawalu, Indonesia",earthquake,,,,16,reviewed,us,us
2006-07-20T17:16:42.301Z,53.4998,-163.5485,15.2,2.5,ml,,,,0.41,ak,ak00698p8n9i,2019-02-13T05:05:33.453Z,"Unimak Island region, Alaska",earthquake,,2.6,,,reviewed,ak,ak
2006-07-20T17:06:02.800Z,-32.358,-72.549,4.5,3.1,ml,6,310.8,,,us,usp000ep6s,2014-11-07T01:29:43.707Z,"114 km NW of Valparaíso, Chile",earthquake,,,,,reviewed,guc,guc
2006-07-20T16:57:12.450Z,18.325,-66.163,15.2,2.5,md,4,209.6,,,us,usp000ep6r,2014-11-07T01:29:43.706Z,"6 km WSW of Guaynabo, Puerto Rico",earthquake,,,,,reviewed,rspr,rspr
2006-07-20T16:52:35.270Z,30.171,83.675,10,4.3,mb,30,86.8,,0.91,us,usp000ep6q,2014-11-07T01:29:43.702Z,"175 km NE of Jumla, Nepal",earthquake,,,,11,reviewed,us,us
2006-07-20T16:29:06.500Z,40.27,25.27,32,3.2,md,9,129.6,,,us,usp000ep6p,2014-11-07T01:29:43.701Z,"28 km SW of Kamariótissa, Greece",earthquake,,,,,reviewed,ath,ath
2006-07-20T16:15:30.020Z,-5.823,152.194,56.4,4.3,mb,12,251.6,,0.77,us,usp000ep6n,2014-11-07T01:29:43.699Z,"163 km S of Kokopo, Papua New Guinea",earthquake,,28.5,,6,reviewed,us,us
2006-07-20T15:57:38.900Z,37.7,21.37,14,4.3,mb,109,59.3,,,us,usp000ep6m,2014-11-07T01:29:43.690Z,"6 km WNW of Pýrgos, Greece",earthquake,,,,22,reviewed,ath,us
2006-07-20T15:47:16.100Z,16.025,-93.573,72,4.3,md,8,237.7,,1.62,us,usp000ep6k,2014-11-07T01:29:43.688Z,"16 km NNW of Tres Picos, Mexico",earthquake,,13.4,,,reviewed,us,unm
2006-07-20T15:38:28.070Z,-10.008,108.735,10,4.8,mwc,90,50.4,,0.94,us,usp000ep6j,2016-11-10T01:25:57.205Z,"268 km SSW of Kroya, Indonesia",earthquake,,,,,reviewed,us,hrv
2006-07-20T15:16:42.910Z,15.043,118.614,26.7,4.3,mb,8,127,,0.98,us,usp000ep6h,2014-11-07T01:29:43.676Z,"145 km WSW of Palauig, Philippines",earthquake,,,,1,reviewed,us,us
2006-07-20T15:15:49.810Z,-10.059,108.705,10,4.9,mb,58,66.2,,0.94,us,usp000ep6g,2014-11-07T01:29:43.671Z,"274 km SSW of Kroya, Indonesia",earthquake,,,,30,reviewed,us,us
2006-07-20T15:00:07.893Z,52.0428,177.0971,8.1,3.4,ml,,,,0.78,ak,ak00698ny9xx,2019-02-13T05:05:25.668Z,"280 km ESE of Attu Station, Alaska",earthquake,,4.1,,,reviewed,ak,ak
2006-07-20T14:52:16.920Z,-8.808,109.038,10,4.9,mb,23,131.5,,0.91,us,usp000ep6f,2014-11-07T01:29:43.668Z,"131 km S of Kroya, Indonesia",earthquake,,,,12,reviewed,us,us
2006-07-20T14:43:20.000Z,-17.75,-13.25,10,4.9,mwc,,,,,gcmt,gcmtc200607201443a,2016-11-10T01:25:56.621Z,"southern Mid-Atlantic Ridge",earthquake,,,,,automatic,gcmt,gcmt
2006-07-20T14:36:10.750Z,-9.513,108.614,26.3,4.8,mwc,89,52.2,,0.8,us,usp000ep6e,2016-11-10T01:25:56.121Z,"219 km SSW of Kroya, Indonesia",earthquake,,14.4,,,reviewed,us,hrv
2006-07-20T14:33:20.290Z,-10.642,108.132,10,4.3,mb,11,177.2,,1.18,us,usp000ep6d,2014-11-07T01:29:43.657Z,"south of Java, Indonesia",earthquake,,,,3,reviewed,us,us
2006-07-20T14:19:07.910Z,-2.711,138.7,35,4.2,mb,19,198.9,,0.9,us,usp000ep6c,2014-11-07T01:29:43.655Z,"215 km W of Abepura, Indonesia",earthquake,,,,8,reviewed,us,us
2006-07-20T14:16:14.808Z,52.033,177.2242,6.7,2.6,ml,,,,0.84,ak,ak00698ngabs,2019-02-13T05:05:32.229Z,"289 km ESE of Attu Station, Alaska",earthquake,,12.1,,,reviewed,ak,ak
2006-07-20T13:40:14.500Z,39.401,141.219,119.8,4.5,mb,9,164.4,,,us,usp000ep6b,2014-11-07T01:29:43.654Z,"9 km ENE of Hanamaki, Japan",earthquake,,,,2,reviewed,jma,us
2006-07-20T13:34:52.090Z,51.862,177.025,27.4,4.4,mb,28,112.3,,1.11,us,usp000ep6a,2019-02-13T05:05:25.255Z,"283 km ESE of Attu Station, Alaska",earthquake,,21.7,,10,reviewed,us,us
2006-07-20T13:24:38.370Z,34.0935,-117.2731667,13.531,2.02,ml,53,29,0.01434,0.15,ci,ci14241600,2016-03-08T23:27:23.654Z,"4km ENE of Colton, CA",earthquake,0.31,0.42,0.171,112,reviewed,ci,ci
2006-07-20T13:12:45.375Z,52.0792,177.1724,4.6,2.6,ml,,,,0.84,ak,ak00698mu27t,2019-02-13T05:05:31.858Z,"284 km ESE of Attu Station, Alaska",earthquake,,0.8,,,reviewed,ak,ak
2006-07-20T13:12:36.730Z,-9.66,108.229,31.5,4.9,mb,54,67.4,,0.77,us,usp000ep69,2014-11-07T01:29:43.645Z,"248 km SSW of Sidareja, Indonesia",earthquake,,,,22,reviewed,us,us
2006-07-20T13:00:20.780Z,-9.245,108.315,10,4.1,mb,12,180.7,,1.04,us,usp000ep68,2014-11-07T01:29:43.643Z,"201 km SSW of Sidareja, Indonesia",earthquake,,,,4,reviewed,us,us
2006-07-20T12:30:00.220Z,-5.446,150.051,20,4.8,mb,26,92,,1.49,us,usp000ep67,2014-11-07T01:29:43.641Z,"15 km NW of Kimbe, Papua New Guinea",earthquake,,0,,14,reviewed,us,us
2006-07-20T11:57:30.000Z,10.896,-62.092,92.6,4,mw,22,57.4,,,us,usp000ep66,2014-11-07T01:29:43.637Z,"41 km NNE of Güiria, Venezuela",earthquake,,,,,reviewed,car,car
2006-07-20T11:34:13.300Z,-33.199,-70.557,95.8,2.6,m,12,178.5,,,us,usp000ep65,2014-11-07T01:29:43.635Z,"13 km NE of Chicureo Abajo, Chile",earthquake,,,,,reviewed,guc,guc
2006-07-20T11:01:07.720Z,-9.928,107.858,34.1,4.7,mb,37,78.9,,0.7,us,usp000ep64,2014-11-07T01:29:43.631Z,"284 km S of Kawalu, Indonesia",earthquake,,,,19,reviewed,us,us
2006-07-20T09:34:31.780Z,59.1986,-152.4031,59.8,2.2,ml,,,,0.94,ak,ak00698kl0i2,2019-02-13T05:05:24.465Z,"32 km WSW of Nanwalek, Alaska",earthquake,,1,,,reviewed,ak,ak
2006-07-20T08:48:48.700Z,-6.173,154.664,101.1,4.2,mb,12,150.9,,0.79,us,usp000ep63,2014-11-07T01:29:43.629Z,"92 km W of Panguna, Papua New Guinea",earthquake,,24.2,,1,reviewed,us,us
2006-07-20T08:48:45.520Z,-17.655,-173.387,10,4.7,mb,30,135.8,,0.92,us,usp000ep62,2014-11-07T01:29:43.626Z,"127 km NNE of Neiafu, Tonga",earthquake,,0,,8,reviewed,us,us
2006-07-20T08:31:57.750Z,32.7076667,-116.0565,1.38,2.02,ml,26,101,0.06103,0.24,ci,ci14241556,2016-03-08T16:58:36.385Z,"7km WSW of Ocotillo, CA",earthquake,0.39,0.87,0.102,50,reviewed,ci,ci
2006-07-20T08:29:58.210Z,40.272,-124.3948333,21.654,3.44,ml,34,221,0.2081,0.09,nc,nc21528200,2017-01-15T00:52:31.200Z,"34 km SW of Scotia, California",earthquake,0.54,0.62,,8,reviewed,nc,nc
2006-07-20T08:27:23.150Z,59.2733,-152.0491,41.8,2.1,ml,,,,0.62,ak,ak00698jy27v,2019-02-13T05:05:30.378Z,"11 km SW of Nanwalek, Alaska",earthquake,,1.2,,,reviewed,ak,ak
2006-07-20T08:11:45.315Z,51.1359,-179.1803,14.9,2.5,ml,,,,0.52,ak,ak00698juogz,2019-02-13T05:05:23.692Z,"194 km WSW of Adak, Alaska",earthquake,,1.5,,,reviewed,ak,ak
2006-07-20T08:05:40.304Z,61.3686,-147.6943,12.7,2,ml,,,,0.66,ak,ak00698jtdse,2019-02-13T05:05:23.264Z,"48 km S of Glacier View, Alaska",earthquake,,0.1,,,reviewed,ak,ak
2006-07-20T07:52:29.800Z,31.58,77.928,10,3.5,mb,8,145.7,,0.49,us,usp000ep60,2014-11-07T01:29:43.623Z,"14 km ENE of Sar?han, India",earthquake,,,,1,reviewed,us,us
2006-07-20T07:48:39.560Z,-5.165,146.784,89,4.2,mb,10,293.7,,1.05,us,usp000ep5z,2014-11-07T01:29:43.621Z,"110 km E of Madang, Papua New Guinea",earthquake,,30,,4,reviewed,us,us
2006-07-20T07:19:42.370Z,-6.727,150.418,35,4,mb,7,314.5,,0.99,us,usp000ep5y,2014-11-07T01:29:43.620Z,"112 km ESE of Kandrian, Papua New Guinea",earthquake,,,,3,reviewed,us,us
2006-07-20T07:03:30.280Z,32.2011667,-115.8518333,5.772,2.25,ml,9,285,0.4488,0.25,ci,ci14241548,2016-03-09T15:52:44.440Z,"49km SSW of Progreso, B.C., MX",earthquake,1.53,31.61,0.138,32,reviewed,ci,ci
2006-07-20T07:02:38.200Z,-31.67,-70.769,105.9,2.7,m,6,177.8,,,us,usp000ep5x,2014-11-07T01:29:43.618Z,"22 km ENE of Salamanca, Chile",earthquake,,,,,reviewed,guc,guc
2006-07-20T06:58:25.100Z,-32.581,-71.695,22.6,2.8,ml,12,209.7,,,us,usp000ep5w,2014-11-07T01:29:43.616Z,"45 km WSW of La Ligua, Chile",earthquake,,,,,reviewed,guc,guc
2006-07-20T06:50:19.040Z,32.1865,-115.8653333,5.787,3.41,ml,17,254,0.462,0.29,ci,ci14241544,2016-03-09T02:16:28.008Z,"51km SSW of Progreso, B.C., MX",earthquake,2.29,31.61,0.191,120,reviewed,ci,ci
2006-07-20T05:58:27.560Z,-6.534,127.879,367.4,3.9,mb,11,174.9,,0.57,us,usp000ep5u,2014-11-07T01:29:43.613Z,"240 km NNE of Lospalos, Timor Leste",earthquake,,22.8,,5,reviewed,us,us
2006-07-20T05:31:03.947Z,59.4885,-152.4843,63.5,2.2,ml,,,,0.64,ak,ak00698i6ksa,2019-02-13T05:05:22.843Z,"35 km WNW of Nanwalek, Alaska",earthquake,,0.4,,,reviewed,ak,ak
2006-07-20T05:23:27.830Z,-9.877,108.018,10,4.6,mb,17,181.6,,0.7,us,usp000ep5t,2014-11-07T01:29:43.611Z,"276 km S of Kawalu, Indonesia",earthquake,,,,8,reviewed,us,us
2006-07-20T05:14:51.070Z,-9.355,108.514,11,4.8,mb,37,88.3,,0.51,us,usp000ep5s,2014-11-07T01:29:43.607Z,"206 km SSW of Kroya, Indonesia",earthquake,,23.9,,16,reviewed,us,us
2006-07-20T05:12:11.360Z,60.827,165.88,10,4.3,mb,19,187.3,,0.64,us,usp000ep5r,2014-11-07T01:29:43.605Z,"45 km NNW of Tilichiki, Russia",earthquake,,,,8,reviewed,us,us
2006-07-20T04:37:05.157Z,67.3662,-145.6945,30.8,2.1,ml,,,,2.55,ak,ak00698hmfkj,2019-02-13T05:05:28.991Z,"50 km NE of Venetie, Alaska",earthquake,,43.7,,,reviewed,ak,ak
2006-07-20T04:34:07.750Z,-9.735,107.525,10,4.9,mwc,181,51.4,,0.97,us,usp000ep5q,2016-11-10T01:25:55.503Z,"270 km SSW of Kawalu, Indonesia",earthquake,,,,,reviewed,us,hrv
2006-07-20T04:30:46.670Z,-10.103,108.03,10,4.4,mb,16,114.3,,0.64,us,usp000ep5p,2014-11-07T01:29:43.587Z,"south of Java, Indonesia",earthquake,,,,8,reviewed,us,us
2006-07-20T04:28:44.080Z,-9.977,108.081,10,4.3,mb,7,209.9,,0.91,us,usp000ep5n,2014-11-07T01:29:43.586Z,"286 km SSW of Sidareja, Indonesia",earthquake,,,,1,reviewed,us,us
2006-07-20T04:02:23.700Z,-32.085,-71.844,20.3,3,ml,12,220.4,,,us,usp000ep5m,2014-11-07T01:29:43.584Z,"70 km NW of La Ligua, Chile",earthquake,,,,,reviewed,guc,guc
2006-07-20T03:32:19.407Z,61.4817,-150.1698,50.8,2,ml,,,,0.24,ak,ak00698gzyhg,2019-02-13T05:05:22.430Z,"12 km WSW of Big Lake, Alaska",earthquake,,0.1,,,reviewed,ak,ak
2006-07-20T03:04:51.440Z,10.326,-60.644,61,3.2,md,5,295.7,,,us,usp000ep5k,2014-11-07T01:29:43.583Z,"58 km E of Rio Claro, Trinidad and Tobago",earthquake,,,,,reviewed,trn,trn
2006-07-20T03:00:11.100Z,26.97,60.59,14.1,4.1,mb,22,192.9,,,us,usp000ep5j,2014-11-07T01:29:43.581Z,"27 km SSW of Iranshahr, Iran",earthquake,,,,5,reviewed,thr,us
2006-07-20T02:55:49.060Z,-10.13,107.98,10,4.3,mb,23,109,,1,us,usp000ep5h,2014-11-07T01:29:43.578Z,"south of Java, Indonesia",earthquake,,,,7,reviewed,us,us
2006-07-20T02:55:12.668Z,52.0594,177.1382,9.9,2.6,ml,,,,0.66,ak,ak00698gjftu,2019-02-13T05:05:22.056Z,"282 km ESE of Attu Station, Alaska",earthquake,,2.6,,,reviewed,ak,ak
2006-07-20T02:34:31.220Z,-9.122,107.269,10,4.3,mb,7,221.1,,0.58,us,usp000ep5g,2014-11-07T01:29:43.577Z,"213 km S of Banjar, Indonesia",earthquake,,,,4,reviewed,us,us
2006-07-20T02:27:30.080Z,18.438,-64.52,59,2.9,md,6,348.3,,,us,usp000ep5f,2014-11-07T01:29:43.576Z,"31 km ENE of Cruz Bay, U.S. Virgin Islands",earthquake,,,,,reviewed,rspr,rspr
2006-07-20T02:21:35.580Z,50.155,18.926,5,2.6,m,9,149.8,,0.83,us,usp000ep5e,2014-11-07T01:29:43.573Z,"2 km SE of Miko?ów, Poland",earthquake,,,,,reviewed,us,war
2006-07-20T02:07:43.590Z,16.87,-61.823,108,3.1,md,9,283.6,,,us,usp000ep5d,2014-11-07T01:29:43.572Z,"17 km SSW of Falmouth, Antigua and Barbuda",earthquake,,,,,reviewed,trn,trn
2006-07-20T01:52:06.950Z,44.031,20.095,11,3.3,ml,61,68.4,,,us,usp000ep5c,2014-11-07T01:29:43.565Z,"24 km SSW of Ljig, Serbia",earthquake,,,,,reviewed,pdg,pdg
2006-07-20T01:47:04.230Z,-9.186,108.656,10,4.2,mb,14,204.6,,0.61,us,usp000ep5b,2014-11-07T01:29:43.563Z,"183 km SSW of Kroya, Indonesia",earthquake,,,,4,reviewed,us,us
2006-07-20T01:27:07.480Z,-9.257,108.422,10,4.1,mb,15,142.1,,1,us,usp000ep5a,2014-11-07T01:29:43.561Z,"200 km SSW of Sidareja, Indonesia",earthquake,,,,4,reviewed,us,us
2006-07-20T01:20:28.660Z,42.526,143.664,100.4,4.4,mb,63,142.8,,0.67,us,usp000ep59,2014-11-07T01:29:43.556Z,"57 km SE of Obihiro, Japan",earthquake,,5.5,,24,reviewed,us,us
2006-07-20T01:17:26.540Z,-9.11,108.034,10,5.1,mb,51,53.9,,0.86,us,usp000ep58,2014-11-07T01:29:43.550Z,"192 km S of Kawalu, Indonesia",earthquake,,,,25,reviewed,us,us
2006-07-20T01:07:21.760Z,10.769,-60.108,28,3.7,md,14,273.9,,,us,usp000ep57,2014-11-07T01:29:43.548Z,"82 km SE of Scarborough, Trinidad and Tobago",earthquake,,,,,reviewed,trn,trn
2006-07-20T01:02:48.300Z,44.2,15.9,2,3.8,ml,43,93.7,,,us,usp000ep56,2014-11-07T01:29:43.542Z,"11 km SSE of Gra?ac, Croatia",earthquake,,,,,reviewed,ldg,pdg
2006-07-20T01:00:12.500Z,43.038,-0.211,2,2.6,ml,21,82.8,,,us,usp000ep55,2014-11-07T01:29:43.538Z,"8 km SSW of Saint-Pé-de-Bigorre, France",earthquake,,,,,reviewed,ldg,ldg
2006-07-20T00:43:04.620Z,-9.069,109.022,10,4,mb,11,204,,0.85,us,usp000ep54,2014-11-07T01:29:43.537Z,"160 km S of Kroya, Indonesia",earthquake,,,,3,reviewed,us,us
2006-07-20T00:35:00.180Z,31.604,77.905,35,3.5,mb,13,145.7,,0.87,us,usp000ep53,2014-11-07T01:29:43.535Z,"14 km NE of Sar?han, India",earthquake,,,,4,reviewed,us,us
2006-07-20T00:27:41.900Z,37.67,21.55,22,3,md,5,155.6,,,us,usp000ep52,2014-11-07T01:29:43.533Z,"3 km NNE of Alfeioúsa, Greece",earthquake,,,,,reviewed,ath,ath
2006-07-20T00:17:59.670Z,-9.368,108.273,33.9,4.7,mb,67,52.9,,0.94,us,usp000ep51,2014-11-07T01:29:43.511Z,"216 km SSW of Sidareja, Indonesia",earthquake,,15.1,,29,reviewed,us,us
2006-07-20T00:10:58.240Z,31.642,78.038,35,4,mb,21,104.2,,1.03,us,usp000ep50,2014-11-07T01:29:43.508Z,"27 km ENE of Sar?han, India",earthquake,,,,9,reviewed,us,us
2006-07-19T23:58:42.500Z,41.69,23.81,4,3.1,md,14,85,,,us,usp000ep4z,2014-11-07T01:29:43.506Z,"10 km N of Garmen, Bulgaria",earthquake,,,,,reviewed,ath,ath
2006-07-19T23:56:40.180Z,35.511,-120.7773333,3.437,2.06,md,53,58,0.1,0.12,nc,nc21528152,2017-01-15T00:51:03.710Z,"7 km WSW of Templeton, California",earthquake,0.19,0.95,0.13,40,reviewed,nc,nc
2006-07-19T23:51:06.180Z,-20.955,32.951,10,4.3,mb,10,208.4,,1.27,us,usp000ep4y,2014-11-07T01:29:43.504Z,"91 km SSE of Chipinge, Zimbabwe",earthquake,,,,1,reviewed,us,us
2006-07-19T23:29:07.800Z,-32.506,-71.896,25.4,4,ml,33,152.1,,,us,usp000ep4x,2014-11-07T01:29:43.500Z,"62 km W of La Ligua, Chile",earthquake,,,,,reviewed,guc,guc
2006-07-19T23:10:17.807Z,51.258,-177.9765,23.6,2.2,ml,,,,0.44,ak,ak0069758k7o,2019-02-13T05:05:10.801Z,"115 km SW of Adak, Alaska",earthquake,,0.3,,,reviewed,ak,ak
2006-07-19T22:59:41.784Z,51.0853,-179.1042,18.8,2.2,ml,,,,0.5,ak,ak006974xojm,2019-02-13T05:05:10.424Z,"192 km WSW of Adak, Alaska",earthquake,,0.6,,,reviewed,ak,ak
2006-07-19T22:58:57.000Z,-32.465,-71.882,27.5,2.5,ml,10,225,,,us,usp000ep4w,2014-11-07T01:29:43.499Z,"61 km W of La Ligua, Chile",earthquake,,,,,reviewed,guc,guc
2006-07-19T22:55:23.900Z,-32.454,-71.847,36,3,ml,4,243.5,,,us,usp000ep4v,2014-11-07T01:29:43.497Z,"57 km W of La Ligua, Chile",earthquake,,,,,reviewed,guc,guc
2006-07-19T22:47:03.490Z,-9.3,107.55,15.6,5,mb,111,48.1,,1.04,us,usp000ep4u,2014-11-07T01:29:43.488Z,"224 km SSW of Singaparna, Indonesia",earthquake,,16.4,,31,reviewed,us,us
2006-07-19T22:39:25.200Z,-35.098,-71.758,51.5,3.3,m,10,172.7,,,us,usp000ep4t,2014-11-07T01:29:43.485Z,"37 km NNW of Talca, Chile",earthquake,,,,,reviewed,guc,guc
2006-07-19T22:31:55.450Z,-9.409,108.314,32.3,4.7,mb,45,68.1,,0.82,us,usp000ep4s,2014-11-07T01:29:43.480Z,"219 km SSW of Sidareja, Indonesia",earthquake,,17.6,,12,reviewed,us,us
2006-07-19T22:30:43.800Z,-32.479,-71.892,27.3,3.1,ml,13,225.6,,,us,usp000ep4r,2014-11-07T01:29:43.478Z,"62 km W of La Ligua, Chile",earthquake,,,,,reviewed,guc,guc
2006-07-19T22:30:05.800Z,15.844,-94.972,15.1,4.1,md,5,198.1,,,us,usp000ep4q,2014-11-07T01:29:43.476Z,"40 km S of San Mateo del Mar, Mexico",earthquake,,,,,reviewed,unm,unm
2006-07-19T22:11:29.830Z,-32.5,-71.794,36.4,5,mwc,73,114.7,,0.99,us,usp000ep4p,2022-05-02T18:23:58.643Z,"53 km W of La Ligua, Chile",earthquake,,5.2,,,reviewed,us,hrv
2006-07-19T22:09:23.500Z,-9.332,108.537,8.4,5,mwc,122,27.9,,0.9,us,usp000ep4n,2016-11-10T01:25:54.504Z,"203 km SSW of Kroya, Indonesia",earthquake,,14,,,reviewed,us,hrv
2006-07-19T22:06:58.600Z,44.862,9.896,10,2.6,ml,14,222,,,us,usp000ep4m,2014-11-07T01:29:43.455Z,"1 km ENE of Castell'Arquato, Italy",earthquake,,,,,reviewed,ldg,ldg
2006-07-19T21:59:01.350Z,36.895,-121.61,-0.137,2.47,md,12,63,0.01802,0.06,nc,nc21528098,2017-01-15T00:50:01.934Z,"3 km ENE of Aromas, California",quarry blast,0.23,0.43,0.21,12,reviewed,nc,nc
2006-07-19T21:58:23.700Z,-32.476,-71.868,12.3,3.2,ml,16,223.9,,,us,usp000ep4k,2014-11-07T01:29:43.452Z,"59 km W of La Ligua, Chile",earthquake,,,,,reviewed,guc,guc
2006-07-19T21:50:36.260Z,-9.818,108.603,10,4.3,mb,11,188.8,,0.9,us,usp000ep4j,2014-11-07T01:29:43.451Z,"251 km SSW of Kroya, Indonesia",earthquake,,,,3,reviewed,us,us
2006-07-19T21:36:27.600Z,-32.459,-71.926,32.5,4.3,ml,31,200.2,,,us,usp000ep4h,2014-11-07T01:29:43.447Z,"65 km W of La Ligua, Chile",earthquake,,,,,reviewed,guc,guc
2006-07-19T21:20:53.900Z,-32.706,-70.012,113.1,3,m,12,214.3,,,us,usp000ep4g,2014-11-07T01:29:43.444Z,"56 km ENE of Los Andes, Chile",earthquake,,,,,reviewed,guc,guc
2006-07-19T21:20:52.390Z,61.4087,-151.0274,63.8,2.2,ml,,,,0.43,ak,ak0069743wtz,2019-02-13T05:05:09.641Z,"29 km N of Beluga, Alaska",earthquake,,0.1,,,reviewed,ak,ak
2006-07-19T21:18:28.670Z,-9.806,107.702,10,4.3,mb,11,200.7,,0.96,us,usp000ep4f,2014-11-07T01:29:43.443Z,"273 km SSW of Kawalu, Indonesia",earthquake,,,,3,reviewed,us,us
2006-07-19T21:06:00.910Z,46.7093333,-122.745,1.606,2.2,md,9,91,0.04884,0.14,uw,uw10701118,2016-07-22T22:20:50.450Z,"13 km SE of Bucoda, Washington",explosion,0.948,0.77,0.04,3,reviewed,uw,uw
2006-07-19T21:03:30.320Z,12.85,-87.171,198.8,4.5,mb,31,227.2,,0.95,us,usp000ep4e,2014-11-07T01:29:43.440Z,"0 km ESE of Puerto Morazán, Nicaragua",earthquake,,13.8,,12,reviewed,us,us
2006-07-19T21:01:22.140Z,-10.026,108.688,27.9,4.8,mb,36,74.5,,0.52,us,usp000ep4d,2014-11-07T01:29:43.436Z,"271 km SSW of Kroya, Indonesia",earthquake,,25.9,,15,reviewed,us,us
2006-07-19T20:42:37.160Z,67.916,10.326,10,4.1,mb,48,89.8,,0.85,us,usp000ep4c,2014-11-07T01:29:43.432Z,"103 km WNW of Sørland, Norway",earthquake,,,,7,reviewed,us,us
2006-07-19T20:36:21.763Z,59.8331,-152.9519,98.7,2.2,ml,,,,0.46,ak,ak006973lubk,2019-02-13T05:05:09.319Z,"63 km W of Anchor Point, Alaska",earthquake,,0.3,,,reviewed,ak,ak
2006-07-19T20:08:41.436Z,51.4329,-173.1572,1.6,2.3,ml,,,,0.45,ak,ak006973fvsf,2019-02-13T05:05:20.897Z,"111 km SE of Atka, Alaska",earthquake,,3,,,reviewed,ak,ak
2006-07-19T19:45:26.920Z,-9.792,108.381,10,4.7,mb,23,114.1,,0.67,us,usp000ep4b,2014-11-07T01:29:43.429Z,"257 km SSW of Kroya, Indonesia",earthquake,,,,9,reviewed,us,us
2006-07-19T19:42:23.520Z,11.633,-86.907,46.3,4.7,mb,34,101.4,,1.12,us,usp000ep4a,2014-11-07T01:29:43.425Z,"46 km WSW of Masachapa, Nicaragua",earthquake,,15.8,,9,reviewed,us,us
2006-07-19T19:06:28.890Z,-9.755,107.692,10,4.8,mb,25,114.5,,1.02,us,usp000ep49,2014-11-07T01:29:43.422Z,"268 km SSW of Kawalu, Indonesia",earthquake,,,,6,reviewed,us,us
2006-07-19T19:03:54.700Z,-9.485,108.059,10,5.2,mb,19,130.7,,0.65,us,usp000ep48,2014-11-07T01:29:43.419Z,"233 km S of Kawalu, Indonesia",earthquake,,,,11,reviewed,us,us
2006-07-19T19:00:25.040Z,38.401,20.441,3.4,3.2,md,12,187,,,us,usp000ep47,2014-11-07T01:29:43.417Z,"22 km N of Lixoúri, Greece",earthquake,,,,,reviewed,the,ath
2006-07-19T18:58:10.860Z,-6.37,146.077,116.2,4.9,mb,103,50.5,,0.8,us,usp000ep46,2014-11-07T01:29:43.408Z,"25 km ESE of Kainantu, Papua New Guinea",earthquake,,,,29,reviewed,us,us
2006-07-19T18:56:32.900Z,15.82,-98.272,12.1,4.3,md,14,209.5,,,us,usp000ep45,2014-11-07T01:29:43.406Z,"47 km S of Corralero, Mexico",earthquake,,,,,reviewed,unm,unm
2006-07-19T18:38:21.230Z,46.964,-120.3845,2.439,2.4,md,16,59,0.1367,0.31,uw,uw10701053,2016-07-22T22:20:49.070Z,"3 km SE of Kittitas, Washington",explosion,0.969,1.62,0.05,4,reviewed,uw,uw
2006-07-19T18:38:05.000Z,49.15,6.83,1,3.1,ml,26,57.3,,,us,usp000ep44,2014-11-07T01:29:43.401Z,"1 km NNW of Béning-lès-Saint-Avold, France",earthquake,,,,,reviewed,str,ldg
2006-07-19T18:16:36.540Z,-5.589,150.188,81.6,4.3,mb,8,226.8,,0.54,us,usp000ep43,2014-11-07T01:29:43.400Z,"6 km SE of Kimbe, Papua New Guinea",earthquake,,22.9,,1,reviewed,us,us
2006-07-19T18:09:48.600Z,15.602,-98.381,10,4.4,md,16,219,,,us,usp000ep42,2014-11-07T01:29:43.397Z,"73 km SSW of Corralero, Mexico",earthquake,,,,,reviewed,unm,unm
2006-07-19T18:08:57.860Z,-5.328,150.691,10,5.9,mwc,139,30.8,,1.22,us,usp000ep41,2022-05-02T15:34:28.583Z,"66 km ENE of Kimbe, Papua New Guinea",earthquake,,,,,reviewed,us,hrv
2006-07-19T17:55:40.720Z,-9.85,107.829,10,4.5,mb,14,151.1,,0.92,us,usp000ep40,2014-11-07T01:29:43.374Z,"276 km S of Kawalu, Indonesia",earthquake,,,,5,reviewed,us,us
2006-07-19T17:44:56.540Z,40.874,-121.2285,11.687,2.36,md,20,153,0.4261,0.11,nc,nc21528035,2017-01-15T00:48:37.879Z,"22 km SE of Fall River Mills, California",earthquake,0.58,1.16,0.13,17,reviewed,nc,nc
2006-07-19T17:43:14.150Z,-9.4,108.309,10,4.1,mb,7,201.7,,0.23,us,usp000ep3z,2014-11-07T01:29:43.373Z,"218 km SSW of Sidareja, Indonesia",earthquake,,,,1,reviewed,us,us
2006-07-19T17:29:32.130Z,-9.198,107.658,10,4.4,mb,8,207,,0.36,us,usp000ep3y,2014-11-07T01:29:43.371Z,"209 km SSW of Kawalu, Indonesia",earthquake,,,,3,reviewed,us,us
2006-07-19T17:06:24.130Z,-9.364,108.522,10,4.2,mb,15,116.9,,0.42,us,usp000ep3x,2014-11-07T01:29:43.370Z,"207 km SSW of Kroya, Indonesia",earthquake,,,,5,reviewed,us,us
2006-07-19T16:59:08.400Z,35.97,26.92,30,2.9,md,6,79.5,,,us,usp000ep3w,2014-11-07T01:29:43.368Z,"57 km NNW of Karpathos, Greece",earthquake,,,,,reviewed,ath,ath
2006-07-19T16:57:32.220Z,-10.007,108.378,10,4.2,mb,11,181.4,,0.48,us,usp000ep3v,2014-11-07T01:29:43.367Z,"279 km SSW of Kroya, Indonesia",earthquake,,,,4,reviewed,us,us
2006-07-19T16:25:39.460Z,-9.463,108.281,16.7,4.9,mb,47,58.9,,0.82,us,usp000ep3u,2014-11-07T01:29:43.362Z,"225 km SSW of Sidareja, Indonesia",earthquake,,26.4,,22,reviewed,us,us
2006-07-19T16:05:48.200Z,16.994,-100.334,17.2,4,md,7,194.4,,,us,usp000ep3t,2014-11-07T01:29:43.361Z,"9 km SW of Cayaco, Mexico",earthquake,,,,,reviewed,unm,unm
2006-07-19T16:03:19.998Z,51.2192,-178.8978,31.1,2.8,ml,,,,0.59,ak,ak006971114v,2019-02-13T05:05:07.319Z,"173 km WSW of Adak, Alaska",earthquake,,0.3,,,reviewed,ak,ak
2006-07-19T15:49:37.150Z,-10.07,107.674,10,4.1,mb,11,133.2,,0.69,us,usp000ep3r,2014-11-07T01:29:43.358Z,"south of Java, Indonesia",earthquake,,,,3,reviewed,us,us
2006-07-19T15:04:37.960Z,36.0915,-119.8785,27.772,2.03,md,21,171,0.1901,0.16,nc,nc21528013,2017-01-15T00:48:06.350Z,"11 km NE of Kettleman City, California",earthquake,1.27,0.65,0.27,2,reviewed,nc,nc
2006-07-19T14:58:17.759Z,51.9431,177.0482,10.7,2.4,ml,,,,0.49,ak,ak0069705y4v,2019-02-13T05:05:06.938Z,"281 km ESE of Attu Station, Alaska",earthquake,,1.5,,,reviewed,ak,ak
2006-07-19T14:39:31.080Z,19.582,-66.07,35.5,3.4,md,7,309.4,,,us,usp000ep3q,2014-11-07T01:29:43.356Z,"123 km N of San Juan, Puerto Rico",earthquake,,,,,reviewed,rspr,rspr
2006-07-19T14:25:38.290Z,32.852,96.328,10,3.9,mb,12,141,,1.18,us,usp000ep3p,2014-11-07T01:29:43.354Z,"207 km NNW of Qamdo, China",earthquake,,0,,2,reviewed,us,us
2006-07-19T13:53:11.730Z,1.315,97.129,30,4.3,mb,11,212.9,,0.3,us,usp000ep3n,2014-11-07T01:29:43.353Z,"130 km SW of Singkil, Indonesia",earthquake,,,,4,reviewed,us,us
2006-07-19T13:23:19.610Z,35.5195,-116.4256667,5.255,3.49,ml,40,75,0.3789,0.16,ci,ci14241380,2016-03-08T20:26:49.796Z,"37km NE of Fort Irwin, CA",earthquake,0.24,31.61,0.143,222,reviewed,ci,ci
2006-07-19T13:20:49.850Z,46.1965,-122.1886667,-1.834,2.1,md,8,98,,0.27,uw,uw10700968,2016-07-22T22:20:46.580Z,"37 km NNE of Amboy, Washington",earthquake,0.086,1.06,0.05,2,reviewed,uw,uw
2006-07-19T13:19:31.646Z,51.1739,174.1401,13.1,3,ml,,,,0.6,ak,ak00696zc6oc,2019-02-13T05:05:19.328Z,"197 km SSE of Attu Station, Alaska",earthquake,,2.8,,,reviewed,ak,ak
2006-07-19T13:08:18.820Z,40.4455,-124.184,29.231,2.67,md,8,162,0.05586,0.06,nc,nc21528001,2017-01-15T00:47:49.113Z,"8 km WSW of Scotia, California",earthquake,0.81,1.34,0.33,5,reviewed,nc,nc
2006-07-19T12:58:05.510Z,39.7861667,-123.4615,3.903,2.64,md,18,135,0.02703,0.07,nc,nc21527999,2017-01-15T00:47:43.330Z,"11 km N of Laytonville, California",earthquake,0.31,0.59,0.08,25,reviewed,nc,nc
2006-07-19T12:54:39.140Z,40.796,33.01,12.7,3.3,md,11,91.3,,,us,usp000ep3j,2014-11-07T01:29:43.348Z,"5 km WSW of Atkaracalar, Turkey",earthquake,,,,,reviewed,isk,isk
2006-07-19T12:54:10.099Z,53.9668,-163.1102,36.1,2.3,ml,,,,0.41,ak,ak00696yy7gx,2019-02-13T05:05:18.937Z,"100 km S of False Pass, Alaska",earthquake,,1.9,,,reviewed,ak,ak
2006-07-19T12:44:16.200Z,17.356,-94.24,178.3,3.9,md,4,214,,,us,usp000ep3h,2014-11-07T01:29:43.347Z,"11 km NNE of Helio García Alfaro, Mexico",earthquake,,,,,reviewed,unm,unm
2006-07-19T12:08:21.740Z,-5.423,149.653,74.9,4.8,mb,11,223,,1.03,us,usp000ep3g,2014-11-07T01:29:43.346Z,"55 km WNW of Kimbe, Papua New Guinea",earthquake,,23,,2,reviewed,us,us
2006-07-19T12:05:05.900Z,-5.417,150.764,48.4,4.6,mb,23,70.5,,0.81,us,usp000ep3f,2014-11-07T01:29:43.343Z,"70 km ENE of Kimbe, Papua New Guinea",earthquake,,12.7,,7,reviewed,us,us
2006-07-19T12:01:57.510Z,-9.836,108.331,10,5,mb,28,181.3,,0.72,us,usp000ep3e,2014-11-07T01:29:43.340Z,"263 km SSW of Kroya, Indonesia",earthquake,,,,10,reviewed,us,us
2006-07-19T11:57:52.190Z,-5.517,150.068,69.2,4.6,mb,10,208.1,,0.64,us,usp000ep3d,2014-11-07T01:29:43.339Z,"8 km WNW of Kimbe, Papua New Guinea",earthquake,,23,,3,reviewed,us,us
2006-07-19T11:49:24.200Z,-9.694,108.972,10,4.7,mb,11,117.3,,0.84,us,usp000ep3c,2014-11-07T01:29:43.337Z,"229 km S of Kroya, Indonesia",earthquake,,,,5,reviewed,us,us
2006-07-19T11:48:58.290Z,-5.474,150.684,28.2,6.4,mwc,133,32.1,,1.17,us,usp000ep3b,2022-07-14T10:32:46.408Z,"61 km E of Kimbe, Papua New Guinea",earthquake,,,,,reviewed,us,hrv
2006-07-19T11:44:33.404Z,57.1428,-154.9708,38.5,5.2,mb,,,,0.67,ak,ak00696yaoi4,2022-05-02T15:25:50.454Z,"53 km WNW of Akhiok, Alaska",earthquake,,0.4,,,reviewed,ak,ak
2006-07-19T11:41:43.460Z,40.2806667,-124.4331667,20.064,5,mw,39,223,0.2081,0.09,nc,nc21527987,2020-05-06T09:05:26.783Z,"35 km SSW of Ferndale, California",earthquake,0.61,0.45,,6,reviewed,nc,nc
2006-07-19T11:39:55.538Z,58.2457,-153.0078,56.8,2.7,ml,,,,0.41,ak,ak00696y9nmp,2019-02-13T05:05:05.189Z,"21 km NNW of Aleneva, Alaska",earthquake,,0.1,,,reviewed,ak,ak
2006-07-19T11:18:08.600Z,49.502,-129.143,10,2.8,ml,12,275.2,,,us,usp000ep37,2014-11-07T01:29:43.267Z,"190 km SW of Port McNeill, Canada",earthquake,,,,,reviewed,pgc,pgc
2006-07-19T10:57:36.880Z,-6.535,105.389,45,6.1,mwb,383,33.2,,0.93,us,usp000ep36,2022-07-14T10:34:31.550Z,"51 km WSW of Labuan, Indonesia",earthquake,,,,,reviewed,us,us
2006-07-19T10:55:23.055Z,51.616,-174.451,10,2.1,ml,,,,0.47,ak,ak00696xrkz5,2019-02-13T05:05:16.929Z,"66 km SSW of Atka, Alaska",earthquake,,0,,,reviewed,ak,ak
2006-07-19T10:51:51.340Z,-9.618,107.329,33.9,4.9,mb,34,87.4,,0.68,us,usp000ep35,2014-11-07T01:29:43.217Z,"265 km SSW of Singaparna, Indonesia",earthquake,,,,17,reviewed,us,us
2006-07-19T10:51:36.749Z,53.9815,-165.9159,114.3,2.1,ml,,,,0.3,ak,ak00696xqr62,2019-02-13T05:05:17.325Z,"19 km SSW of Akutan, Alaska",earthquake,,0.3,,,reviewed,ak,ak
2006-07-19T10:43:04.510Z,-9.677,108.283,26.5,4.7,mb,28,74.6,,0.36,us,usp000ep34,2014-11-07T01:29:43.213Z,"248 km SSW of Sidareja, Indonesia",earthquake,,,,15,reviewed,us,us
2006-07-19T10:11:45.893Z,51.9817,177.2935,10,2.6,ml,,,,0.51,ak,ak00696xi78d,2019-02-13T05:05:04.793Z,"295 km ESE of Attu Station, Alaska",earthquake,,1.5,,,reviewed,ak,ak
2006-07-19T10:10:07.580Z,34.3691667,-116.6766667,2.559,2.38,ml,58,29,0.05303,0.2,ci,ci14241344,2016-03-08T16:58:33.249Z,"20km NE of Big Bear City, CA",earthquake,0.23,0.42,0.194,135,reviewed,ci,ci
2006-07-19T10:09:43.950Z,-10.835,112.099,21.8,4.8,mb,33,102.9,,0.56,us,usp000ep33,2014-11-07T01:29:43.209Z,"298 km SSW of Dampit, Indonesia",earthquake,,20.9,,14,reviewed,us,us
2006-07-19T10:04:59.890Z,-8.821,108.244,18.8,4.6,mb,19,92.9,,1.01,us,usp000ep32,2014-11-07T01:29:43.207Z,"159 km S of Kawalu, Indonesia",earthquake,,68.6,,5,reviewed,us,us
2006-07-19T09:58:40.690Z,-9.897,108.097,10,4.3,mb,9,150.6,,1.16,us,usp000ep31,2014-11-07T01:29:43.205Z,"277 km SSW of Sidareja, Indonesia",earthquake,,,,1,reviewed,us,us
2006-07-19T09:53:07.250Z,32.974,96.208,15.7,5.5,mwc,283,32.8,,0.71,us,usp000ep30,2022-05-02T15:34:24.164Z,"224 km NNW of Qamdo, China",earthquake,,,,,reviewed,us,hrv
2006-07-19T09:41:06.800Z,35.91,27.19,18,3.6,md,17,84.8,,,us,usp000ep2z,2014-11-07T01:29:43.179Z,"44 km N of Karpathos, Greece",earthquake,,,,,reviewed,ath,isk
2006-07-19T09:35:01.510Z,14.635,145.473,25.7,4.8,mb,59,94.2,,0.71,us,usp000ep2y,2022-07-13T03:05:07.453Z,"40 km SSW of San Jose Village, Northern Mariana Islands",earthquake,,,,27,reviewed,us,us
2006-07-19T09:24:42.820Z,-25.694,179.596,513.7,4.5,mb,26,104.6,,0.77,us,usp000ep2x,2014-11-07T01:29:43.169Z,"south of the Fiji Islands",earthquake,,9.3,,7,reviewed,us,us
2006-07-19T08:58:23.940Z,52.555,158.418,90.4,4.4,mb,24,134.2,,0.67,us,usp000ep2w,2014-11-07T01:29:43.166Z,"41 km S of Vilyuchinsk, Russia",earthquake,,6.5,,3,reviewed,us,us
2006-07-19T08:55:20.000Z,-35.22,177.81,311,4.6,m,9,321.4,,,us,usp000ep2v,2014-11-07T01:29:43.164Z,"261 km NE of Whitianga, New Zealand",earthquake,,,,,reviewed,wel,wel
2006-07-19T08:53:49.500Z,-27.452,-179.006,381.1,4.3,mb,31,100.2,,1.04,us,usp000ep2u,2014-11-07T01:29:43.161Z,"Kermadec Islands region",earthquake,,9.3,,7,reviewed,us,us
2006-07-19T08:43:03.259Z,57.2246,-142.9286,8,2.5,ml,,,,0.36,ak,ak00696wi3n9,2019-02-13T05:05:15.483Z,"Gulf of Alaska",earthquake,,1,,,reviewed,ak,ak
2006-07-19T08:30:11.990Z,47.7728333,-121.867,1.755,2.4,md,46,50,0.07306,0.37,uw,uw10700543,2016-07-22T22:20:45.040Z,"9 km ENE of Duvall, Washington",earthquake,0.417,0.55,0.04,8,reviewed,uw,uw
2006-07-19T08:24:19.600Z,27.32,52.6,14.1,3.6,ml,16,138.7,,,us,usp000ep2t,2014-11-07T01:29:43.159Z,"38 km SW of Mohr, Iran",earthquake,,,,,reviewed,thr,thr
2006-07-19T08:18:59.360Z,-8.501,108.874,10,4.5,mb,13,138.8,,1.32,us,usp000ep2s,2014-11-07T01:29:43.157Z,"104 km SSW of Kroya, Indonesia",earthquake,,,,2,reviewed,us,us
2006-07-19T08:08:51.230Z,32.477,96.201,10,3.9,mb,6,283,,0.38,us,usp000ep2r,2014-11-07T01:29:43.156Z,"175 km NNW of Qamdo, China",earthquake,,,,2,reviewed,us,us
2006-07-19T07:40:04.594Z,61.7829,-141.3408,3,2,ml,,,,0.52,ak,ak00696vw0zv,2019-02-13T05:09:32.405Z,"92 km ENE of McCarthy, Alaska",earthquake,,0.1,,,reviewed,ak,ak
2006-07-19T07:25:06.360Z,-9.543,107.241,10,5.7,mwb,165,41.8,,1.03,us,usp000ep2q,2022-07-14T10:36:21.248Z,"260 km S of Banjar, Indonesia",earthquake,,,,,reviewed,us,us
2006-07-19T07:16:19.390Z,-9.802,107.389,34.3,4.9,mb,28,59.1,,0.52,us,usp000ep2p,2014-11-07T01:29:43.121Z,"282 km SSW of Singaparna, Indonesia",earthquake,,,,8,reviewed,us,us
2006-07-19T07:14:59.183Z,59.877,-153.4432,132.1,2.5,ml,,,,0.55,ak,ak00696vqkla,2019-02-13T05:05:04.349Z,"38 km ENE of Pedro Bay, Alaska",earthquake,,0.9,,,reviewed,ak,ak
2006-07-19T06:43:36.700Z,37.48,20.84,9,3.4,md,10,216.7,,,us,usp000ep2n,2014-11-07T01:29:43.120Z,"26 km S of Lithakiá, Greece",earthquake,,,,,reviewed,ath,ath
2006-07-19T06:22:14.000Z,15.822,-98.308,21.5,4,md,8,234.7,,,us,usp000ep2m,2014-11-07T01:29:43.118Z,"47 km SSW of Corralero, Mexico",earthquake,,,,,reviewed,unm,unm
2006-07-19T06:09:20.300Z,35.88,27.26,23,3.1,md,7,129.4,,,us,usp000ep2k,2014-11-07T01:29:43.117Z,"41 km N of Karpathos, Greece",earthquake,,,,,reviewed,ath,ath
2006-07-19T05:59:24.690Z,-21.604,-177.883,361.6,5.4,mwc,230,41.5,,0.89,us,usp000ep2j,2016-11-10T00:20:43.699Z,"281 km W of Haveluloto, Tonga",earthquake,,,,,reviewed,us,hrv
2006-07-19T05:48:05.710Z,18.83,-64.45,35,3,md,5,312.4,,,us,usp000ep2h,2014-11-07T01:29:43.090Z,"66 km NNE of Cruz Bay, U.S. Virgin Islands",earthquake,,,,,reviewed,rspr,rspr
2006-07-19T05:31:51.140Z,-9.216,107.366,23.1,4.8,mb,52,64,,0.77,us,usp000ep2f,2014-11-07T01:29:43.084Z,"221 km SSW of Singaparna, Indonesia",earthquake,,19.4,,16,reviewed,us,us
2006-07-19T05:29:30.600Z,43.264,18.695,8.9,3.1,md,16,113.6,,,us,usp000ep2e,2014-11-07T01:29:43.081Z,"16 km NE of Gacko, Bosnia and Herzegovina",earthquake,,,,,reviewed,pdg,pdg
2006-07-19T05:24:15.380Z,-9.592,108.879,10,4.3,mb,9,196.8,,0.55,us,usp000ep2d,2014-11-07T01:29:43.080Z,"220 km S of Kroya, Indonesia",earthquake,,,,2,reviewed,us,us
2006-07-19T05:17:23.943Z,63.5541,-150.9705,5,2,ml,,,,0.54,ak,ak00696uk9t6,2019-02-13T05:05:03.942Z,"37 km E of Denali National Park, Alaska",earthquake,,0.1,,,reviewed,ak,ak
2006-07-19T04:57:11.150Z,-9.21,107.752,10,4.2,mb,13,166.8,,0.52,us,usp000ep2c,2014-11-07T01:29:43.078Z,"208 km SSW of Kawalu, Indonesia",earthquake,,,,4,reviewed,us,us
2006-07-19T04:39:58.560Z,-7.884,119.89,226.2,4,mb,15,142.8,,0.85,us,usp000ep2b,2014-11-07T01:29:43.076Z,"67 km N of Labuan Bajo, Indonesia",earthquake,,31.8,,8,reviewed,us,us
2006-07-19T04:19:45.040Z,-9.378,108.832,32.5,4.8,mb,61,55.3,,0.65,us,usp000ep2a,2014-11-07T01:29:43.070Z,"198 km SSW of Kroya, Indonesia",earthquake,,15.3,,22,reviewed,us,us
2006-07-19T04:18:26.410Z,18.89,-64.627,14.7,3,md,4,333.3,,,us,usp000ep29,2014-11-07T01:29:43.069Z,"64 km NNE of Cruz Bay, U.S. Virgin Islands",earthquake,,,,,reviewed,rspr,rspr
2006-07-19T04:15:31.940Z,54.18,159.331,140.6,4.2,mb,30,129.2,,1.01,us,usp000ep28,2014-11-07T01:29:43.066Z,"73 km SE of Mil’kovo, Russia",earthquake,,9.6,,14,reviewed,us,us
2006-07-19T03:53:40.660Z,-9.324,107.204,10,4.9,mb,67,48.8,,0.85,us,usp000ep27,2014-11-07T01:29:43.059Z,"236 km S of Banjar, Indonesia",earthquake,,,,26,reviewed,us,us
2006-07-19T03:53:26.200Z,48.34,6.68,5,2.8,ml,33,53.9,,,us,usp000ep26,2014-11-07T01:29:43.054Z,"0 km NW of Jeanménil, France",earthquake,,,,,reviewed,str,ldg
2006-07-19T03:53:13.810Z,3.322,-74.371,65.7,3.3,mb,7,103.9,,1.1,us,usp000ep25,2014-11-07T01:29:43.053Z,"36 km W of Mesetas, Colombia",earthquake,,14.8,,3,reviewed,us,us
2006-07-19T03:53:02.200Z,16.725,-94.873,103.9,3.9,md,4,132.3,,,us,usp000ep24,2014-11-07T01:29:43.052Z,"1 km WSW of Lázaro Cárdenas, Mexico",earthquake,,,,,reviewed,unm,unm
2006-07-19T03:49:39.320Z,52.249,-169.278,23,3.2,ml,4,323.5,,,us,usp000ep23,2019-02-13T05:05:03.541Z,"81 km SSW of Nikolski, Alaska",earthquake,,,,,reviewed,aeic,aeic
2006-07-19T03:39:19.210Z,-48.027,165.262,10,4.5,mb,26,127.4,,1.02,us,usp000ep22,2014-11-07T01:29:43.048Z,"279 km SW of Riverton, New Zealand",earthquake,,,,2,reviewed,us,us
2006-07-19T03:38:33.740Z,-5.483,154.043,217.8,4.1,mb,13,210.8,,0.55,us,usp000ep21,2014-11-07T01:29:43.046Z,"184 km WNW of Panguna, Papua New Guinea",earthquake,,22.3,,5,reviewed,us,us
2006-07-19T03:12:28.170Z,17.419,-67.806,34.8,3,md,9,321.5,,,us,usp000ep20,2014-11-07T01:29:43.045Z,"90 km SW of Pole Ojea, Puerto Rico",earthquake,,,,,reviewed,rspr,rspr
2006-07-19T03:07:09.150Z,-9.828,107.43,31.5,4.4,mb,18,182,,0.62,us,usp000ep1z,2014-11-07T01:29:43.042Z,"283 km SSW of Kawalu, Indonesia",earthquake,,45.2,,5,reviewed,us,us
2006-07-19T02:48:20.270Z,19.2443333,-155.4755,10.393,2.08,ml,36,110,,0.13,hv,hv5509754,2020-03-31T21:49:28.960Z,"4 km N of P?hala, Hawaii",earthquake,0.46,0.62,0.2,10,reviewed,hv,hv
2006-07-19T02:46:16.910Z,42.107,48.257,57.3,3.5,mb,14,177.7,,0.81,us,usp000ep1y,2014-11-07T01:29:43.041Z,"4 km N of Sabnova, Russia",earthquake,,11.1,,3,reviewed,us,us
2006-07-19T02:45:47.960Z,-9.342,108.306,10,4.5,mb,26,88.1,,0.63,us,usp000ep1x,2014-11-07T01:29:43.038Z,"212 km SSW of Sidareja, Indonesia",earthquake,,,,11,reviewed,us,us
2006-07-19T02:42:53.480Z,39.014,-123.0825,2.289,2.02,md,24,43,0.02162,0.07,nc,nc21527955,2017-01-15T00:45:08.723Z,"5 km NNE of Hopland, California",earthquake,0.19,0.44,0.11,18,reviewed,nc,nc
2006-07-19T02:35:27.380Z,-9.657,107.931,22.3,4.9,mb,58,47.4,,0.98,us,usp000ep1w,2014-11-07T01:29:43.033Z,"253 km S of Kawalu, Indonesia",earthquake,,19.6,,24,reviewed,us,us
2006-07-19T02:35:22.820Z,44.032,19.248,7.6,3.2,md,11,168.5,,,us,usp000ep1v,2014-11-07T01:29:43.031Z,"9 km SSW of Srebrenica, Bosnia and Herzegovina",earthquake,,,,,reviewed,pdg,pdg
2006-07-19T02:34:06.470Z,45.708,15.595,10,3.2,ml,104,92.4,,1.26,us,usp000ep1u,2014-11-07T01:29:43.001Z,"6 km NW of Jastrebarsko, Croatia",earthquake,,,,,reviewed,us,lju
2006-07-19T02:26:35.890Z,-8.957,107.572,10,4.3,mb,7,220.5,,0.78,us,usp000ep1t,2014-11-07T01:29:43.000Z,"187 km SSW of Singaparna, Indonesia",earthquake,,,,3,reviewed,us,us
2006-07-19T02:16:50.870Z,-9.327,108.855,10,4.3,mb,10,204.5,,0.86,us,usp000ep1s,2014-11-07T01:29:42.998Z,"192 km SSW of Kroya, Indonesia",earthquake,,,,4,reviewed,us,us
2006-07-19T02:12:39.100Z,-23.885,-66.639,193.5,4.2,mb,53,45.6,,0.87,us,usp000ep1r,2014-11-07T01:29:42.994Z,"49 km NW of San Antonio de los Cobres, Argentina",earthquake,,4.8,,31,reviewed,us,us
2006-07-19T02:02:11.670Z,-4.928,149.681,66.5,5.1,mwc,35,110.2,,0.88,us,usp000ep1q,2016-11-10T01:25:51.082Z,"85 km NW of Kimbe, Papua New Guinea",earthquake,,17.5,,,reviewed,us,hrv
2006-07-19T01:58:55.180Z,-9.216,108.373,10,5.5,mb,160,48.6,,1.09,us,usp000ep1p,2022-05-02T15:34:15.793Z,"196 km SSW of Sidareja, Indonesia",earthquake,,,,37,reviewed,us,us
2006-07-19T01:51:27.900Z,37.39,20.61,37,3.5,md,4,257.9,,,us,usp000ep1n,2014-11-07T01:29:42.969Z,"41 km SSW of Lithakiá, Greece",earthquake,,,,,reviewed,ath,ath
2006-07-19T01:32:55.360Z,37.405,-2.298,3.2,2.7,mblg,54,90.8,,,us,usp000ep1m,2014-11-07T01:29:42.961Z,"5 km N of Olula del Río, Spain",earthquake,,,,,reviewed,mdd,mdd
2006-07-19T01:29:38.030Z,-4.907,149.653,71.6,5.1,mwc,100,36.3,,0.88,us,usp000ep1k,2022-05-02T18:23:57.102Z,"89 km NW of Kimbe, Papua New Guinea",earthquake,,12.2,,,reviewed,us,hrv
2006-07-19T01:15:29.190Z,-9.681,107.671,10,4.2,mb,20,87.8,,0.79,us,usp000ep1j,2014-11-07T01:29:42.948Z,"261 km SSW of Kawalu, Indonesia",earthquake,,,,7,reviewed,us,us
2006-07-19T01:05:45.920Z,18.251,146.474,84.9,4,mb,27,99,,0.77,us,usp000ep1h,2014-11-07T01:29:42.946Z,"Pagan region, Northern Mariana Islands",earthquake,,13.2,,7,reviewed,us,us
2006-07-19T00:47:56.670Z,45.923,142.979,335.2,3.5,mb,20,132.6,,0.63,us,usp000ep1g,2014-11-07T01:29:42.943Z,"80 km S of Korsakov, Russia",earthquake,,6.4,,6,reviewed,us,us
2006-07-19T00:15:49.300Z,-32.383,-69.839,136.6,3.1,m,13,160.8,,,us,usp000ep1f,2014-11-07T01:29:42.941Z,"87 km NE of Los Andes, Chile",earthquake,,,,,reviewed,guc,guc
2006-07-19T00:15:17.310Z,-9.623,108.426,10,4.1,mb,10,220.8,,0.88,us,usp000ep1e,2014-11-07T01:29:42.939Z,"237 km SSW of Kroya, Indonesia",earthquake,,,,6,reviewed,us,us
2006-07-19T00:13:09.900Z,-9.991,108.471,10,4,mb,16,149.8,,0.55,us,usp000ep1d,2014-11-07T01:29:42.937Z,"274 km SSW of Kroya, Indonesia",earthquake,,,,6,reviewed,us,us
2006-07-19T00:05:23.400Z,-31.181,-68.397,128.4,3.5,m,4,264.2,,,us,usp000ep1c,2014-11-07T01:29:42.935Z,"29 km NNE of San Martín, Argentina",earthquake,,,,,reviewed,guc,guc
2006-07-18T23:38:35.188Z,59.887,-151.9625,56.2,2.6,ml,,,,0.79,ak,ak00695hv93y,2019-02-13T05:04:50.094Z,"14 km NNW of Anchor Point, Alaska",earthquake,,0.3,,,reviewed,ak,ak
2006-07-18T23:31:19.602Z,37.3808,-114.6999,4.5,2.6,ml,5,287.56,0.28,0.1486,nn,nn00185465,2018-04-24T20:33:59.192Z,"30 km SSW of Caliente, Nevada",earthquake,,7.6,,,reviewed,nn,nn
2006-07-18T23:27:06.460Z,26.295,61.118,43.8,5.3,mwc,369,47.4,,0.77,us,usp000ep1a,2022-05-02T18:23:55.737Z,"36 km E of Qa?r-e Qand, Iran",earthquake,,,,,reviewed,us,hrv
2006-07-18T23:12:06.030Z,-9.784,108.342,10,4.7,mb,30,88.6,,0.78,us,usp000ep19,2014-11-07T01:29:42.899Z,"257 km SSW of Kroya, Indonesia",earthquake,,,,10,reviewed,us,us
2006-07-18T23:10:30.566Z,61.5633,-149.7119,33.1,2.1,ml,,,,0.46,ak,ak00695hp8pc,2019-02-13T05:04:49.687Z,"8 km NW of Knik-Fairview, Alaska",earthquake,,0.1,,,reviewed,ak,ak
2006-07-18T23:10:11.555Z,52.0896,177.1308,4.8,2.9,ml,,,,0.98,ak,ak00695hp78j,2019-02-13T05:05:03.149Z,"280 km ESE of Attu Station, Alaska",earthquake,,25.2,,,reviewed,ak,ak
2006-07-18T23:03:37.880Z,18.899,-66.075,11.6,2.8,md,4,278.7,,,us,usp000ep18,2014-11-07T01:29:42.897Z,"48 km N of San Juan, Puerto Rico",earthquake,,,,,reviewed,rspr,rspr
2006-07-18T22:57:38.747Z,59.9125,-152.7913,109.7,2.1,ml,,,,0.43,ak,ak00695hdwdu,2019-02-13T05:04:48.983Z,"55 km WNW of Anchor Point, Alaska",earthquake,,1.5,,,reviewed,ak,ak
2006-07-18T22:52:43.300Z,-34.487,-71.1,88.9,3.2,m,14,183.2,,,us,usp000ep17,2014-11-07T01:29:42.894Z,"5 km SSW of San Vicente de Tagua Tagua, Chile",earthquake,,,,,reviewed,guc,guc
2006-07-18T22:32:29.300Z,-16.54,-71.66,22,4,ml,7,130.9,,,us,usp000ep16,2014-11-07T01:29:42.893Z,"11 km SSW of Cerro Verde, Peru",earthquake,,,,,reviewed,lim,lim
2006-07-18T22:31:24.730Z,-5.526,150.932,48.5,4.2,mb,15,208.7,,0.74,us,usp000ep15,2014-11-07T01:29:42.891Z,"88 km E of Kimbe, Papua New Guinea",earthquake,,21,,4,reviewed,us,us
2006-07-18T22:30:26.050Z,32.1986667,-115.855,5.796,2.08,ml,9,263,0.451,0.34,ci,ci14241192,2016-03-09T02:16:19.995Z,"50km SSW of Progreso, B.C., MX",earthquake,1.98,31.61,0.18,13,reviewed,ci,ci
2006-07-18T22:25:17.690Z,-10.242,107.842,10,4,mb,10,201.4,,0.56,us,usp000ep14,2014-11-07T01:29:42.889Z,"south of Java, Indonesia",earthquake,,,,4,reviewed,us,us
2006-07-18T22:18:46.020Z,-9.779,108.176,10,4.5,mb,28,88.4,,0.83,us,usp000ep13,2014-11-07T01:29:42.886Z,"262 km SSW of Sidareja, Indonesia",earthquake,,,,10,reviewed,us,us
2006-07-18T21:52:50.240Z,-9.409,108.325,10,4.4,mb,16,116.5,,1.03,us,usp000ep12,2014-11-07T01:29:42.884Z,"218 km SSW of Sidareja, Indonesia",earthquake,,,,9,reviewed,us,us
2006-07-18T21:50:19.520Z,36.526,5.712,10,3.8,m,11,285.2,,1.06,us,usp000ep11,2014-11-07T01:29:42.882Z,"15 km ENE of BABOR - VILLE, Algeria",earthquake,,,,,reviewed,us,mdd
2006-07-18T21:28:09.330Z,46.7145,-122.7491667,1.176,2.7,md,5,198,0.0547,0.18,uw,uw10700388,2016-07-22T22:20:43.950Z,"13 km SE of Bucoda, Washington",explosion,2.631,2.33,0.02,2,reviewed,uw,uw
2006-07-18T21:15:30.160Z,35.7541667,-121.2093333,6.192,2.16,md,48,77,0.05405,0.07,nc,nc21527920,2017-01-15T00:43:20.820Z,"12 km N of San Simeon, California",earthquake,0.19,0.4,0.18,45,reviewed,nc,nc
2006-07-18T21:04:18.790Z,-22.652,-178.375,337,4.2,mb,19,210.7,,1.09,us,usp000ep10,2014-11-07T01:29:42.880Z,"south of the Fiji Islands",earthquake,,54.1,,11,reviewed,us,us
2006-07-18T20:56:59.170Z,18.87,-66.059,45.6,2.9,md,8,276.4,,,us,usp000ep0z,2014-11-07T01:29:42.878Z,"44 km N of San Juan, Puerto Rico",earthquake,,,,,reviewed,rspr,rspr
2006-07-18T20:29:17.500Z,14.405,-92.081,131.1,4.4,md,5,269.8,,,us,usp000ep0y,2014-11-07T01:29:42.877Z,"16 km SE of Ocós, Guatemala",earthquake,,,,,reviewed,unm,unm
2006-07-18T20:21:35.990Z,36.9296667,-121.4296667,7.018,2.05,md,67,28,0.05766,0.08,nc,nc21527907,2017-01-15T00:43:04.060Z,"8 km NNW of Hollister, California",earthquake,0.13,0.41,0.11,53,reviewed,nc,nc
2006-07-18T20:20:14.348Z,53.867,-166.0998,76.2,2,ml,,,,0.23,ak,ak00695fz1sq,2019-02-13T05:04:48.589Z,"28 km E of Unalaska, Alaska",earthquake,,2.7,,,reviewed,ak,ak
2006-07-18T20:15:00.170Z,51.158,-178.496,18.7,4,ml,13,140,,,us,usp000ep0x,2019-02-13T05:04:48.147Z,"151 km WSW of Adak, Alaska",earthquake,,,,,reviewed,aeic,aeic
2006-07-18T20:07:40.040Z,42.175,67.269,10,4.1,mb,14,193.2,,1.31,us,usp000ep0w,2014-11-07T01:29:42.873Z,"110 km SW of Qogham, Kazakhstan",earthquake,,,,2,reviewed,us,us
2006-07-18T20:00:36.752Z,51.1275,179.0543,12.5,2.4,ml,,,,0.22,ak,ak00695fut7f,2019-02-13T05:05:01.940Z,"Rat Islands, Aleutian Islands, Alaska",earthquake,,3.2,,,reviewed,ak,ak
2006-07-18T19:59:50.770Z,30.981,51.227,33.1,4.6,mb,134,48,,0.99,us,usp000ep0v,2014-11-07T01:29:42.862Z,"48 km NW of Yasuj, Iran",earthquake,,9.1,,44,reviewed,us,us
2006-07-18T19:48:31.440Z,-3.908,154.373,473.8,5.6,mwc,162,29.7,,0.76,us,usp000ep0u,2022-05-02T15:34:04.366Z,"238 km ENE of Kokopo, Papua New Guinea",earthquake,,,,,reviewed,us,hrv
2006-07-18T19:24:38.530Z,-9.486,108.505,10,4.4,mb,13,156,,1.16,us,usp000ep0t,2014-11-07T01:29:42.844Z,"220 km SSW of Kroya, Indonesia",earthquake,,,,6,reviewed,us,us
2006-07-18T19:13:40.180Z,-9.523,108.693,7.8,5,mb,54,55.3,,0.57,us,usp000ep0s,2014-11-07T01:29:42.838Z,"217 km SSW of Kroya, Indonesia",earthquake,,23.4,,30,reviewed,us,us
2006-07-18T19:11:13.290Z,-9.473,108.622,34.9,5,mwc,81,46.8,,0.88,us,usp000ep0r,2016-11-10T01:25:49.565Z,"214 km SSW of Kroya, Indonesia",earthquake,,18,,,reviewed,us,hrv
2006-07-18T19:09:53.510Z,-9.486,108.198,10,4.3,mb,21,87.6,,0.88,us,usp000ep0q,2014-11-07T01:29:42.827Z,"230 km SSW of Sidareja, Indonesia",earthquake,,,,10,reviewed,us,us
2006-07-18T18:55:28.480Z,39.4528333,-123.1101667,-0.319,2.75,md,45,46,0.145,0.22,nc,nc30230733,2017-01-15T00:42:44.900Z,"14 km N of Potter Valley, California",earthquake,0.28,3.41,0.14,43,reviewed,nc,nc
2006-07-18T18:52:19.700Z,37.2405,-121.628,4.624,3.08,md,92,80,0.04054,0.07,nc,nc21527897,2017-01-15T00:42:35.650Z,"12 km N of Morgan Hill, California",earthquake,0.1,0.25,0.1,98,reviewed,nc,nc
2006-07-18T18:47:13.489Z,51.5336,179.7505,63.6,2.3,ml,,,,0.15,ak,ak00695exyus,2019-02-13T05:04:47.740Z,"252 km W of Adak, Alaska",earthquake,,0.7,,,reviewed,ak,ak
2006-07-18T18:40:42.970Z,-9.825,107.91,10,4.7,mb,28,84.5,,0.8,us,usp000ep0m,2014-11-07T01:29:42.820Z,"272 km S of Kawalu, Indonesia",earthquake,,,,17,reviewed,us,us
2006-07-18T18:38:18.310Z,-9.831,107.767,10,4.9,mb,45,62.3,,0.75,us,usp000ep0k,2014-11-07T01:29:42.816Z,"275 km S of Kawalu, Indonesia",earthquake,,,,22,reviewed,us,us
2006-07-18T18:07:50.824Z,51.5995,-176.4462,45.6,2.1,ml,,,,0.31,ak,ak00695eph3e,2019-02-13T05:04:47.328Z,"33 km SSE of Adak, Alaska",earthquake,,1.3,,,reviewed,ak,ak
2006-07-18T18:03:49.690Z,-9.255,107.236,10,4.4,mb,9,213.9,,0.57,us,usp000ep0j,2014-11-07T01:29:42.814Z,"228 km S of Banjar, Indonesia",earthquake,,,,4,reviewed,us,us
2006-07-18T17:46:51.680Z,19.3808333,-155.2838333,1.297,2.09,ml,29,43,,0.1,hv,hv5509633,2020-03-31T21:49:28.490Z,"8 km SW of Volcano, Hawaii",earthquake,0.2,0.17,0.19,7,reviewed,hv,hv
2006-07-18T17:41:16.240Z,35.3186667,-118.5188333,3.328,2.21,ml,46,47,0.08471,0.24,ci,ci14241128,2016-03-08T16:58:29.912Z,"22km NNW of Tehachapi, CA",earthquake,0.3,0.65,0.142,60,reviewed,ci,ci
2006-07-18T17:27:58.230Z,-9.275,107.735,30.3,5.2,mb,63,48.7,,0.96,us,usp000ep0h,2014-11-07T01:29:42.808Z,"215 km SSW of Kawalu, Indonesia",earthquake,,20.3,,30,reviewed,us,us
2006-07-18T17:27:36.810Z,36.6196667,-121.2241667,4.503,2.15,md,44,26,0.05225,0.04,nc,nc21527875,2017-01-15T00:42:04.840Z,"20 km SSE of Tres Pinos, California",earthquake,0.14,0.46,0.17,42,reviewed,nc,nc
2006-07-18T17:19:55.396Z,51.563,-174.9438,7.3,2.1,ml,,,,0.64,ak,ak00695e6mfn,2019-02-13T05:05:00.365Z,"87 km SW of Atka, Alaska",earthquake,,2.5,,,reviewed,ak,ak
2006-07-18T17:14:43.959Z,53.528,-164.8205,30.8,2.2,ml,,,,0.57,ak,ak00695e5iyz,2019-02-13T05:05:00.073Z,"92 km SE of Akutan, Alaska",earthquake,,1.7,,,reviewed,ak,ak
2006-07-18T16:57:55.530Z,6.801,-73.018,170.7,4.4,mb,17,73.4,,1.15,us,usp000ep0g,2014-11-07T01:29:42.806Z,"7 km NW of Cepitá, Colombia",earthquake,,8.8,,2,reviewed,us,us
2006-07-18T16:55:46.440Z,46.1966667,-122.1878333,-1.194,3.5,md,45,37,,0.34,uw,uw10700288,2016-07-22T22:20:42.510Z,"37 km NNE of Amboy, Washington",earthquake,0.581,0.39,0.05,10,reviewed,uw,uw
2006-07-18T16:44:30.330Z,-9.444,107.657,24.4,4.4,mb,24,87.5,,0.49,us,usp000ep0e,2014-11-07T01:29:42.800Z,"236 km SSW of Kawalu, Indonesia",earthquake,,35.3,,7,reviewed,us,us
2006-07-18T16:41:53.650Z,-22.212,-179.435,600,3.9,mb,22,136.2,,0.92,us,usp000ep0d,2014-11-07T01:29:42.797Z,"south of the Fiji Islands",earthquake,,,,4,reviewed,us,us
2006-07-18T16:34:57.462Z,51.4431,-178.3158,8.5,2,ml,,,,0.7,ak,ak00695doeqa,2019-02-13T05:04:59.376Z,"Andreanof Islands, Aleutian Islands, Alaska",earthquake,,0.3,,,reviewed,ak,ak
2006-07-18T16:24:47.810Z,-9.645,108.362,10,4.3,mb,9,158.4,,0.73,us,usp000ep0c,2014-11-07T01:29:42.796Z,"242 km SSW of Kroya, Indonesia",earthquake,,,,2,reviewed,us,us
2006-07-18T16:15:31.800Z,-9.289,108.763,10,4.2,mb,6,217.1,,0.43,us,usp000ep0b,2014-11-07T01:29:42.794Z,"190 km SSW of Kroya, Indonesia",earthquake,,,,2,reviewed,us,us
2006-07-18T16:02:16.790Z,-20.084,-178.434,587.2,5.7,mwb,303,31.8,,0.86,us,usp000ep0a,2022-05-02T15:24:51.051Z,"Fiji region",earthquake,,5.9,,,reviewed,us,us
2006-07-18T15:59:13.040Z,-9.783,108.148,10,4.7,mb,21,188.4,,0.71,us,usp000ep09,2014-11-07T01:29:42.743Z,"263 km SSW of Sidareja, Indonesia",earthquake,,,,9,reviewed,us,us
2006-07-18T15:48:31.970Z,-9.292,107.143,10,5,mb,54,108.4,,0.76,us,usp000ep08,2014-11-07T01:29:42.738Z,"234 km S of Banjar, Indonesia",earthquake,,,,22,reviewed,us,us
2006-07-18T15:46:23.490Z,43.376,18.997,11,2.6,ml,10,243.8,,,us,usp000ep07,2014-11-07T01:29:42.736Z,"21 km SSW of ?ajni?e, Bosnia and Herzegovina",earthquake,,,,,reviewed,pdg,pdg
2006-07-18T15:09:28.740Z,11.204,-61.775,78,3.3,md,6,206.6,,,us,usp000ep06,2014-11-07T01:29:42.735Z,"61 km NNW of Petit Valley, Trinidad and Tobago",earthquake,,,,,reviewed,trn,trn
2006-07-18T14:55:35.000Z,41.92,23.39,10,2.6,md,6,114.5,,,us,usp000ep05,2014-11-07T01:29:42.733Z,"7 km WNW of Razlog, Bulgaria",earthquake,,,,,reviewed,sof,sof
2006-07-18T14:54:56.590Z,-9.01,107.743,11.9,5,mwc,151,42.6,,0.83,us,usp000ep04,2016-11-10T01:25:48.238Z,"187 km SSW of Kawalu, Indonesia",earthquake,,17.3,,,reviewed,us,hrv
2006-07-18T14:54:34.275Z,54.0079,-161.5944,6.6,2.5,ml,,,,0.61,ak,ak00695cls1v,2019-02-13T05:04:58.671Z,"126 km SSE of King Cove, Alaska",earthquake,,4.7,,,reviewed,ak,ak
2006-07-18T14:54:29.996Z,51.9316,177.1506,8.5,3,ml,,,,1.04,ak,ak00695clrpz,2019-02-13T05:04:58.391Z,"288 km ESE of Attu Station, Alaska",earthquake,,21.9,,,reviewed,ak,ak
2006-07-18T14:22:34.760Z,-6.019,150.751,35,4.3,mb,7,295.6,,0.24,us,usp000ep03,2014-11-07T01:29:42.718Z,"85 km SE of Kimbe, Papua New Guinea",earthquake,,,,1,reviewed,us,us
2006-07-18T14:09:06.222Z,51.9254,-175.5355,180.1,2.5,ml,,,,0.29,ak,ak00695cc2ny,2019-02-13T05:04:58.036Z,"75 km E of Adak, Alaska",earthquake,,2.1,,,reviewed,ak,ak
2006-07-18T13:41:44.100Z,-18.796,-69.092,124.5,4.2,mb,30,99,,1.06,us,usp000ep02,2014-11-07T01:29:42.714Z,"124 km SW of Curahuara de Carangas, Bolivia",earthquake,,,,2,reviewed,us,us
2006-07-18T13:30:42.450Z,-8.949,108.025,32.9,4.8,mb,30,87.4,,0.48,us,usp000ep01,2014-11-07T01:29:42.711Z,"174 km S of Kawalu, Indonesia",earthquake,,24.6,,15,reviewed,us,us
2006-07-18T13:20:14.200Z,16.659,-99.638,15,3.8,md,5,221.6,,,us,usp000ep00,2014-11-07T01:29:42.709Z,"3 km S of San Andrés Playa Encantada (El Podrido), Mexico",earthquake,,,,,reviewed,unm,unm
2006-07-18T13:16:37.000Z,48.06,9.5,11,2.9,ml,32,76.4,,,us,usp000enzz,2014-11-07T01:29:42.705Z,"4 km N of Saulgau, Germany",earthquake,,,,,reviewed,fbb,ldg
2006-07-18T13:05:29.320Z,39.4565,-123.1091667,4.991,2.2,md,20,71,0.1432,0.06,nc,nc21527849,2017-01-15T00:41:05.107Z,"14 km N of Potter Valley, California",earthquake,0.21,1.23,0.19,21,reviewed,nc,nc
2006-07-18T12:52:13.440Z,-9.273,108.316,10,4.8,mb,57,53.2,,0.6,us,usp000enzy,2014-11-07T01:29:42.698Z,"204 km SSW of Sidareja, Indonesia",earthquake,,,,30,reviewed,us,us
2006-07-18T12:01:51.500Z,-32.656,-71.07,5.4,3.2,md,4,275.2,,,us,usp000enzw,2014-11-07T01:29:42.692Z,"19 km NE of Hacienda La Calera, Chile",earthquake,,,,,reviewed,guc,guc
2006-07-18T11:54:12.220Z,-9.441,108.089,35,5,mb,35,114.3,,1.33,us,usp000enzv,2014-11-07T01:29:42.689Z,"228 km S of Kawalu, Indonesia",earthquake,,0,,12,reviewed,us,us
2006-07-18T11:51:22.830Z,-5.189,151.831,101.5,4.4,mb,7,294.4,,0.39,us,usp000enzt,2014-11-07T01:29:42.686Z,"105 km SSW of Kokopo, Papua New Guinea",earthquake,,27.4,,1,reviewed,us,us
2006-07-18T11:04:10.000Z,-13.906,133.102,0,2.5,ml,5,198.7,,,us,usp000enzs,2014-11-07T01:29:42.685Z,"107 km NE of Katherine East, Australia",earthquake,,,,,reviewed,aust,aust
2006-07-18T10:58:14.730Z,53.939,-163.065,9.2,2.5,ml,4,232.4,,,us,usp000enzr,2019-02-13T05:04:57.021Z,"104 km SSE of False Pass, Alaska",earthquake,,,,,reviewed,aeic,aeic
2006-07-18T10:55:10.491Z,56.0081,-156.4486,47.5,3.3,ml,,,,1,ak,ak00695a87ih,2019-02-13T05:04:46.486Z,"125 km ESE of Chignik, Alaska",earthquake,,1.1,,,reviewed,ak,ak
2006-07-18T10:43:08.500Z,16.94,-101.614,18.4,4,md,6,276.2,,,us,usp000enzp,2014-11-07T01:29:42.681Z,"74 km SW of Papanoa, Mexico",earthquake,,,,,reviewed,unm,unm
2006-07-18T10:42:29.530Z,32.783,77.38,31.1,4.2,mb,19,145.2,,0.88,us,usp000enzn,2014-11-07T01:29:42.679Z,"40 km NE of Kyelang, India",earthquake,,45.4,,3,reviewed,us,us
2006-07-18T10:33:24.940Z,-9.713,107.682,26.3,4.9,mb,18,206.4,,0.39,us,usp000enzm,2014-11-07T01:29:42.677Z,"264 km SSW of Kawalu, Indonesia",earthquake,,33.5,,7,reviewed,us,us
2006-07-18T10:31:44.942Z,59.9422,-152.7255,91.4,2.6,ml,,,,0.72,ak,ak00695a34zi,2019-02-13T05:04:45.988Z,"53 km WNW of Anchor Point, Alaska",earthquake,,0.3,,,reviewed,ak,ak
2006-07-18T09:56:38.090Z,53.645,-164.692,20.5,2.5,ml,5,203.1,,,us,usp000enzj,2019-02-13T05:04:45.621Z,"89 km SE of Akutan, Alaska",earthquake,,,,,reviewed,aeic,aeic
2006-07-18T09:52:21.000Z,16.875,-99.395,10,4.1,md,10,182.9,,,us,usp000enzh,2014-11-07T01:29:42.671Z,"7 km SSW of Ocotlán, Mexico",earthquake,,,,,reviewed,unm,unm
2006-07-18T09:43:16.550Z,17.846,-66.063,13.4,2.9,md,14,212.1,,,us,usp000enzg,2014-11-07T01:29:42.669Z,"13 km S of Arroyo, Puerto Rico",earthquake,,,,,reviewed,rspr,rspr
2006-07-18T09:41:55.720Z,19.181,-66.806,25.2,3.1,md,12,290,,,us,usp000enzf,2014-11-07T01:29:42.656Z,"76 km N of Hatillo, Puerto Rico",earthquake,,,,,reviewed,rspr,rspr
2006-07-18T09:30:53.500Z,40.08,19.87,8,3.5,md,4,290.4,,,us,usp000enze,2014-11-07T01:29:42.641Z,"10 km ESE of Himarë, Albania",earthquake,,,,,reviewed,ath,ath
2006-07-18T08:56:38.330Z,-9.431,107.367,10,4.6,mb,13,193,,0.68,us,usp000enzd,2014-11-07T01:29:42.640Z,"244 km SSW of Singaparna, Indonesia",earthquake,,,,9,reviewed,us,us
2006-07-18T08:49:05.240Z,-7.464,115.438,317.2,4.4,mb,9,196.9,,0.13,us,usp000enzc,2014-11-07T01:29:42.639Z,"Bali Sea",earthquake,,54.5,,2,reviewed,us,us
2006-07-18T08:23:21.610Z,50.959,-179.238,13,3.5,ml,4,226.6,,,us,usp000enzb,2019-02-13T05:04:45.229Z,"207 km WSW of Adak, Alaska",earthquake,,,,,reviewed,aeic,aeic
2006-07-18T08:10:47.230Z,-9.384,107.657,10,4.3,mb,13,165.1,,1.39,us,usp000enza,2014-11-07T01:29:42.636Z,"229 km SSW of Kawalu, Indonesia",earthquake,,,,6,reviewed,us,us
2006-07-18T08:03:16.630Z,51.236,-130.405,10,3,ml,14,206,,,us,usp000enz9,2014-11-07T01:29:42.624Z,"244 km WNW of Port McNeill, Canada",earthquake,,,,,reviewed,pgc,pgc
2006-07-18T08:00:57.210Z,1.622,127.368,198.4,4.5,mb,13,193.5,,0.81,us,usp000enz8,2014-11-07T01:29:42.623Z,"72 km W of Tobelo, Indonesia",earthquake,,33.8,,6,reviewed,us,us
2006-07-18T07:47:44.421Z,51.119,-179.2664,15.4,2,ml,,,,0.58,ak,ak006958e9l6,2019-02-13T05:04:54.880Z,"201 km WSW of Adak, Alaska",earthquake,,1.6,,,reviewed,ak,ak
2006-07-18T07:47:26.320Z,-57.248,-25.77,79.2,4.7,mb,55,82.6,,0.83,us,usp000enz7,2014-11-07T01:29:42.618Z,"South Sandwich Islands region",earthquake,,10.5,,14,reviewed,us,us
2006-07-18T07:41:28.400Z,41,22.76,8,3.6,md,11,144.1,,,us,usp000enz6,2014-11-07T01:29:42.616Z,"10 km W of Kilkís, Greece",earthquake,,,,,reviewed,ath,ath
2006-07-18T07:24:58.370Z,-6.706,71.739,10,4.6,mb,43,59.2,,0.85,us,usp000enz5,2014-11-07T01:29:42.612Z,"Chagos Archipelago region",earthquake,,,,10,reviewed,us,us
2006-07-18T07:18:01.590Z,-14.942,-173.665,37.2,4.4,mb,25,129.9,,1.18,us,usp000enz4,2014-11-07T01:29:42.609Z,"112 km N of Hihifo, Tonga",earthquake,,67.2,,11,reviewed,us,us
2006-07-18T06:56:29.120Z,-30.888,-177.775,7.2,4.7,mb,12,212.8,,1.46,us,usp000enz3,2014-11-07T01:29:42.607Z,"Kermadec Islands, New Zealand",earthquake,,39.3,,3,reviewed,us,us
2006-07-18T06:51:47.800Z,-9.694,107.965,33.4,4.9,mwc,91,57.8,,0.87,us,usp000enz2,2016-11-10T01:25:47.671Z,"257 km S of Kawalu, Indonesia",earthquake,,17,,,reviewed,us,hrv
2006-07-18T06:50:43.160Z,-9.096,107.726,28.2,4.9,mb,39,87.2,,0.59,us,usp000enz1,2014-11-07T01:29:42.595Z,"south of Java, Indonesia",earthquake,,22.7,,18,reviewed,us,us
2006-07-18T06:42:23.170Z,-5.725,150.562,85.2,4.4,mb,9,227.4,,1.21,us,usp000enz0,2014-11-07T01:29:42.594Z,"50 km ESE of Kimbe, Papua New Guinea",earthquake,,28.9,,2,reviewed,us,us
2006-07-18T06:34:03.481Z,57.9036,-145.2674,10,2.2,ml,,,,0.45,ak,ak006957pyik,2019-02-13T05:04:53.705Z,"287 km SSE of Chenega, Alaska",earthquake,,0,,,reviewed,ak,ak
2006-07-18T06:26:26.900Z,39.867,40.814,18.7,3.1,md,7,110.5,,,us,usp000enyz,2014-11-07T01:29:42.593Z,"11 km ESE of A?kale, Turkey",earthquake,,,,,reviewed,isk,isk
2006-07-18T06:16:15.148Z,59.4848,-153.2118,95.4,2.1,ml,,,,0.6,ak,ak006957m4iy,2019-02-13T05:04:44.852Z,"60 km SE of Pedro Bay, Alaska",earthquake,,0.9,,,reviewed,ak,ak
2006-07-18T06:10:26.480Z,-9.498,108.308,10,4.8,mb,29,114.2,,0.76,us,usp000enyy,2014-11-07T01:29:42.590Z,"228 km SSW of Sidareja, Indonesia",earthquake,,,,13,reviewed,us,us
2006-07-18T06:07:33.200Z,15.922,-94.134,213.2,4.3,md,4,234.6,,,us,usp000enyx,2014-11-07T01:29:42.589Z,"near the coast of Oaxaca, Mexico",earthquake,,,,,reviewed,unm,unm
2006-07-18T06:06:31.530Z,25.567,-45.267,10,4.6,mb,21,114.1,,0.64,us,usp000enyw,2014-11-07T01:29:42.586Z,"northern Mid-Atlantic Ridge",earthquake,,,,10,reviewed,us,us
2006-07-18T06:06:22.690Z,-17.652,-173.461,35,4.6,mb,18,134.3,,1.37,us,usp000enyv,2014-11-07T01:29:42.584Z,"123 km NNE of Neiafu, Tonga",earthquake,,,,5,reviewed,us,us
2006-07-18T05:59:23.770Z,-9.292,108.897,10,4.6,mb,18,88.6,,0.61,us,usp000enyu,2014-11-07T01:29:42.582Z,"187 km SSW of Kroya, Indonesia",earthquake,,,,1,reviewed,us,us
2006-07-18T05:57:32.700Z,-9.741,108.643,10,4.5,mb,11,109.8,,1.13,us,usp000enyt,2014-11-07T01:29:42.581Z,"242 km SSW of Kroya, Indonesia",earthquake,,,,2,reviewed,us,us
2006-07-18T05:53:37.640Z,-10.126,107.252,10,4.7,mb,16,107.8,,0.87,us,usp000enys,2014-11-07T01:29:42.579Z,"south of Java, Indonesia",earthquake,,,,3,reviewed,us,us
2006-07-18T05:50:17.160Z,-9.979,107.757,10,4.4,mb,15,114.7,,0.93,us,usp000enyr,2014-11-07T01:29:42.577Z,"291 km S of Kawalu, Indonesia",earthquake,,,,3,reviewed,us,us
2006-07-18T05:48:29.896Z,59.603,-153.095,104.9,2.9,ml,,,,0.62,ak,ak0069577kz1,2019-02-13T05:04:44.401Z,"60 km ESE of Pedro Bay, Alaska",earthquake,,0.2,,,reviewed,ak,ak
2006-07-18T05:46:33.950Z,-10.099,107.617,10,4.6,mb,25,66.3,,1.2,us,usp000enyp,2014-11-07T01:29:42.572Z,"south of Java, Indonesia",earthquake,,,,6,reviewed,us,us
2006-07-18T05:41:34.700Z,32.0395,-115.5878333,5.787,2.88,ml,12,267,,0.32,ci,ci14240844,2016-03-09T02:16:17.392Z,"45km WSW of Alberto Oviedo Mota, B.C., MX",earthquake,1.58,31.61,0.151,78,reviewed,ci,ci
2006-07-18T05:37:13.609Z,51.2677,-179.3172,23.2,2.6,ml,,,,0.61,ak,ak00695756u8,2019-02-13T05:04:44.020Z,"197 km WSW of Adak, Alaska",earthquake,,0.4,,,reviewed,ak,ak
2006-07-18T05:23:31.940Z,-9.941,108.222,10,4,mb,11,114.2,,1.15,us,usp000enym,2014-11-07T01:29:42.569Z,"278 km SSW of Sidareja, Indonesia",earthquake,,,,1,reviewed,us,us
2006-07-18T05:11:09.500Z,16.956,-101.673,34.6,3.8,md,6,277,,,us,usp000enyk,2014-11-07T01:29:42.567Z,"75 km SSW of Palos Blancos, Mexico",earthquake,,,,,reviewed,unm,unm
2006-07-18T05:06:30.460Z,-9.821,108.538,10,5.1,mb,39,124.3,,0.77,us,usp000enyj,2014-11-07T01:29:42.563Z,"254 km SSW of Kroya, Indonesia",earthquake,,,,17,reviewed,us,us
2006-07-18T04:53:45.660Z,-9.449,108.677,10,4.7,mb,8,124.8,,0.47,us,usp000enyh,2014-11-07T01:29:42.561Z,"210 km SSW of Kroya, Indonesia",earthquake,,,,1,reviewed,us,us
2006-07-18T04:44:15.120Z,-9.931,108.083,10,4.7,mb,14,181.6,,0.42,us,usp000enyg,2014-11-07T01:29:42.559Z,"281 km SSW of Sidareja, Indonesia",earthquake,,,,2,reviewed,us,us
2006-07-18T04:33:14.280Z,-9.634,107.739,10,4.5,mb,9,206.8,,1.28,us,usp000enyf,2014-11-07T01:29:42.558Z,"254 km SSW of Kawalu, Indonesia",earthquake,,,,1,reviewed,us,us
2006-07-18T04:31:17.016Z,53.2487,-167.6152,56.3,2.1,ml,,,,0.41,ak,ak006956ih79,2019-02-13T05:04:52.353Z,"90 km ENE of Nikolski, Alaska",earthquake,,1.6,,,reviewed,ak,ak
2006-07-18T04:18:23.280Z,-9.355,108.779,13.5,5.6,mwb,200,41,,1.1,us,usp000enyd,2022-07-14T10:38:11.167Z,"197 km SSW of Kroya, Indonesia",earthquake,,14.8,,,reviewed,us,us
2006-07-18T04:05:48.990Z,-9.198,108.075,10,5.1,ms,39,81.2,,0.71,us,usp000enyc,2014-11-07T01:29:42.533Z,"201 km S of Kawalu, Indonesia",earthquake,,,,14,reviewed,us,us
2006-07-18T04:02:38.170Z,19.09,-64.59,52.2,3.3,md,6,305.6,,,us,usp000enyb,2014-11-07T01:29:42.532Z,"86 km NNE of Cruz Bay, U.S. Virgin Islands",earthquake,,,,,reviewed,rspr,rspr
2006-07-18T03:56:43.220Z,25.533,-45.302,10,4.6,mb,19,90.6,,0.82,us,usp000enya,2014-11-07T01:29:42.529Z,"northern Mid-Atlantic Ridge",earthquake,,0,,3,reviewed,us,us
2006-07-18T03:54:32.490Z,-19.817,-70.632,35,4.9,mwc,48,96.3,,0.98,us,usp000eny9,2016-11-10T01:25:46.691Z,"66 km NW of Iquique, Chile",earthquake,,,,,reviewed,us,hrv
2006-07-18T03:44:46.730Z,38.2,69.252,35,4.4,mb,17,208.5,,1.32,us,usp000eny8,2014-11-07T01:29:42.521Z,"13 km NNW of Danghara, Tajikistan",earthquake,,,,4,reviewed,us,us
2006-07-18T03:34:37.840Z,-9.293,108.53,10,5.3,mb,58,63.3,,0.99,us,usp000eny7,2014-11-07T01:29:42.505Z,"199 km SSW of Kroya, Indonesia",earthquake,,,,15,reviewed,us,us
2006-07-18T03:27:52.570Z,-0.177,124.944,37,5.5,mwb,266,41.3,,0.84,us,usp000eny6,2022-05-02T15:33:46.851Z,"163 km S of Tondano, Indonesia",earthquake,,,,,reviewed,us,us
2006-07-18T03:19:21.440Z,-9.512,108.713,10,4.3,mb,10,117.5,,0.38,us,usp000eny5,2014-11-07T01:29:42.477Z,"south of Java, Indonesia",earthquake,,,,2,reviewed,us,us
2006-07-18T03:15:18.010Z,-9.679,107.915,10,4.5,mb,16,181.5,,0.44,us,usp000eny4,2014-11-07T01:29:42.475Z,"south of Java, Indonesia",earthquake,,,,4,reviewed,us,us
2006-07-18T03:10:00.030Z,-31.746,-176.628,10,4.2,mb,8,236.4,,1.05,us,usp000eny3,2014-11-07T01:29:42.473Z,"Kermadec Islands region",earthquake,,0,,1,reviewed,us,us
2006-07-18T03:06:39.140Z,2.081,-84.792,35,4.3,mb,10,105,,1,us,usp000eny2,2014-11-07T01:29:42.471Z,"off the coast of Central America",earthquake,,,,4,reviewed,us,us
2006-07-18T03:01:48.170Z,-9.258,108.893,32.7,4.9,mwc,96,53.4,,0.89,us,usp000eny1,2016-11-10T01:25:45.672Z,"183 km SSW of Kroya, Indonesia",earthquake,,4.9,,,reviewed,us,hrv
2006-07-18T02:59:12.330Z,-9.33,108.74,10,5,mb,58,68.3,,0.97,us,usp000eny0,2014-11-07T01:29:42.454Z,"195 km SSW of Kroya, Indonesia",earthquake,,,,22,reviewed,us,us
2006-07-18T02:44:45.010Z,38.256,69.171,35,4.3,mb,16,194.2,,1.15,us,usp000enxy,2014-11-07T01:29:42.451Z,"13 km ESE of Yovon, Tajikistan",earthquake,,0,,3,reviewed,us,us
2006-07-18T02:40:58.712Z,59.9035,-149.7813,20,2,ml,,,,0.45,ak,ak006955dmnj,2019-02-13T05:04:43.311Z,"26 km SW of Lowell Point, Alaska",earthquake,,0.6,,,reviewed,ak,ak
2006-07-18T02:32:24.930Z,1.35,124.784,220,4.4,mb,32,127.4,,0.96,us,usp000enxx,2014-11-07T01:29:42.448Z,"4 km NNW of Tomohon, Indonesia",earthquake,,14.8,,11,reviewed,us,us
2006-07-18T02:18:25.425Z,52.0106,177.1113,25.9,2.4,ml,,,,0.65,ak,ak0069558uby,2019-02-13T05:04:51.242Z,"282 km ESE of Attu Station, Alaska",earthquake,,39.2,,,reviewed,ak,ak
2006-07-18T02:11:34.020Z,-9.025,107.867,10,5,mb,47,69.3,,0.9,us,usp000enxw,2014-11-07T01:29:42.443Z,"185 km SSW of Kawalu, Indonesia",earthquake,,,,19,reviewed,us,us
2006-07-18T02:04:45.960Z,-9.703,107.794,10,5,mb,51,52.1,,0.82,us,usp000enxv,2014-11-07T01:29:42.438Z,"260 km S of Kawalu, Indonesia",earthquake,,,,20,reviewed,us,us
2006-07-18T02:00:26.220Z,-9.714,107.939,10,4.5,mb,5,213.8,,0.27,us,usp000enxu,2014-11-07T01:29:42.437Z,"259 km S of Kawalu, Indonesia",earthquake,,,,2,reviewed,us,us
2006-07-18T01:53:55.300Z,-2.027,102.032,174.1,4.6,mb,72,55.4,,0.83,us,usp000enxt,2014-11-07T01:29:42.431Z,"71 km E of Sungai Penuh, Indonesia",earthquake,,7.2,,25,reviewed,us,us
2006-07-18T01:47:31.470Z,-9.717,107.813,10,4.4,mb,22,138.9,,0.82,us,usp000enxs,2014-11-07T01:29:42.429Z,"261 km S of Kawalu, Indonesia",earthquake,,,,7,reviewed,us,us
2006-07-18T01:43:26.040Z,-27.658,-67.649,138.7,3.3,mb,9,143.2,,0.49,us,usp000enxr,2014-11-07T01:29:42.427Z,"3 km WNW of Fiambalá, Argentina",earthquake,,31.8,,1,reviewed,us,us
2006-07-18T01:38:26.150Z,-9.561,107.619,31.3,5,mwc,53,78.3,,0.83,us,usp000enxq,2016-11-10T01:25:45.102Z,"249 km SSW of Kawalu, Indonesia",earthquake,,19.7,,,reviewed,us,hrv
2006-07-18T01:32:48.280Z,-9.183,108.262,34.9,5,mb,73,53.5,,0.8,us,usp000enxp,2014-11-07T01:29:42.414Z,"196 km SSW of Sidareja, Indonesia",earthquake,,15.6,,29,reviewed,us,us
2006-07-18T01:20:28.100Z,-38.57,175.96,145,3.8,m,21,192.5,,,us,usp000enxn,2014-11-07T01:29:42.412Z,"North Island of New Zealand",earthquake,,,,,reviewed,wel,wel
2006-07-18T01:08:24.270Z,-9.713,108.291,10,4.8,mb,40,67.3,,1.01,us,usp000enxm,2014-11-07T01:29:42.407Z,"south of Java, Indonesia",earthquake,,,,12,reviewed,us,us
2006-07-18T00:52:54.320Z,-9.701,108.371,36.1,4.3,mb,20,174.1,,0.91,us,usp000enxk,2014-11-07T01:29:42.404Z,"248 km SSW of Kroya, Indonesia",earthquake,,18.7,,5,reviewed,us,us
2006-07-18T00:46:58.980Z,46.1951667,-122.1931667,-1.834,2.4,md,9,109,,0.54,uw,uw10699978,2016-07-22T22:20:40.820Z,"37 km NNE of Amboy, Washington",earthquake,0.163,6.24,0.06,1,reviewed,uw,uw
2006-07-18T00:44:57.350Z,-8.974,108.383,24.6,4.7,mb,55,67.2,,1.33,us,usp000enxj,2014-11-07T01:29:42.398Z,"170 km SSW of Sidareja, Indonesia",earthquake,,20.9,,19,reviewed,us,us
2006-07-18T00:31:20.980Z,-19.733,-70.587,7.1,5,mwc,98,96.4,,0.85,us,usp000enxh,2022-05-02T18:23:49.783Z,"70 km NW of Iquique, Chile",earthquake,,12,,,reviewed,us,hrv
2006-07-18T00:27:22.920Z,-9.464,108.169,20.8,4.6,mb,49,47.2,,0.99,us,usp000enxg,2014-11-07T01:29:42.385Z,"229 km SSW of Sidareja, Indonesia",earthquake,,25.9,,26,reviewed,us,us
2006-07-18T00:15:48.640Z,-9.301,108.753,20,5.7,mwb,261,35.3,,0.91,us,usp000enxf,2022-05-02T15:33:41.738Z,"192 km SSW of Kroya, Indonesia",earthquake,,,,,reviewed,us,us
2006-07-18T00:04:58.540Z,-18.339,174.855,35,4.3,mb,10,299.4,,0.33,us,usp000enxe,2014-11-07T01:29:42.337Z,"277 km WSW of Nadi, Fiji",earthquake,,,,1,reviewed,us,us
2006-07-17T23:52:07.960Z,-9.483,108.926,11,4.2,mb,15,141.9,,0.69,us,usp000enxd,2014-11-07T01:29:42.335Z,"south of Java, Indonesia",earthquake,,63.5,,4,reviewed,us,us
2006-07-17T23:38:48.310Z,-9.314,108.433,33.5,4.5,mb,49,64.8,,0.78,us,usp000enxc,2014-11-07T01:29:42.330Z,"206 km S of Sidareja, Indonesia",earthquake,,18.1,,16,reviewed,us,us
2006-07-17T23:37:22.250Z,-9.351,108.368,21.3,4.3,mb,18,96.1,,0.7,us,usp000enxb,2014-11-07T01:29:42.328Z,"211 km SSW of Sidareja, Indonesia",earthquake,,27.1,,6,reviewed,us,us
2006-07-17T23:36:38.970Z,51.544,16.143,5,3.5,ml,63,98.8,,0.84,us,usp000enxa,2014-11-07T01:29:42.320Z,"6 km SSW of Gr?bocice, Poland",earthquake,,,,,reviewed,us,grf
2006-07-17T23:36:35.510Z,-9.107,107.809,10,5.2,mb,34,64.4,,0.73,us,usp000enx9,2014-11-07T01:29:42.317Z,"195 km SSW of Kawalu, Indonesia",earthquake,,,,8,reviewed,us,us
2006-07-17T23:35:59.130Z,-9.007,107.804,22.7,4.3,mb,19,114.4,,0.84,us,usp000enx8,2014-11-07T01:29:42.315Z,"185 km SSW of Kawalu, Indonesia",earthquake,,34.6,,2,reviewed,us,us
2006-07-17T23:32:00.390Z,-9.012,107.729,10,4.4,mb,17,172.2,,0.38,us,usp000enx7,2014-11-07T01:29:42.313Z,"187 km SSW of Kawalu, Indonesia",earthquake,,,,6,reviewed,us,us
2006-07-17T23:29:09.860Z,-23.931,-66.984,224.4,3.3,mb,8,141.9,,0.66,us,usp000enx6,2014-11-07T01:29:42.311Z,"Jujuy, Argentina",earthquake,,11.3,,1,reviewed,us,us
2006-07-17T23:24:39.763Z,53.933,-164.5709,62,2.1,ml,,,,0.36,ak,ak00693u8wy0,2019-02-13T05:04:42.574Z,"82 km ESE of Akutan, Alaska",earthquake,,4.2,,,reviewed,ak,ak
2006-07-17T23:24:27.080Z,-9.342,108.696,10,5,mb,75,52.7,,0.91,us,usp000enx5,2014-11-07T01:29:42.304Z,"south of Java, Indonesia",earthquake,,,,25,reviewed,us,us
2006-07-17T23:01:17.310Z,-8.548,106.454,10,4.5,mb,17,181.6,,1.07,us,usp000enx4,2014-11-07T01:29:42.302Z,"south of Java, Indonesia",earthquake,,,,7,reviewed,us,us
2006-07-17T23:00:56.650Z,-6.55,107.328,10,4.3,mb,11,209.5,,0.77,us,usp000enx3,2014-11-07T01:29:42.300Z,"12 km W of Purwakarta, Indonesia",earthquake,,,,4,reviewed,us,us
2006-07-17T23:00:44.440Z,-7.431,106.36,28.3,4.2,mb,15,170.6,,0.89,us,usp000enx2,2014-11-07T01:29:42.298Z,"53 km SSW of Pelabuhanratu, Indonesia",earthquake,,37.4,,5,reviewed,us,us
2006-07-17T22:59:23.300Z,15.371,-98.962,20,4.1,md,11,231.7,,,us,usp000enx1,2014-11-07T01:29:42.296Z,"120 km SSW of Santiago Tepextla, Mexico",earthquake,,,,,reviewed,unm,unm
2006-07-17T22:53:25.810Z,-9.682,107.833,10,4.1,mb,13,197.7,,1.12,us,usp000enx0,2014-11-07T01:29:42.294Z,"258 km S of Kawalu, Indonesia",earthquake,,,,5,reviewed,us,us
2006-07-17T22:41:48.468Z,51.8018,178.414,92.7,2.8,ml,,,,0.2,ak,ak00693tr56m,2019-02-13T05:04:29.953Z,"Rat Islands, Aleutian Islands, Alaska",earthquake,,2.1,,,reviewed,ak,ak
2006-07-17T22:31:49.110Z,-17.669,-173.257,35,5.3,mwc,206,75.4,,0.95,us,usp000enwz,2016-11-10T01:25:43.490Z,"133 km NE of Neiafu, Tonga",earthquake,,,,,reviewed,us,hrv
2006-07-17T22:19:56.490Z,-5.703,150.016,61.2,4,mb,15,212.8,,0.59,us,usp000enwy,2014-11-07T01:29:42.269Z,"21 km SW of Kimbe, Papua New Guinea",earthquake,,19,,3,reviewed,us,us
2006-07-17T22:01:00.600Z,26.72,55.82,10,4.4,mb,108,119.1,,,us,usp000enwx,2014-11-07T01:29:42.245Z,"51 km WSW of Qeshm, Iran",earthquake,,,,43,reviewed,thr,us
2006-07-17T21:52:33.700Z,-28.576,-72.373,30,3.8,ml,4,247.1,,,us,usp000enww,2014-11-07T01:29:42.243Z,"157 km W of Vallenar, Chile",earthquake,,,,,reviewed,guc,guc
2006-07-17T21:49:04.430Z,-9.635,107.82,10,5,mb,45,108,,1.06,us,usp000enwv,2014-11-07T01:29:42.240Z,"252 km S of Kawalu, Indonesia",earthquake,,,,18,reviewed,us,us
2006-07-17T21:47:43.520Z,-9.775,108.384,10,4.3,mb,11,188.9,,0.68,us,usp000enwu,2014-11-07T01:29:42.238Z,"255 km SSW of Kroya, Indonesia",earthquake,,,,4,reviewed,us,us
2006-07-17T21:37:14.680Z,-9.243,108.204,10,4.8,mb,20,108.6,,0.96,us,usp000enwt,2014-11-07T01:29:42.236Z,"204 km SSW of Sidareja, Indonesia",earthquake,,,,8,reviewed,us,us
2006-07-17T21:34:34.030Z,-8.35,108.293,10,4.3,mb,6,211,,1.01,us,usp000enws,2014-11-07T01:29:42.235Z,"107 km S of Kawalu, Indonesia",earthquake,,,,2,reviewed,us,us
2006-07-17T21:24:55.550Z,-9.635,107.667,10,4.5,mb,19,114.5,,0.99,us,usp000enwr,2014-11-07T01:29:42.233Z,"256 km SSW of Kawalu, Indonesia",earthquake,,,,6,reviewed,us,us
2006-07-17T21:19:38.780Z,46.7171667,-122.7438333,-0.605,2.2,md,4,199,0.05486,0.18,uw,uw10699963,2016-07-22T22:20:40.110Z,"13 km SE of Bucoda, Washington",explosion,1.047,1.55,0.03,2,reviewed,uw,uw
2006-07-17T21:13:23.400Z,-31.736,-69.606,142.1,3,m,9,221.4,,,us,usp000enwq,2014-11-07T01:29:42.231Z,"47 km SSW of Calingasta, Argentina",earthquake,,,,,reviewed,guc,guc
2006-07-17T21:12:46.847Z,51.9909,177.1211,23.5,2.8,ml,,,,0.52,ak,ak00693szhos,2019-02-13T05:04:42.211Z,"284 km ESE of Attu Station, Alaska",earthquake,,6,,,reviewed,ak,ak
2006-07-17T21:04:19.710Z,-8.335,-108.95,10,5.2,mwc,8,210.3,,0.98,us,usp000enwp,2016-11-10T01:25:43.006Z,"central East Pacific Rise",earthquake,,,,,reviewed,us,hrv
2006-07-17T21:03:12.390Z,-9.094,107.903,10,4.9,mb,27,130.7,,0.64,us,usp000enwn,2014-11-07T01:29:42.226Z,"192 km S of Kawalu, Indonesia",earthquake,,,,12,reviewed,us,us
2006-07-17T21:01:15.460Z,-9.263,107.809,10,4.5,mb,14,116,,1.01,us,usp000enwm,2014-11-07T01:29:42.224Z,"212 km SSW of Kawalu, Indonesia",earthquake,,,,4,reviewed,us,us
2006-07-17T20:58:15.837Z,52.0689,177.1181,9.9,2.3,ml,,,,0.89,ak,ak00693snumn,2019-02-13T05:04:41.839Z,"Rat Islands, Aleutian Islands, Alaska",earthquake,,0.8,,,reviewed,ak,ak
2006-07-17T20:42:19.570Z,-18.029,-175.118,267.7,4.5,mb,49,141.1,,0.8,us,usp000enwk,2014-11-07T01:29:42.219Z,"138 km WNW of Neiafu, Tonga",earthquake,,14.7,,16,reviewed,us,us
2006-07-17T20:41:51.700Z,32.978,96.208,10,5.2,mwc,156,59.4,,1.02,us,usp000enwj,2022-05-02T15:33:40.618Z,"224 km NNW of Qamdo, China",earthquake,,,,,reviewed,us,hrv
2006-07-17T20:41:13.920Z,0.333,96.923,35.8,5.3,mb,28,144.1,,0.91,us,usp000enwh,2014-11-07T01:29:42.203Z,"236 km SSW of Singkil, Indonesia",earthquake,,,,3,reviewed,us,us
2006-07-17T20:40:36.260Z,-7.169,125.019,511.3,4.6,mb,14,142.5,,0.71,us,usp000enwg,2014-11-07T01:29:42.201Z,"160 km NNW of Likisá, Timor Leste",earthquake,,20.2,,6,reviewed,us,us
2006-07-17T20:33:04.840Z,19.022,-64.219,47.3,3.3,md,7,316.6,,,us,usp000enwf,2014-11-07T01:29:42.200Z,"97 km NE of Cruz Bay, U.S. Virgin Islands",earthquake,,,,,reviewed,rspr,rspr
2006-07-17T20:21:07.100Z,-38.29,176.14,162,3.9,m,20,216.2,,,us,usp000enwe,2014-11-07T01:29:42.197Z,"19 km SSW of Rotorua, New Zealand",earthquake,,,,,reviewed,wel,wel
2006-07-17T20:13:19.750Z,-9.326,108.547,26.7,5.1,mb,47,70.2,,0.57,us,usp000enwd,2014-11-07T01:29:42.193Z,"202 km SSW of Kroya, Indonesia",earthquake,,15.1,,15,reviewed,us,us
2006-07-17T20:12:03.780Z,36.206,71.064,10,3.2,mb,17,144,,1.18,us,usp000enwc,2014-11-07T01:29:42.191Z,"Afghanistan-Tajikistan-Pakistan region",earthquake,,,,4,reviewed,us,us
2006-07-17T20:06:45.720Z,-9.163,107.805,10,4.5,mb,9,167.5,,0.32,us,usp000enwb,2014-11-07T01:29:42.190Z,"south of Java, Indonesia",earthquake,,,,2,reviewed,us,us
2006-07-17T19:49:33.240Z,-9.056,107.86,11.7,5.3,mwc,147,45.4,,0.9,us,usp000enwa,2016-11-10T01:25:41.984Z,"189 km SSW of Kawalu, Indonesia",earthquake,,18.7,,,reviewed,us,hrv
2006-07-17T19:48:33.270Z,0.192,119.702,71.6,5.2,mwc,94,67.1,,0.84,us,usp000enw9,2022-05-02T15:33:39.366Z,"123 km N of Palu, Indonesia",earthquake,,13.1,,,reviewed,us,hrv
2006-07-17T19:46:23.300Z,18.313,-102.655,9.5,4.2,md,10,176.3,,,us,usp000enw8,2014-11-07T01:29:42.167Z,"37 km SW of Tumbiscatío de Ruiz, Mexico",earthquake,,,,,reviewed,unm,unm
2006-07-17T19:44:10.960Z,-9.453,108.642,10,5.1,mb,66,74.4,,0.91,us,usp000enw7,2014-11-07T01:29:42.161Z,"211 km SSW of Kroya, Indonesia",earthquake,,,,28,reviewed,us,us
2006-07-17T19:33:42.907Z,52.0382,-171.0401,29.1,2.7,ml,,,,1.46,ak,ak00693rx47m,2019-02-13T05:04:41.463Z,"178 km SW of Nikolski, Alaska",earthquake,,158.1,,,reviewed,ak,ak
2006-07-17T19:21:03.320Z,-9.229,107.973,10,4.3,mb,8,167.4,,0.56,us,usp000enw6,2014-11-07T01:29:42.160Z,"205 km S of Kawalu, Indonesia",earthquake,,,,1,reviewed,us,us
2006-07-17T19:18:01.750Z,-10.785,108.539,10,4,mb,8,196,,1.02,us,usp000enw5,2014-11-07T01:29:42.158Z,"south of Java, Indonesia",earthquake,,0,,1,reviewed,us,us
2006-07-17T19:14:19.240Z,-9.367,107.325,10,4.8,mb,16,196.9,,0.44,us,usp000enw4,2014-11-07T01:29:42.156Z,"239 km SSW of Singaparna, Indonesia",earthquake,,,,8,reviewed,us,us
2006-07-17T19:09:33.180Z,-9.091,107.84,21.9,5.2,mb,102,47.1,,0.98,us,usp000enw3,2014-11-07T01:29:42.148Z,"193 km SSW of Kawalu, Indonesia",earthquake,,18.2,,44,reviewed,us,us
2006-07-17T19:00:50.940Z,-9.414,108.231,10,5,mb,36,114.2,,0.8,us,usp000enw2,2014-11-07T01:29:42.145Z,"222 km SSW of Sidareja, Indonesia",earthquake,,,,12,reviewed,us,us
2006-07-17T18:53:30.230Z,-19.86,-70.576,28.5,4.6,mb,33,131.1,,0.94,us,usp000enw1,2014-11-07T01:29:42.142Z,"59 km NW of Iquique, Chile",earthquake,,20.1,,7,reviewed,us,us
2006-07-17T18:52:48.440Z,36.805,70.34,97.8,3.9,mb,15,146,,1.41,us,usp000enw0,2014-11-07T01:29:42.139Z,"40 km SSW of Fayzabad, Afghanistan",earthquake,,29.2,,7,reviewed,us,us
2006-07-17T18:42:37.253Z,52.0657,177.3015,2.1,2.4,ml,,,,0.7,ak,ak00693rdlm5,2019-02-13T05:04:41.094Z,"292 km ESE of Attu Station, Alaska",earthquake,,5,,,reviewed,ak,ak
2006-07-17T18:36:33.515Z,51.4341,177.7777,14.8,2.3,ml,,,,0.38,ak,ak00693rcb13,2019-02-13T05:04:40.715Z,"Rat Islands, Aleutian Islands, Alaska",earthquake,,5.1,,,reviewed,ak,ak
2006-07-17T18:23:57.220Z,-10.082,108.023,10,4.5,mb,11,176,,0.82,us,usp000envz,2014-11-07T01:29:42.138Z,"299 km S of Kawalu, Indonesia",earthquake,,0,,2,reviewed,us,us
2006-07-17T18:19:45.630Z,-9.584,108.033,10,4.3,mb,7,196.7,,0.4,us,usp000envy,2014-11-07T01:29:42.137Z,"244 km S of Kawalu, Indonesia",earthquake,,,,2,reviewed,us,us
2006-07-17T18:16:10.540Z,-9.54,108.994,10,4.3,mb,12,141.9,,1.26,us,usp000envx,2014-11-07T01:29:42.135Z,"212 km S of Kroya, Indonesia",earthquake,,,,3,reviewed,us,us
2006-07-17T18:11:16.200Z,37.58,20.97,7,3.5,ml,13,205.9,,,us,usp000envw,2014-11-07T01:29:42.133Z,"19 km SE of Lithakiá, Greece",earthquake,,,,,reviewed,ath,ath
2006-07-17T18:11:05.160Z,-9.188,107.862,10,4.2,mb,9,166.8,,0.62,us,usp000envv,2014-11-07T01:29:42.132Z,"203 km S of Kawalu, Indonesia",earthquake,,,,4,reviewed,us,us
2006-07-17T18:09:36.944Z,51.9303,176.9257,4.9,2.4,ml,,,,1.26,ak,ak00693r6iym,2019-02-13T05:04:40.337Z,"Rat Islands, Aleutian Islands, Alaska",earthquake,,0.8,,,reviewed,ak,ak
2006-07-17T18:04:45.460Z,-9.505,108.397,10,4.2,mb,12,188.5,,0.69,us,usp000envu,2014-11-07T01:29:42.130Z,"227 km SSW of Kroya, Indonesia",earthquake,,,,5,reviewed,us,us
2006-07-17T17:58:25.920Z,-9.911,108.219,10,4.9,mb,48,44.8,,0.83,us,usp000envt,2014-11-07T01:29:42.126Z,"south of Java, Indonesia",earthquake,,,,16,reviewed,us,us
2006-07-17T17:57:30.670Z,-9.244,108.065,10,4.2,mb,9,188.4,,0.77,us,usp000envs,2014-11-07T01:29:42.125Z,"206 km S of Kawalu, Indonesia",earthquake,,,,4,reviewed,us,us
2006-07-17T17:51:53.360Z,-9.822,108.217,10,4.4,mb,18,189.2,,0.77,us,usp000envr,2014-11-07T01:29:42.123Z,"266 km SSW of Sidareja, Indonesia",earthquake,,,,5,reviewed,us,us
2006-07-17T17:40:42.690Z,-9.785,108.329,10,5.1,mb,46,67.1,,0.64,us,usp000envq,2014-11-07T01:29:42.119Z,"258 km SSW of Kroya, Indonesia",earthquake,,,,15,reviewed,us,us
2006-07-17T17:36:37.710Z,-9.172,107.357,10,4.8,mb,20,189,,1.01,us,usp000envp,2014-11-07T01:29:42.117Z,"south of Java, Indonesia",earthquake,,,,8,reviewed,us,us
2006-07-17T17:36:24.000Z,39.6186667,-110.4035,-1.36,2.05,md,8,156,0.006726,0.11,uu,uu50319270,2018-08-28T21:55:44.210Z,"7 km N of Sunnyside, Utah",earthquake,0.52,0.26,,7,reviewed,uu,uu
2006-07-17T17:33:19.040Z,-9.383,108.629,10,4.2,mb,6,213,,0.21,us,usp000envn,2014-11-07T01:29:42.116Z,"205 km SSW of Kroya, Indonesia",earthquake,,,,1,reviewed,us,us
2006-07-17T17:32:33.796Z,60.7036,-150.9664,65.6,2.5,ml,,,,0.48,ak,ak00693qq0kz,2019-02-13T05:04:29.257Z,"17 km E of Nikiski, Alaska",earthquake,,0.3,,,reviewed,ak,ak
2006-07-17T16:58:53.197Z,53.2044,-166.5444,33.9,2.2,ml,,,,0.37,ak,ak00693qa73b,2019-02-13T05:04:28.896Z,"74 km S of Unalaska, Alaska",earthquake,,1.1,,,reviewed,ak,ak
2006-07-17T16:57:48.940Z,-9.195,108.23,10,4.6,mb,11,142.2,,0.65,us,usp000envm,2014-11-07T01:29:42.114Z,"199 km SSW of Sidareja, Indonesia",earthquake,,,,3,reviewed,us,us
2006-07-17T16:57:39.940Z,-8.802,108.066,10,4.3,mb,9,187.7,,0.75,us,usp000envk,2014-11-07T01:29:42.113Z,"157 km S of Kawalu, Indonesia",earthquake,,,,4,reviewed,us,us
2006-07-17T16:55:20.500Z,-9.191,107.807,10,4.6,mb,12,119.6,,0.77,us,usp000envj,2014-11-07T01:29:42.112Z,"204 km SSW of Kawalu, Indonesia",earthquake,,,,6,reviewed,us,us
2006-07-17T16:53:17.390Z,1.416,97.04,30,4.6,mb,12,205.3,,0.76,us,usp000envh,2014-11-07T01:29:42.110Z,"127 km SW of Singkil, Indonesia",earthquake,,,,1,reviewed,us,us
2006-07-17T16:53:01.720Z,-9.741,107.791,10,4.9,mb,13,189.5,,0.61,us,usp000envg,2014-11-07T01:29:42.108Z,"264 km S of Kawalu, Indonesia",earthquake,,,,6,reviewed,us,us
2006-07-17T16:51:47.100Z,42.15,25.13,16,3.7,md,12,83.6,,,us,usp000envf,2014-11-07T01:29:42.107Z,"9 km NW of Parvomay, Bulgaria",earthquake,,,,,reviewed,sof,ath
2006-07-17T16:51:15.760Z,1.354,97.036,25,4.7,mb,32,185.2,,0.89,us,usp000enve,2014-11-07T01:29:42.103Z,"132 km SW of Singkil, Indonesia",earthquake,,,,9,reviewed,us,us
2006-07-17T16:46:59.790Z,-9.78,107.412,10,4.7,mb,13,114.6,,1.18,us,usp000envd,2014-11-07T01:29:42.102Z,"279 km SSW of Kawalu, Indonesia",earthquake,,,,1,reviewed,us,us
2006-07-17T16:38:38.920Z,-9.569,107.663,13.3,5.2,mwc,95,41.4,,0.92,us,usp000envc,2016-11-10T01:25:40.960Z,"249 km SSW of Kawalu, Indonesia",earthquake,,19.5,,,reviewed,us,hrv
2006-07-17T16:33:31.000Z,34.32,24.56,60,4.2,mb,34,159.8,,,us,usp000envb,2014-11-07T01:29:42.090Z,"71 km SE of Kastrí, Greece",earthquake,,,,2,reviewed,ath,us
2006-07-17T16:31:55.650Z,-9.592,108.711,10,4.8,mb,41,62.7,,0.68,us,usp000enva,2014-11-07T01:29:42.086Z,"224 km SSW of Kroya, Indonesia",earthquake,,30.1,,4,reviewed,us,us
2006-07-17T16:27:37.960Z,-9.5,108.318,15.6,5.3,mb,33,80.6,,1.01,us,usp000env9,2014-11-07T01:29:42.083Z,"228 km SSW of Sidareja, Indonesia",earthquake,,63.1,,9,reviewed,us,us
2006-07-17T16:27:04.690Z,-9.582,107.917,10,4.8,mb,22,114.4,,0.73,us,usp000env8,2014-11-07T01:29:42.081Z,"245 km S of Kawalu, Indonesia",earthquake,,,,4,reviewed,us,us
2006-07-17T16:22:56.770Z,-9.262,107.352,10,4.7,mb,17,196.7,,0.77,us,usp000env7,2014-11-07T01:29:42.080Z,"227 km SSW of Singaparna, Indonesia",earthquake,,,,5,reviewed,us,us
2006-07-17T16:19:27.950Z,-9.306,108.611,10,4.9,mb,17,271,,0.5,us,usp000env6,2014-11-07T01:29:42.078Z,"197 km SSW of Kroya, Indonesia",earthquake,,,,5,reviewed,us,us
2006-07-17T16:09:55.050Z,-9.369,108.774,26.9,5.9,mwc,202,36.5,,1.08,us,usp000env5,2022-07-14T10:39:58.379Z,"198 km SSW of Kroya, Indonesia",earthquake,,17.4,,,reviewed,us,hrv
2006-07-17T16:07:45.830Z,-9.247,107.016,10,4.7,mb,9,115.5,,1.04,us,usp000env4,2014-11-07T01:29:42.059Z,"231 km SSW of Banjar, Indonesia",earthquake,,,,3,reviewed,us,us
2006-07-17T16:01:20.500Z,-41.71,172.14,5,4,ml,22,86,,,us,usp000env3,2014-11-07T01:29:42.056Z,"44 km E of Westport, New Zealand",earthquake,,,,,reviewed,wel,wel
2006-07-17T15:56:58.550Z,-7.28,105.581,10,4.5,mb,12,196,,1.07,us,usp000env2,2014-11-07T01:29:42.053Z,"103 km SSW of Labuan, Indonesia",earthquake,,,,1,reviewed,us,us
2006-07-17T15:56:52.700Z,-35.261,-72.8,13.5,3.2,ml,10,243.7,,,us,usp000env1,2014-11-07T01:29:42.050Z,"36 km WNW of Constitución, Chile",earthquake,,,,,reviewed,guc,guc
2006-07-17T15:54:19.470Z,-9.697,108.707,10,4.7,mb,10,159.4,,1.06,us,usp000env0,2014-11-07T01:29:42.047Z,"235 km SSW of Kroya, Indonesia",earthquake,,,,2,reviewed,us,us
2006-07-17T15:45:59.820Z,-9.42,108.319,21,6.1,mwb,252,34.9,,1.14,us,usp000enuy,2022-07-14T10:41:50.855Z,"220 km SSW of Sidareja, Indonesia",earthquake,,,,,reviewed,us,us
2006-07-17T15:42:02.600Z,-9.529,107.71,12.7,5.5,mb,138,41.4,,0.77,us,usp000enux,2022-05-02T18:23:31.653Z,"243 km SSW of Kawalu, Indonesia",earthquake,,13.5,,41,reviewed,us,us
2006-07-17T15:40:54.400Z,-9.309,108.397,10,4.6,mb,23,68.4,,0.83,us,usp000enuw,2014-11-07T01:29:41.673Z,"206 km SSW of Sidareja, Indonesia",earthquake,,,,6,reviewed,us,us
2006-07-17T15:32:51.980Z,-9.134,107.946,10,4.9,mb,19,111.9,,0.88,us,usp000enuv,2014-11-07T01:29:41.671Z,"195 km S of Kawalu, Indonesia",earthquake,,,,4,reviewed,us,us
2006-07-17T15:30:26.820Z,-9.274,108.539,10,5.2,mb,13,122.6,,0.61,us,usp000enuu,2014-11-07T01:29:41.670Z,"197 km SSW of Kroya, Indonesia",earthquake,,,,1,reviewed,us,us
2006-07-17T15:29:14.940Z,44.4923333,-111.1155,13.96,2.25,ml,14,137,0.114,0.19,uu,uu50319260,2018-08-28T21:55:42.860Z,"18 km S of West Yellowstone, Montana",earthquake,0.67,1.94,,5,reviewed,uu,uu
2006-07-17T15:29:00.140Z,-9.22,107.306,0.8,5.3,mb,79,82.9,,0.78,us,usp000enut,2022-05-02T15:56:45.167Z,"224 km S of Banjar, Indonesia",earthquake,,32.9,,15,reviewed,us,us
2006-07-17T15:28:44.490Z,-9.192,107.322,10,5.2,mb,74,64.2,,0.88,us,usp000enus,2014-11-07T01:29:41.658Z,"221 km S of Banjar, Indonesia",earthquake,,,,18,reviewed,us,us
2006-07-17T15:26:22.830Z,-9.057,107.928,32.4,5.3,mb,62,47.1,,0.85,us,usp000enur,2014-11-07T01:29:41.653Z,"187 km S of Kawalu, Indonesia",earthquake,,23.8,,20,reviewed,us,us
2006-07-17T15:21:04.720Z,-9.286,108.713,10,5.2,mb,30,63.8,,0.71,us,usp000enuq,2014-11-07T01:29:41.650Z,"192 km SSW of Kroya, Indonesia",earthquake,,,,4,reviewed,us,us
2006-07-17T15:20:53.980Z,-9.383,108.675,12.2,5.4,mb,135,45.6,,0.86,us,usp000enup,2014-11-07T01:29:41.640Z,"203 km SSW of Kroya, Indonesia",earthquake,,16.2,,47,reviewed,us,us
2006-07-17T15:15:11.380Z,-9.516,107.985,10,4.9,mb,59,81.5,,0.95,us,usp000enun,2014-11-07T01:29:41.627Z,"237 km S of Kawalu, Indonesia",earthquake,,,,24,reviewed,us,us
2006-07-17T15:12:30.520Z,-9.693,108.2,10,4.3,mb,10,217.9,,1.03,us,usp000enum,2014-11-07T01:29:41.626Z,"252 km SSW of Sidareja, Indonesia",earthquake,,,,2,reviewed,us,us
2006-07-17T15:09:14.660Z,-9.302,108.602,10,5.1,mb,47,81.8,,0.71,us,usp000enuk,2014-11-07T01:29:41.622Z,"197 km SSW of Kroya, Indonesia",earthquake,,,,20,reviewed,us,us
2006-07-17T15:07:09.190Z,-7.649,105.998,10,4.6,mb,9,188.1,,1.56,us,usp000enuj,2014-11-07T01:29:41.620Z,"95 km SW of Pelabuhanratu, Indonesia",earthquake,,,,2,reviewed,us,us
2006-07-17T15:03:01.850Z,-15.254,-173.39,35,4.2,mb,8,148.7,,0.56,us,usp000enuh,2014-11-07T01:29:41.618Z,"88 km NNE of Hihifo, Tonga",earthquake,,,,1,reviewed,us,us
2006-07-17T14:50:55.760Z,-9.241,107.139,10,5.1,mb,77,58.9,,0.99,us,usp000enug,2014-11-07T01:29:41.609Z,"228 km S of Banjar, Indonesia",earthquake,,,,30,reviewed,us,us
2006-07-17T14:43:40.440Z,-9.561,107.584,10,4.6,mb,12,114.5,,0.46,us,usp000enuf,2014-11-07T01:29:41.608Z,"250 km SSW of Kawalu, Indonesia",earthquake,,,,3,reviewed,us,us
2006-07-17T14:34:24.106Z,51.5709,178.4651,73.4,2.1,ml,,,,0.17,ak,ak00693oy4ga,2019-02-13T05:04:39.585Z,"Rat Islands, Aleutian Islands, Alaska",earthquake,,0.3,,,reviewed,ak,ak
2006-07-17T14:27:56.465Z,51.3583,178.7073,49.1,2.5,ml,,,,0.24,ak,ak00693owoxq,2019-02-13T05:04:39.212Z,"Rat Islands, Aleutian Islands, Alaska",earthquake,,0.7,,,reviewed,ak,ak
2006-07-17T14:21:13.520Z,-8.764,108.384,10,4.9,mb,30,122.5,,1.29,us,usp000enue,2014-11-07T01:29:41.605Z,"148 km SSW of Sidareja, Indonesia",earthquake,,,,15,reviewed,us,us
2006-07-17T14:10:29.930Z,-9.317,108.263,10,4.8,mb,27,130.3,,1.03,us,usp000enud,2014-11-07T01:29:41.602Z,"210 km SSW of Sidareja, Indonesia",earthquake,,,,9,reviewed,us,us
2006-07-17T13:56:56.260Z,-9.531,108.019,22.3,5,mb,46,114.3,,0.93,us,usp000enuc,2014-11-07T01:29:41.598Z,"238 km S of Kawalu, Indonesia",earthquake,,22.2,,9,reviewed,us,us
2006-07-17T13:55:33.660Z,-9.106,107.797,25.7,5.1,mb,45,68.6,,0.66,us,usp000enub,2014-11-07T01:29:41.594Z,"196 km SSW of Kawalu, Indonesia",earthquake,,21.7,,11,reviewed,us,us
2006-07-17T13:53:48.440Z,-9.567,108.014,10,5.3,mb,89,48.4,,0.75,us,usp000enua,2014-11-07T01:29:41.586Z,"242 km S of Kawalu, Indonesia",earthquake,,,,22,reviewed,us,us
2006-07-17T13:53:08.370Z,-9.796,108.725,10,4.6,mb,13,117,,0.47,us,usp000enu9,2014-11-07T01:29:41.585Z,"245 km SSW of Kroya, Indonesia",earthquake,,,,3,reviewed,us,us
2006-07-17T13:47:48.360Z,26.744,89.432,10,4.1,mb,18,127.9,,0.99,us,usp000enu7,2014-11-07T01:29:41.581Z,"7 km E of H?sim?ra, India",earthquake,,,,1,reviewed,us,us
2006-07-17T13:39:24.600Z,-9.995,107.937,13.3,5,mb,74,79.1,,0.83,us,usp000enu6,2014-11-07T01:29:41.573Z,"290 km S of Kawalu, Indonesia",earthquake,,22.8,,26,reviewed,us,us
2006-07-17T13:32:50.440Z,-10.05,108.067,10,4.1,mb,7,218,,0.47,us,usp000enu5,2014-11-07T01:29:41.572Z,"294 km SSW of Sidareja, Indonesia",earthquake,,,,1,reviewed,us,us
2006-07-17T13:25:45.880Z,-9.612,107.865,34.5,4.8,mb,32,114.4,,0.68,us,usp000enu4,2014-11-07T01:29:41.569Z,"249 km S of Kawalu, Indonesia",earthquake,,26.1,,14,reviewed,us,us
2006-07-17T13:20:07.020Z,-6.481,148.139,57,4.7,mb,11,220.1,,0.53,us,usp000enu3,2014-11-07T01:29:41.567Z,"33 km ENE of Finschhafen, Papua New Guinea",earthquake,,32.6,,3,reviewed,us,us
2006-07-17T13:11:22.240Z,-10.181,108.251,10,4.2,mb,13,189.7,,0.97,us,usp000enu2,2014-11-07T01:29:41.566Z,"south of Java, Indonesia",earthquake,,,,3,reviewed,us,us
2006-07-17T13:04:06.460Z,-9.53,108.074,6.1,5.1,mb,46,67.9,,0.85,us,usp000enu1,2014-11-07T01:29:41.562Z,"238 km S of Kawalu, Indonesia",earthquake,,24.4,,12,reviewed,us,us
2006-07-17T13:02:56.880Z,-9.036,107.891,10,5.2,mb,24,142.3,,0.56,us,usp000enu0,2014-11-07T01:29:41.559Z,"186 km S of Kawalu, Indonesia",earthquake,,,,13,reviewed,us,us
2006-07-17T13:01:46.280Z,-9.396,108.665,10,4.8,mb,31,75.1,,0.78,us,usp000entz,2014-11-07T01:29:41.556Z,"205 km SSW of Kroya, Indonesia",earthquake,,,,6,reviewed,us,us
2006-07-17T12:59:38.670Z,41.542,20.038,7.6,2.9,md,10,308.4,,,us,usp000enty,2014-11-07T01:29:41.554Z,"5 km NW of Klos, Albania",earthquake,,,,,reviewed,pdg,pdg
2006-07-17T12:52:12.630Z,-9.009,107.833,23.7,5.7,mwc,172,34.8,,0.86,us,usp000entx,2022-05-02T15:33:31.365Z,"184 km SSW of Kawalu, Indonesia",earthquake,,14.5,,,reviewed,us,hrv
2006-07-17T12:50:44.390Z,-9.952,107.862,10,4.9,mb,51,57.4,,0.76,us,usp000entw,2014-11-07T01:29:41.502Z,"286 km S of Kawalu, Indonesia",earthquake,,,,9,reviewed,us,us
2006-07-17T12:44:51.750Z,-9.116,107.718,10,4.6,mb,15,140.3,,0.54,us,usp000entv,2014-11-07T01:29:41.113Z,"199 km SSW of Kawalu, Indonesia",earthquake,,,,3,reviewed,us,us
2006-07-17T12:40:43.410Z,2.863,123.393,461.8,4.2,mb,16,162.2,,0.49,us,usp000entu,2014-11-07T01:29:41.035Z,"222 km NW of Manado, Indonesia",earthquake,,13.8,,4,reviewed,us,us
2006-07-17T12:36:35.950Z,-9.16,107.879,10,4.3,mb,13,139.6,,0.44,us,usp000entt,2014-11-07T01:29:41.033Z,"199 km S of Kawalu, Indonesia",earthquake,,,,4,reviewed,us,us
2006-07-17T12:21:26.680Z,-19.695,-177.852,545.2,4.2,mb,15,137.5,,1.04,us,usp000ents,2014-11-07T01:29:41.030Z,"Fiji region",earthquake,,16.1,,5,reviewed,us,us
2006-07-17T11:48:50.810Z,36.3646667,-120.4073333,10.359,2.2,md,46,100,0.04144,0.15,nc,nc21527697,2017-01-15T00:34:50.770Z,"15 km S of Three Rocks, California",earthquake,0.25,0.46,0.12,27,reviewed,nc,nc
2006-07-17T11:46:17.540Z,-9.694,108.16,10,4.6,mb,13,115.8,,0.94,us,usp000entr,2014-11-07T01:29:41.027Z,"254 km SSW of Sidareja, Indonesia",earthquake,,,,3,reviewed,us,us
2006-07-17T11:45:08.430Z,36.105,-120.68,2.358,2.01,md,43,60,0.03604,0.11,nc,nc21527693,2017-01-15T00:34:34.660Z,"22 km ENE of San Ardo, California",earthquake,0.24,0.54,0.21,29,reviewed,nc,nc
2006-07-17T11:42:17.510Z,-9.956,108.407,31.7,4.4,mb,11,138,,0.18,us,usp000entq,2014-11-07T01:29:41.023Z,"272 km SSW of Kroya, Indonesia",earthquake,,,,3,reviewed,us,us
2006-07-17T11:40:24.570Z,-9.885,107.783,10,4.6,mb,10,197.4,,0.83,us,usp000entp,2014-11-07T01:29:41.000Z,"280 km S of Kawalu, Indonesia",earthquake,,,,3,reviewed,us,us
2006-07-17T11:40:07.350Z,-9.506,108.66,33.2,5,mb,25,114,,0.58,us,usp000entn,2014-11-07T01:29:40.995Z,"216 km SSW of Kroya, Indonesia",earthquake,,,,9,reviewed,us,us
2006-07-17T11:36:24.210Z,-9.075,108.09,30.6,4.4,mb,9,213.2,,0.82,us,usp000entm,2014-11-07T01:29:40.921Z,"187 km S of Kawalu, Indonesia",earthquake,,,,1,reviewed,us,us
2006-07-17T11:29:43.410Z,23.57,123.78,35,4,m,4,275.9,,0.67,us,usp000entk,2014-11-07T01:29:40.843Z,"southwestern Ryukyu Islands, Japan",earthquake,,,,,reviewed,us,jma
2006-07-17T11:28:48.140Z,-9.293,108.573,33.8,5.3,mb,79,63.2,,0.79,us,usp000entj,2014-11-07T01:29:40.811Z,"197 km SSW of Kroya, Indonesia",earthquake,,,,17,reviewed,us,us
2006-07-17T11:24:44.500Z,-9.138,107.888,10,5.1,mb,119,42.2,,1.18,us,usp000enth,2014-11-07T01:29:40.776Z,"197 km S of Kawalu, Indonesia",earthquake,,,,30,reviewed,us,us
2006-07-17T11:21:34.549Z,51.0317,-179.8343,8.5,2.1,ml,,,,0.77,ak,ak00693n324u,2019-02-13T05:04:27.813Z,"241 km WSW of Adak, Alaska",earthquake,,1.2,,,reviewed,ak,ak
2006-07-17T11:20:35.700Z,-9.783,107.937,10,4.8,mb,11,197.1,,0.56,us,usp000entg,2014-11-07T01:29:40.752Z,"267 km S of Kawalu, Indonesia",earthquake,,,,2,reviewed,us,us
2006-07-17T11:18:25.100Z,-10.588,108.737,10,4.6,mb,13,175.4,,0.84,us,usp000entf,2014-11-07T01:29:40.745Z,"south of Java, Indonesia",earthquake,,0,,2,reviewed,us,us
2006-07-17T11:15:35.640Z,-9.247,108.529,35,5.2,mb,64,48.8,,1.24,us,usp000ente,2014-11-07T01:29:40.739Z,"195 km SSW of Kroya, Indonesia",earthquake,,0,,27,reviewed,us,us
2006-07-17T11:07:36.450Z,-9.506,107.649,35.2,5.9,mwc,225,41.5,,1.15,us,usp000entd,2022-05-02T15:33:25.652Z,"242 km SSW of Kawalu, Indonesia",earthquake,,,,,reviewed,us,hrv
2006-07-17T11:03:14.570Z,-9.345,107.386,10,5.2,mb,114,52.9,,1,us,usp000entc,2014-11-07T01:29:40.675Z,"234 km SSW of Singaparna, Indonesia",earthquake,,,,31,reviewed,us,us
2006-07-17T10:56:56.480Z,-9.502,108.214,10,4.3,mb,7,139.3,,0.38,us,usp000entb,2014-11-07T01:29:40.673Z,"232 km SSW of Sidareja, Indonesia",earthquake,,,,2,reviewed,us,us
2006-07-17T10:55:22.986Z,51.328,178.2546,13.9,2,ml,,,,0.34,ak,ak00693movze,2019-02-13T05:04:35.881Z,"Rat Islands, Aleutian Islands, Alaska",earthquake,,1.5,,,reviewed,ak,ak
2006-07-17T10:44:31.930Z,-9.094,107.68,10,5.5,mb,132,45.1,,1.07,us,usp000enta,2022-05-02T18:35:24.969Z,"198 km SSW of Kawalu, Indonesia",earthquake,,,,44,reviewed,us,us
2006-07-17T10:43:30.200Z,-9.103,107.709,10,4.7,mb,17,114.5,,0.95,us,usp000ent9,2014-11-07T01:29:40.497Z,"198 km SSW of Kawalu, Indonesia",earthquake,,,,3,reviewed,us,us
2006-07-17T10:34:44.330Z,-9.3,107.834,27.4,5.1,mb,77,48.9,,1.23,us,usp000ent8,2014-11-07T01:29:40.383Z,"216 km S of Kawalu, Indonesia",earthquake,,,,26,reviewed,us,us
2006-07-17T10:26:45.700Z,-9.748,108.235,35,5.2,mb,42,51.6,,1.11,us,usp000ent7,2014-11-07T01:29:40.369Z,"257 km SSW of Sidareja, Indonesia",earthquake,,0,,14,reviewed,us,us
2006-07-17T10:26:35.520Z,32.1351667,-115.5286667,5.798,2.18,ml,11,256,,0.25,ci,ci14240712,2016-03-09T09:23:14.999Z,"35km WSW of Alberto Oviedo Mota, B.C., MX",earthquake,1.54,31.61,0.245,23,reviewed,ci,ci
2006-07-17T10:16:38.650Z,19.057,-67.745,12,3,md,6,324.2,,,us,usp000ent6,2014-11-07T01:29:40.365Z,"87 km NE of Punta Cana, Dominican Republic",earthquake,,,,,reviewed,rspr,rspr
2006-07-17T10:09:06.760Z,-9.032,107.733,10,5.9,mb,265,41.7,,0.99,us,usp000ent5,2022-07-14T10:43:37.053Z,"189 km SSW of Kawalu, Indonesia",earthquake,,,,61,reviewed,us,us
2006-07-17T10:07:47.340Z,-8.574,108.305,10,4.5,mb,7,139.3,,0.63,us,usp000ent4,2014-11-07T01:29:40.286Z,"131 km SSW of Sidareja, Indonesia",earthquake,,,,1,reviewed,us,us
2006-07-17T10:06:59.160Z,-9.857,107.66,10,4.4,mb,9,189.8,,0.61,us,usp000ent3,2014-11-07T01:29:40.141Z,"280 km SSW of Kawalu, Indonesia",earthquake,,,,2,reviewed,us,us
2006-07-17T10:00:19.750Z,-9.606,107.733,10,5.2,mb,19,114.4,,0.77,us,usp000ent2,2014-11-07T01:29:40.093Z,"251 km SSW of Kawalu, Indonesia",earthquake,,,,4,reviewed,us,us
2006-07-17T09:55:32.230Z,-9.455,107.758,10,5.1,mb,65,53.8,,1.12,us,usp000ent1,2014-11-07T01:29:40.004Z,"234 km SSW of Kawalu, Indonesia",earthquake,,,,26,reviewed,us,us
2006-07-17T09:55:07.990Z,-9.4,107.938,10,5.1,mb,19,114.4,,0.78,us,usp000ent0,2014-11-07T01:29:40.002Z,"225 km S of Kawalu, Indonesia",earthquake,,,,7,reviewed,us,us
2006-07-17T09:53:50.490Z,-9.293,107.074,10,4.5,mb,9,139.5,,0.51,us,usp000ensz,2014-11-07T01:29:40.000Z,"235 km S of Banjar, Indonesia",earthquake,,,,3,reviewed,us,us
2006-07-17T09:51:16.500Z,-9.175,108.002,10,4.5,mb,14,112.8,,0.93,us,usp000ensy,2014-11-07T01:29:39.997Z,"199 km S of Kawalu, Indonesia",earthquake,,,,5,reviewed,us,us
2006-07-17T09:44:11.340Z,-9.533,107.903,19.4,5,mb,48,114.4,,0.85,us,usp000ensx,2014-11-07T01:29:39.990Z,"240 km S of Kawalu, Indonesia",earthquake,,22.9,,24,reviewed,us,us
2006-07-17T09:18:27.951Z,58.8967,-154.4196,124,2.7,ml,,,,0.76,ak,ak00693lvj9n,2019-02-13T05:04:27.363Z,"63 km SSE of Kokhanok, Alaska",earthquake,,0.2,,,reviewed,ak,ak
2006-07-17T09:13:04.960Z,-9.087,107.76,10,6,mwc,272,42.4,,1.02,us,usp000ensv,2022-07-14T10:44:16.328Z,"194 km SSW of Kawalu, Indonesia",earthquake,,,,,reviewed,us,hrv
2006-07-17T09:06:53.073Z,62.3821,-148.1239,37.4,2,ml,,,,0.46,ak,ak00693lt0m3,2019-02-13T05:04:26.947Z,"67 km NNE of Chickaloon, Alaska",earthquake,,0.1,,,reviewed,ak,ak
2006-07-17T09:05:17.360Z,-9.875,107.886,10,5.7,mb,160,43.2,,0.86,us,usp000ensu,2022-05-02T18:23:15.854Z,"278 km S of Kawalu, Indonesia",earthquake,,,,37,reviewed,us,us
2006-07-17T09:00:17.700Z,-9.68,107.516,24.9,5.5,mb,101,45.7,,0.8,us,usp000enst,2014-11-07T01:29:39.859Z,"265 km SSW of Kawalu, Indonesia",earthquake,,14.9,,32,reviewed,us,us
2006-07-17T08:56:29.100Z,-40.465,-72.262,5,4.7,ml,7,208.6,,,us,usp000enss,2014-11-07T01:29:39.834Z,"35 km NE of Puyehue, Chile",earthquake,,,,,reviewed,guc,guc
2006-07-17T08:41:17.210Z,-9.456,107.736,12.5,5.4,mb,94,49,,0.79,us,usp000ensr,2014-11-07T01:29:39.812Z,"235 km SSW of Kawalu, Indonesia",earthquake,,20.8,,28,reviewed,us,us
2006-07-17T08:40:07.580Z,-9.46,107.706,10,5.2,mb,35,74.1,,0.91,us,usp000ensq,2014-11-07T01:29:39.790Z,"236 km SSW of Kawalu, Indonesia",earthquake,,,,11,reviewed,us,us
2006-07-17T08:38:16.580Z,-9.5,107.764,34.1,5.3,mb,100,49,,0.79,us,usp000ensp,2014-11-07T01:29:39.723Z,"239 km SSW of Kawalu, Indonesia",earthquake,,17,,32,reviewed,us,us
2006-07-17T08:32:28.450Z,-9.281,107.347,17.5,5.6,mb,92,49,,0.7,us,usp000ensn,2014-11-07T01:29:39.688Z,"229 km SSW of Singaparna, Indonesia",earthquake,,14.9,,24,reviewed,us,us
2006-07-17T08:19:26.680Z,-9.284,107.419,20,7.7,mwc,357,36.8,,1.16,us,usp000ensm,2022-07-14T10:46:46.015Z,"226 km SSW of Singaparna, Indonesia",earthquake,,,,,reviewed,us,hrv
2006-07-17T08:08:37.310Z,55.216,159.394,10,4.2,mb,22,120.6,,0.65,us,usp000ensk,2014-11-07T01:29:39.574Z,"46 km SSW of Atlasovo, Russia",earthquake,,0,,10,reviewed,us,us
2006-07-17T08:06:00.230Z,-0.282,123.137,105.8,4.1,mb,19,126,,1.1,us,usp000ensj,2014-11-07T01:29:39.572Z,"83 km NNE of Luwuk, Indonesia",earthquake,,16.8,,8,reviewed,us,us
2006-07-17T07:57:50.641Z,63.0728,-150.8328,125.4,2.2,ml,,,,0.66,ak,ak00693kx2qg,2019-02-13T05:04:26.172Z,"64 km N of Petersville, Alaska",earthquake,,0.9,,,reviewed,ak,ak
2006-07-17T07:45:35.200Z,-28.732,-72.478,25,3.4,ml,5,249.2,,,us,usp000ensh,2014-11-07T01:29:39.571Z,"168 km W of Vallenar, Chile",earthquake,,,,,reviewed,guc,guc
2006-07-17T06:54:39.280Z,-31.943,-178.389,130.9,4.7,mb,25,196.1,,1.07,us,usp000ensg,2014-11-07T01:29:39.566Z,"Kermadec Islands region",earthquake,,10.3,,7,reviewed,us,us
2006-07-17T06:54:38.100Z,-28.983,-69.694,93.2,3.6,m,6,227,,,us,usp000ensf,2014-11-07T01:29:39.564Z,"113 km ESE of Vallenar, Chile",earthquake,,,,,reviewed,guc,guc
2006-07-17T06:45:07.000Z,-34.18,136.933,10,3.4,ml,7,167.7,,,us,usp000ense,2014-11-07T01:29:39.563Z,"55 km S of Cowell, Australia",earthquake,,,,,reviewed,aust,aust
2006-07-17T05:38:53.550Z,-24.003,-66.896,186.2,4,mb,12,119.7,,1.73,us,usp000ensd,2014-11-07T01:29:39.561Z,"63 km WNW of San Antonio de los Cobres, Argentina",earthquake,,16.7,,1,reviewed,us,us
2006-07-17T05:34:53.063Z,52.9388,-169.9356,208.9,2.6,ml,,,,0.8,ak,ak00693jla8q,2019-02-13T05:04:33.254Z,"72 km W of Nikolski, Alaska",earthquake,,11.8,,,reviewed,ak,ak
2006-07-17T05:32:30.390Z,-4.904,102.166,35,5.1,mb,81,71.1,,0.96,us,usp000ensc,2014-11-07T01:29:39.554Z,"122 km S of Bengkulu, Indonesia",earthquake,,,,27,reviewed,us,us
2006-07-17T05:26:37.890Z,56.262,162.172,35,4.5,mb,46,106.4,,1.14,us,usp000ensb,2014-11-07T01:29:39.550Z,"19 km W of Ust’-Kamchatsk Staryy, Russia",earthquake,,,,16,reviewed,us,us
2006-07-17T05:23:39.614Z,58.1919,-155.1652,98.4,2.1,ml,,,,0.11,ak,ak00693jiwbt,2019-02-13T05:04:25.054Z,"81 km NNW of Karluk, Alaska",earthquake,,1.1,,,reviewed,ak,ak
2006-07-17T05:06:16.470Z,-5.5,150.183,73.5,4.3,mb,7,248.3,,0.65,us,usp000ensa,2014-11-07T01:29:39.549Z,"7 km NE of Kimbe, Papua New Guinea",earthquake,,24.8,,2,reviewed,us,us
2006-07-17T04:36:07.910Z,-19.934,-177.684,479.1,4.3,mb,17,139.6,,0.64,us,usp000ens9,2014-11-07T01:29:39.547Z,"290 km WNW of Haveluloto, Tonga",earthquake,,17.3,,6,reviewed,us,us
2006-07-17T04:14:47.800Z,46.57,7.72,6,2.7,ml,51,37.6,,,us,usp000ens8,2014-11-07T01:29:39.540Z,"5 km ESE of Frutigen, Switzerland",earthquake,,,,,reviewed,zur,ldg
2006-07-17T04:11:34.320Z,-19.757,-174.667,25,4.9,mb,90,100.8,,0.81,us,usp000ens7,2014-11-07T01:29:39.531Z,"33 km W of Pangai, Tonga",earthquake,,0,,44,reviewed,us,us
2006-07-17T03:59:41.690Z,-10.253,120.386,7.1,5,mb,54,92.1,,0.88,us,usp000ens6,2014-11-07T01:29:39.525Z,"67 km SSE of Waingapu, Indonesia",earthquake,,23,,24,reviewed,us,us
2006-07-17T03:56:48.040Z,37.1996667,-121.7216667,7,2.94,md,133,62,0.04685,0.12,nc,nc21527657,2017-01-15T00:31:58.660Z,"9 km NW of Morgan Hill, California",earthquake,0.09,0.2,0.1,130,reviewed,nc,nc
2006-07-17T03:56:14.050Z,36.63,70.77,198.8,4.8,mb,12,142.9,,1.28,us,usp000ens4,2014-11-07T01:29:39.521Z,"26 km SSW of Jurm, Afghanistan",earthquake,,26.2,,4,reviewed,us,us
2006-07-17T03:37:30.710Z,51.859,177.021,5.8,3.6,ml,8,186.2,,,us,usp000ens3,2019-02-13T05:04:24.737Z,"283 km ESE of Attu Station, Alaska",earthquake,,,,,reviewed,aeic,aeic
2006-07-17T03:35:08.424Z,52.0811,177.0921,17.7,2,ml,,,,0.74,ak,ak00693iejay,2019-02-13T05:04:32.473Z,"278 km ESE of Attu Station, Alaska",earthquake,,5.4,,,reviewed,ak,ak
2006-07-17T02:53:33.460Z,-23.922,-179.696,526.5,4.5,mb,28,125.4,,0.98,us,usp000ens2,2014-11-07T01:29:39.517Z,"south of the Fiji Islands",earthquake,,10,,14,reviewed,us,us
2006-07-17T02:36:23.480Z,-5.521,150.696,47.8,4.8,mwc,31,66.6,,1.05,us,usp000ens1,2016-11-10T01:25:37.798Z,"61 km E of Kimbe, Papua New Guinea",earthquake,,17.3,,,reviewed,us,hrv
2006-07-17T02:02:32.990Z,32.432,-115.1485,2.195,2.48,ml,17,213,,0.51,ci,ci14240656,2016-03-09T03:41:10.555Z,"10km NNE of Delta, B.C., MX",earthquake,2.11,8.13,0.182,33,reviewed,ci,ci
2006-07-17T02:00:34.320Z,5.813,127.175,35,4.2,mb,8,180.9,,1.39,us,usp000ens0,2014-11-07T01:29:39.512Z,"125 km ESE of Pondaguitan, Philippines",earthquake,,,,2,reviewed,us,us
2006-07-17T01:47:56.380Z,32.0105,-116.2516667,5.472,2.24,ml,10,288,0.6934,0.27,ci,ci14240652,2016-03-08T16:58:28.305Z,"38km ENE of Ensenada, B.C., MX",earthquake,1.31,31.61,0.175,32,reviewed,ci,ci
2006-07-17T01:29:22.000Z,-28.548,-72.461,30,4.1,ml,12,174.5,,,us,usp000enrz,2014-11-07T01:29:39.510Z,"166 km W of Vallenar, Chile",earthquake,,,,,reviewed,guc,guc
2006-07-17T01:29:11.590Z,46.1998333,-122.1955,-1.797,3,md,13,73,,0.44,uw,uw10699308,2016-07-22T22:20:35.880Z,"37 km NNE of Amboy, Washington",earthquake,0.12,0.28,0.06,5,reviewed,uw,uw
2006-07-17T01:09:10.920Z,32.451,-115.1513333,9.991,2.08,ml,13,203,,0.46,ci,ci14240648,2016-03-08T18:40:46.555Z,"11km NNE of Delta, B.C., MX",earthquake,2.48,31.61,0.113,29,reviewed,ci,ci
2006-07-17T00:38:26.700Z,52.6781,-169.1209,61.4,2.1,ml,,,,0.17,ak,ak00693gmx1q,2019-02-13T05:04:31.705Z,"33 km SSW of Nikolski, Alaska",earthquake,,1.1,,,reviewed,ak,ak
2006-07-17T00:37:40.280Z,35.0451667,-117.6566667,-0.952,2.32,ml,36,69,0.1152,0.23,ci,ci14240636,2016-03-09T14:01:24.920Z,"5km N of Boron, CA",quarry blast,0.51,31.61,0.201,83,reviewed,ci,ci
2006-07-17T00:30:46.863Z,52.9409,-173.7013,26,2.1,ml,,,,0.59,ak,ak00693gl8vi,2019-02-13T05:04:31.424Z,"89 km NNE of Atka, Alaska",earthquake,,5,,,reviewed,ak,ak
2006-07-17T00:04:23.900Z,-31.546,-71.312,51.4,2.8,m,5,195.9,,,us,usp000enrx,2014-11-07T01:29:39.507Z,"16 km NW of Illapel, Chile",earthquake,,,,,reviewed,guc,guc
2006-07-17T00:02:45.000Z,-28.599,-72.41,35,3.5,ml,4,264.5,,,us,usp000enrw,2014-11-07T01:29:39.506Z,"161 km W of Vallenar, Chile",earthquake,,,,,reviewed,guc,guc
2006-07-16T23:59:46.400Z,-33.286,-70.321,98.4,3.3,m,14,199.9,,,us,usp000enrv,2014-11-07T01:29:39.503Z,"30 km NE of Villa Presidente Frei, Ñuñoa, Santiago, Chile, Chile",earthquake,,,,,reviewed,guc,guc
2006-07-16T23:57:36.830Z,26.009,-44.923,10,4.3,mb,15,97.6,,1.01,us,usp000enru,2014-11-07T01:29:39.501Z,"northern Mid-Atlantic Ridge",earthquake,,,,3,reviewed,us,us
2006-07-16T23:32:08.990Z,-32.117,-177.08,35,4.2,mb,15,141.4,,1.11,us,usp000enrt,2014-11-07T01:29:39.499Z,"south of the Kermadec Islands",earthquake,,,,2,reviewed,us,us
2006-07-16T23:29:36.640Z,-17.449,-179.81,78.2,4.4,mb,12,127.4,,1.13,us,usp000enrs,2014-11-07T01:29:39.497Z,"115 km NE of Levuka, Fiji",earthquake,,38,,2,reviewed,us,us
2006-07-16T23:25:07.650Z,37.459,141.325,38.5,4.4,mb,48,92.2,,1.32,us,usp000enrr,2014-11-07T01:29:39.492Z,"28 km E of Namie, Japan",earthquake,,,,5,reviewed,us,us
2006-07-16T23:20:36.920Z,-20.139,-68.911,98.6,4.9,mwc,169,99,,0.81,us,usp000enrq,2016-11-10T01:25:37.290Z,"129 km E of Iquique, Chile",earthquake,,,,,reviewed,us,hrv
2006-07-16T23:14:13.940Z,18.858,-66.163,38,2.7,md,5,274.9,,,us,usp000enrp,2014-11-07T01:29:39.474Z,"43 km N of San Juan, Puerto Rico",earthquake,,,,,reviewed,rspr,rspr
2006-07-16T23:13:26.184Z,51.2828,-178.3167,27.7,2.1,ml,,,,0.22,ak,ak006926n6iy,2019-02-13T05:04:15.038Z,"133 km WSW of Adak, Alaska",earthquake,,0.7,,,reviewed,ak,ak
2006-07-16T23:03:14.880Z,-0.141,123.104,240.3,4.1,mb,14,119.9,,1.2,us,usp000enrn,2014-11-07T01:29:39.472Z,"75 km S of Gorontalo, Indonesia",earthquake,,22.7,,1,reviewed,us,us
2006-07-16T23:02:56.500Z,-31.461,-69.356,159.3,3.8,mb,20,123.6,,,us,usp000enrm,2014-11-07T01:29:39.468Z,"15 km SSE of Calingasta, Argentina",earthquake,,,,3,reviewed,guc,us
2006-07-16T23:01:23.364Z,59.7982,-152.7218,84.2,2.1,ml,,,,0.44,ak,ak006926klps,2019-02-13T05:04:14.660Z,"50 km W of Anchor Point, Alaska",earthquake,,0.2,,,reviewed,ak,ak
2006-07-16T22:48:39.510Z,33.322,91.882,35,3.7,mb,26,102.5,,0.88,us,usp000enrk,2014-11-07T01:29:39.465Z,"205 km N of Nagqu, China",earthquake,,,,4,reviewed,us,us
2006-07-16T22:47:18.870Z,-24.191,-67.432,137.5,4.1,mb,12,130.6,,0.74,us,usp000enrj,2014-11-07T01:29:39.463Z,"113 km W of San Antonio de los Cobres, Argentina",earthquake,,11.1,,1,reviewed,us,us
2006-07-16T22:38:05.120Z,20.936,143.859,21.7,4.7,mb,39,93.6,,1.21,us,usp000enrh,2014-11-07T01:29:39.459Z,"Mariana Islands region",earthquake,,,,11,reviewed,us,us
2006-07-16T22:31:08.020Z,54.976,-165.245,179.1,2.7,m,4,230.8,,,us,usp000enrg,2019-02-13T05:04:23.564Z,"99 km NNE of Akutan, Alaska",earthquake,,,,,reviewed,aeic,aeic
2006-07-16T22:19:10.000Z,18.639,-64.768,46.8,3.1,md,8,245.1,,,us,usp000enrf,2014-11-07T01:29:39.451Z,"34 km N of Cruz Bay, U.S. Virgin Islands",earthquake,,,,,reviewed,rspr,rspr
2006-07-16T22:12:44.760Z,35.194,-36.512,10,4.6,mb,120,67.3,,1.05,us,usp000enre,2014-11-07T01:29:39.438Z,"northern Mid-Atlantic Ridge",earthquake,,,,62,reviewed,us,us
2006-07-16T22:09:14.740Z,-20.826,-69.208,110.2,3.5,mb,13,136,,1.04,us,usp000enrd,2014-11-07T01:29:39.436Z,"119 km SE of Iquique, Chile",earthquake,,9.3,,2,reviewed,us,us
2006-07-16T22:05:45.385Z,51.1552,-179.221,21.8,3.4,ml,,,,0.51,ak,ak00692602oa,2019-02-13T05:04:14.270Z,"196 km WSW of Adak, Alaska",earthquake,,0.4,,,reviewed,ak,ak
2006-07-16T21:45:44.300Z,-34.622,-72.293,22.6,3,ml,11,242.7,,,us,usp000enrc,2014-11-07T01:29:39.434Z,"79 km N of Constitución, Chile",earthquake,,,,,reviewed,guc,guc
2006-07-16T21:36:41.982Z,51.0968,179.0664,8.2,2.7,ml,,,,0.52,ak,ak006925la06,2019-02-13T05:04:13.902Z,"Rat Islands, Aleutian Islands, Alaska",earthquake,,0.1,,,reviewed,ak,ak
2006-07-16T21:07:58.850Z,10.929,126.647,35,4.2,mb,11,140.3,,0.65,us,usp000enrb,2014-11-07T01:29:39.426Z,"89 km E of Sulangan, Philippines",earthquake,,,,3,reviewed,us,us
2006-07-16T21:00:12.945Z,52.2103,177.2701,14.7,2.7,ml,,,,0.4,ak,ak006925dhzi,2019-02-13T05:04:13.547Z,"286 km ESE of Attu Station, Alaska",earthquake,,1.4,,,reviewed,ak,ak
2006-07-16T20:36:02.300Z,-33.13,-70.239,115.2,3.5,m,16,200.1,,,us,usp000enra,2014-11-07T01:29:39.424Z,"42 km ENE of Chicureo Abajo, Chile",earthquake,,,,,reviewed,guc,guc
2006-07-16T20:19:39.870Z,51.1001,179.0936,9,3.1,ml,,,,0.49,ak,ak006924w72b,2019-02-13T05:04:13.160Z,"Rat Islands, Aleutian Islands, Alaska",earthquake,,0.1,,,reviewed,ak,ak
2006-07-16T20:13:37.000Z,39.726,26.023,11.7,3.2,md,6,172.5,,,us,usp000enr9,2014-11-07T01:29:39.422Z,"12 km SSW of Bozcaada, Turkey",earthquake,,,,,reviewed,isk,ath
2006-07-16T20:03:01.440Z,-3.876,141.839,35,4.4,mb,11,172.1,,0.69,us,usp000enr8,2014-11-07T01:29:39.421Z,"99 km SW of Aitape, Papua New Guinea",earthquake,,,,2,reviewed,us,us
2006-07-16T20:01:33.110Z,42.675,143.488,89.4,4.3,mb,35,126,,0.85,us,usp000enr7,2014-11-07T01:29:39.417Z,"35 km SE of Obihiro, Japan",earthquake,,,,13,reviewed,us,us
2006-07-16T19:59:16.857Z,63.5446,-150.8999,11.6,2.2,ml,,,,0.57,ak,ak006924jabp,2019-02-13T05:04:12.783Z,"40 km E of Denali National Park, Alaska",earthquake,,0.1,,,reviewed,ak,ak
2006-07-16T19:40:58.050Z,32.4295,-115.1448333,5.991,2.49,ml,12,214,,0.46,ci,ci14240616,2016-03-09T14:01:23.008Z,"9km NNE of Delta, B.C., MX",earthquake,1.67,31.61,0.171,32,reviewed,ci,ci
2006-07-16T19:21:51.380Z,47.213,152.53,103.2,4.4,mb,55,135.7,,1.08,us,usp000enr6,2014-11-07T01:29:39.412Z,"Kuril Islands",earthquake,,17.5,,21,reviewed,us,us
2006-07-16T19:10:23.230Z,37.0155,-112.7548333,20.34,2.26,md,7,206,0.2147,0.15,uu,uu50319235,2018-08-28T21:55:39.650Z,"11 km N of Moccasin, Arizona",earthquake,1.03,1.39,,6,reviewed,uu,uu
2006-07-16T19:08:54.030Z,34.538,33.139,2,3.1,ml,6,240.7,,,us,usp000enr5,2014-11-07T01:29:39.410Z,"18 km SSE of Limassol, Cyprus",earthquake,,,,,reviewed,nic,nic
2006-07-16T18:57:51.767Z,39.4686,-114.97,8.3,2.8,ml,5,122.42,1.293,0.081,nn,nn00185326,2018-04-24T20:33:52.833Z,"17 km WNW of McGill, Nevada",earthquake,,13.6,,,reviewed,nn,nn
2006-07-16T18:26:49.380Z,-19.891,-175.798,35,5,mb,25,137.6,,0.68,us,usp000enr4,2014-11-07T01:29:39.407Z,"151 km W of Pangai, Tonga",earthquake,,,,5,reviewed,us,us
2006-07-16T17:42:11.870Z,53.264,107.791,10,3.9,mb,11,199.6,,0.7,us,usp000enr3,2014-11-07T01:29:39.405Z,"31 km ENE of Khuzhir, Russia",earthquake,,,,3,reviewed,us,us
2006-07-16T17:00:31.060Z,19.102,-64.458,17,3,md,5,313.6,,,us,usp000enr2,2014-11-07T01:29:39.403Z,"92 km NNE of Cruz Bay, U.S. Virgin Islands",earthquake,,,,,reviewed,rspr,rspr
2006-07-16T16:28:06.100Z,-28.729,-71.26,34.2,3.6,ml,5,215.8,,,us,usp000enr1,2014-11-07T01:29:39.402Z,"51 km WSW of Vallenar, Chile",earthquake,,,,,reviewed,guc,guc
2006-07-16T16:19:13.000Z,-5.547,150.597,76.5,4.8,mwc,30,80.1,,1.08,us,usp000enr0,2016-11-10T01:25:36.778Z,"50 km E of Kimbe, Papua New Guinea",earthquake,,16.7,,,reviewed,us,hrv
2006-07-16T16:03:58.478Z,53.8163,-163.7977,25.1,2.4,ml,,,,0.46,ak,ak006922f2mf,2019-02-13T05:04:21.208Z,"118 km SSW of False Pass, Alaska",earthquake,,0.3,,,reviewed,ak,ak
2006-07-16T16:00:32.500Z,38.33,21.74,27,2.9,md,6,104.4,,,us,usp000enqz,2014-11-07T01:29:39.340Z,"2 km W of Antirrio, Greece",earthquake,,,,,reviewed,ath,ath
2006-07-16T15:18:13.670Z,13.321,144.035,141,5.1,mb,122,64.1,,0.81,us,usp000enqy,2014-11-07T01:29:39.331Z,"67 km W of Agat Village, Guam",earthquake,,6.1,,61,reviewed,us,us
2006-07-16T15:09:41.660Z,32.4281667,-115.137,5.985,2.84,ml,14,212,,0.5,ci,ci14240580,2016-03-09T02:16:11.220Z,"10km NNE of Delta, B.C., MX",earthquake,2.19,31.61,0.117,37,reviewed,ci,ci
2006-07-16T14:58:36.800Z,-28.633,-72.376,35,4.1,mb,16,113.8,,1.23,us,usp000enqw,2014-11-07T01:29:39.327Z,"158 km W of Vallenar, Chile",earthquake,,0,,1,reviewed,us,us
2006-07-16T14:37:37.280Z,32.4145,-115.1381667,6.001,3.39,ml,14,213,,0.48,ci,ci14240572,2016-03-09T09:23:12.419Z,"8km NE of Delta, B.C., MX",earthquake,1.73,31.61,0.115,140,reviewed,ci,ci
2006-07-16T14:31:21.900Z,-35.557,-71.433,109.6,3.1,m,9,288.2,,,us,usp000enqu,2014-11-07T01:29:39.322Z,"5 km ESE of San Clemente, Chile",earthquake,,,,,reviewed,guc,guc
2006-07-16T14:24:00.370Z,-19.937,-178.401,596.5,5.7,mwc,155,32.1,,1.01,us,usp000enqt,2022-05-02T18:23:43.868Z,"Fiji region",earthquake,,,,,reviewed,us,hrv
2006-07-16T13:46:38.260Z,37.887,73.223,83.2,3.8,mb,11,235.3,,1.51,us,usp000enqs,2014-11-07T01:29:39.301Z,"72 km WSW of Murghob, Tajikistan",earthquake,,32.6,,2,reviewed,us,us
2006-07-16T13:28:38.210Z,-5.485,150.634,62.8,4.8,mb,38,39.1,,1.24,us,usp000enqr,2014-11-07T01:29:39.298Z,"55 km E of Kimbe, Papua New Guinea",earthquake,,18.5,,16,reviewed,us,us
2006-07-16T13:19:11.560Z,41.486,20.887,10,2.8,md,19,70.1,,0.88,us,usp000enqq,2014-11-07T01:29:39.294Z,"3 km W of Drugovo, North Macedonia",earthquake,,0,,,reviewed,us,pdg
2006-07-16T13:11:18.980Z,-5.559,150.722,62.1,4.6,mb,28,86.7,,0.99,us,usp000enqp,2014-11-07T01:29:39.291Z,"64 km E of Kimbe, Papua New Guinea",earthquake,,16.3,,8,reviewed,us,us
2006-07-16T12:54:08.700Z,-28.555,-72.447,33,4,ml,11,167.7,,,us,usp000enqn,2014-11-07T01:29:39.289Z,"165 km W of Vallenar, Chile",earthquake,,,,,reviewed,guc,guc
2006-07-16T12:52:23.880Z,2.276,128.392,33.8,5.1,mb,70,67.6,,1.1,us,usp000enqm,2014-11-07T01:29:39.283Z,"74 km NE of Tobelo, Indonesia",earthquake,,,,30,reviewed,us,us
2006-07-16T12:32:56.460Z,35.7803333,-120.3445,9.578,2,md,16,94,0.008108,0.05,nc,nc21527570,2017-01-15T00:28:52.811Z,"14 km NNE of Shandon, California",earthquake,0.73,0.83,,1,reviewed,nc,nc
2006-07-16T12:16:01.080Z,18.232,-66.883,19,2.8,md,13,95.8,,,us,usp000enqk,2014-11-07T01:29:39.280Z,"6 km S of Lares, Puerto Rico",earthquake,,,,,reviewed,rspr,rspr
2006-07-16T12:14:07.553Z,51.1831,-178.9254,15.2,2.1,ml,,,,0.3,ak,ak0069203l5f,2019-02-13T05:04:20.054Z,"176 km WSW of Adak, Alaska",earthquake,,0.1,,,reviewed,ak,ak
2006-07-16T11:56:22.680Z,41.416,20.903,10,3.8,md,35,66.3,,1.17,us,usp000enqj,2014-11-07T01:29:39.276Z,"7 km SSW of Drugovo, North Macedonia",earthquake,,0,,,reviewed,us,ath
2006-07-16T11:48:29.590Z,32.634,142.807,81.7,4,mwr,7,211.8,,0.76,us,usp000enqh,2014-11-07T01:29:39.273Z,"Izu Islands, Japan region",earthquake,,33.8,,,reviewed,us,nied
2006-07-16T11:42:41.410Z,-28.715,-72.543,10,6.2,mwb,436,30.7,,1.01,us,usp000enqg,2022-05-02T15:33:13.098Z,"175 km W of Vallenar, Chile",earthquake,,,,,reviewed,us,us
2006-07-16T11:35:39.818Z,63.1205,-151.3242,8.9,2.2,ml,,,,0.67,ak,ak00691zmq2l,2019-02-13T05:04:19.646Z,"Central Alaska",earthquake,,0.2,,,reviewed,ak,ak
2006-07-16T11:11:32.670Z,62.7401,-143.2306,1.2,2.1,ml,,,,0.77,ak,ak00691zhkc3,2019-02-13T05:04:19.331Z,"34 km SE of Mentasta Lake, Alaska",earthquake,,0.4,,,reviewed,ak,ak
2006-07-16T10:52:03.700Z,43.091,-0.392,2,3.2,ml,31,75.4,,,us,usp000enqf,2014-11-07T01:29:39.229Z,"2 km ENE of Louvie-Juzon, France",earthquake,,,,,reviewed,ldg,ldg
2006-07-16T10:47:59.300Z,37.63,21.01,12,3.6,md,9,199.7,,,us,usp000enqe,2014-11-07T01:29:39.227Z,"18 km SE of Ambelókipoi, Greece",earthquake,,,,,reviewed,ath,ath
2006-07-16T10:42:40.570Z,19.4071667,-155.0126667,5.856,2.17,ml,18,315,,0.11,hv,hv5509080,2020-03-31T21:49:24.090Z,"12 km SW of P?hoa, Hawaii",earthquake,0.86,1.37,0.1,6,reviewed,hv,hv
2006-07-16T10:32:20.200Z,59.9522,-152.3196,82.1,2.8,ml,,,,0.42,ak,ak00691z0lt0,2019-02-13T05:04:11.489Z,"32 km W of Happy Valley, Alaska",earthquake,,0.1,,,reviewed,ak,ak
2006-07-16T10:23:27.840Z,-5.522,150.018,91.4,4.2,mb,12,208,,1.04,us,usp000enqc,2014-11-07T01:29:39.223Z,"13 km WNW of Kimbe, Papua New Guinea",earthquake,,22.4,,5,reviewed,us,us
2006-07-16T10:22:48.740Z,51.558,16.168,5,3.5,ml,33,65.9,,0.74,us,usp000enqb,2014-11-07T01:29:39.218Z,"4 km S of Gr?bocice, Poland",earthquake,,,,,reviewed,us,ldg
2006-07-16T10:19:53.870Z,48.7065,-122.1885,18.687,2.1,md,16,77,0.163,0.27,uw,uw10698913,2016-07-22T22:20:33.790Z,"1 km SE of Acme, Washington",earthquake,0.865,0.76,0.04,6,reviewed,uw,uw
2006-07-16T09:04:35.610Z,19.073,-64.707,5,3.1,md,6,298.1,,,us,usp000enqa,2014-11-07T01:29:39.217Z,"82 km N of Cruz Bay, U.S. Virgin Islands",earthquake,,,,,reviewed,rspr,rspr
2006-07-16T08:54:32.160Z,-5.344,150.351,68.2,4.3,mb,12,225.8,,1.08,us,usp000enq9,2014-11-07T01:29:39.215Z,"32 km NE of Kimbe, Papua New Guinea",earthquake,,25.9,,4,reviewed,us,us
2006-07-16T08:03:26.320Z,19.445,-66.082,15,3.5,md,18,261,,,us,usp000enq8,2014-11-07T01:29:39.212Z,"108 km N of San Juan, Puerto Rico",earthquake,,,,,reviewed,rspr,rspr
2006-07-16T08:01:39.170Z,10.582,-61.505,32,2.5,md,12,155.7,,,us,usp000enq7,2014-11-07T01:29:39.208Z,"7 km S of Laventille, Trinidad and Tobago",earthquake,,,,,reviewed,trn,trn
2006-07-16T07:14:43.600Z,-5.012,147.376,169.4,4.2,mb,13,250.9,,1.08,us,usp000enq6,2014-11-07T01:29:39.206Z,"177 km E of Madang, Papua New Guinea",earthquake,,24.3,,7,reviewed,us,us
2006-07-16T07:10:26.420Z,19.163,-66.618,25,3.3,md,14,262.8,,,us,usp000enq5,2014-11-07T01:29:39.204Z,"77 km N of Arecibo, Puerto Rico",earthquake,,,,,reviewed,rspr,rspr
2006-07-16T07:08:19.640Z,32.7081667,-116.0596667,6.6,2.56,ml,34,99,0.05984,0.28,ci,ci14240532,2016-03-09T14:01:17.803Z,"7km WSW of Ocotillo, CA",earthquake,0.53,2.04,0.151,88,reviewed,ci,ci
2006-07-16T07:00:02.690Z,38.8145,-122.803,0.766,2.1,md,38,36,0.01712,0.07,nc,nc21527555,2017-01-15T00:27:45.750Z,"6 km W of Cobb, California",earthquake,0.17,0.29,0.09,21,reviewed,nc,nc
2006-07-16T05:53:16.100Z,38.36,22.3,58,2.9,m,4,132.3,,,us,usp000enq4,2014-11-07T01:29:39.202Z,"7 km WSW of Galaxídhion, Greece",earthquake,,,,,reviewed,ath,ath
2006-07-16T05:02:12.480Z,38.3573333,-119.4195,4.17,2.3,md,42,94,0.1477,0.09,nc,nc21527545,2018-04-24T20:33:53.894Z,"18 km SSE of Walker, California",earthquake,0.29,1.95,0.22,35,reviewed,nc,nc
2006-07-16T04:42:09.660Z,-15.711,-174.791,258.2,4,mb,10,193.3,,0.23,us,usp000enq3,2014-11-07T01:29:39.201Z,"109 km WNW of Hihifo, Tonga",earthquake,,15.8,,1,reviewed,us,us
2006-07-16T04:20:55.340Z,-31.509,-178.314,80.4,4.7,mb,15,199.2,,0.84,us,usp000enq2,2014-11-07T01:29:39.199Z,"Kermadec Islands region",earthquake,,9.7,,3,reviewed,us,us
2006-07-16T04:11:30.500Z,41.28,20.62,12,3.4,md,32,75,,,us,usp000enq1,2014-11-07T01:29:39.195Z,"2 km ENE of Labunista, North Macedonia",earthquake,,,,,reviewed,ath,ath
2006-07-16T04:01:48.980Z,34.074,33.739,15,3.1,ml,4,290.9,,,us,usp000enq0,2014-11-07T01:29:39.193Z,"84 km S of Perivólia, Cyprus",earthquake,,,,,reviewed,nic,nic
2006-07-16T04:00:29.352Z,64.3294,-149.8097,16.7,2.3,ml,,,,0.66,ak,ak00691v95yv,2019-02-13T05:04:09.925Z,"30 km W of Anderson, Alaska",earthquake,,0.1,,,reviewed,ak,ak
2006-07-16T03:40:43.900Z,37.69,20.75,22,3,md,4,227.3,,,us,usp000enpz,2014-11-07T01:29:39.192Z,"7 km WSW of Lithakiá, Greece",earthquake,,,,,reviewed,ath,ath
2006-07-16T03:20:00.750Z,58.3532,-152.7769,46.3,2,ml,,,,0.43,ak,ak00691uryh7,2019-02-13T05:04:16.508Z,"33 km NNE of Aleneva, Alaska",earthquake,,0.1,,,reviewed,ak,ak
2006-07-16T02:53:41.660Z,19.3376667,-155.1108333,6.447,2.31,ml,37,141,,0.1,hv,hv5509039,2020-03-31T21:49:23.790Z,"14 km S of Fern Forest, Hawaii",earthquake,0.39,0.48,0.17,10,reviewed,hv,hv
2006-07-16T02:14:01.728Z,51.385,178.7604,39.6,2.3,ml,,,,0.29,ak,ak00691u58ng,2019-02-13T05:04:09.549Z,"Rat Islands, Aleutian Islands, Alaska",earthquake,,1,,,reviewed,ak,ak
2006-07-16T01:47:07.480Z,-17.36,-171.694,35,4.4,mb,6,148.3,,0.12,us,usp000enpy,2014-11-07T01:29:39.191Z,"272 km SE of Hihifo, Tonga",earthquake,,,,1,reviewed,us,us
2006-07-16T01:15:32.230Z,-4.635,150.133,35,3.8,mb,6,314.6,,1.01,us,usp000enpx,2014-11-07T01:29:39.189Z,"101 km N of Kimbe, Papua New Guinea",earthquake,,,,1,reviewed,us,us
2006-07-15T23:49:09.850Z,31.69,-5.943,0,4,m,18,317.2,,,us,usp000enpw,2014-11-07T01:29:39.177Z,"38 km E of Ifrane, Morocco",earthquake,,,,,reviewed,mdd,mdd
2006-07-15T23:30:21.780Z,-6.32,130.119,35,4.5,mb,32,91.9,,1.39,us,usp000enpv,2014-11-07T01:29:39.173Z,"Banda Sea",earthquake,,,,12,reviewed,us,us
2006-07-15T23:29:07.700Z,41.21,25.28,16,3.4,md,33,70.7,,,us,usp000enpu,2014-11-07T01:29:39.169Z,"12 km NE of Íasmos, Greece",earthquake,,,,,reviewed,ath,ath
2006-07-15T23:19:58.929Z,51.2082,-177.9272,29.6,2.1,ml,,,,0.34,ak,ak00690j56us,2019-02-13T05:04:03.980Z,"116 km SW of Adak, Alaska",earthquake,,0.7,,,reviewed,ak,ak
2006-07-15T22:45:04.620Z,-24.229,-176.111,35,4.6,mb,28,127.5,,1.2,us,usp000enpt,2014-11-07T01:29:39.166Z,"south of the Fiji Islands",earthquake,,,,15,reviewed,us,us
2006-07-15T22:35:26.100Z,60.1476,-153.3455,147.7,2.1,ml,,,,0.49,ak,ak00690in46a,2019-02-13T05:04:09.149Z,"54 km E of Port Alsworth, Alaska",earthquake,,2.7,,,reviewed,ak,ak
2006-07-15T22:34:58.300Z,46.295,-110.933,9.6,2.8,ml,20,59.5,,,us,usp000enps,2014-11-07T01:29:39.164Z,"28 km S of White Sulphur Springs, Montana",earthquake,,,,,reviewed,but,us
2006-07-15T22:32:25.240Z,-5.571,150.886,35,4.7,mb,35,68.1,,1.1,us,usp000enpr,2014-11-07T01:29:39.160Z,"82 km E of Kimbe, Papua New Guinea",earthquake,,,,14,reviewed,us,us
2006-07-15T22:31:16.800Z,46.286,-110.933,9.6,3,ml,20,79.6,,,us,usp000enpq,2014-11-07T01:29:39.157Z,"Western Montana",earthquake,,,,,reviewed,but,us
2006-07-15T22:12:53.810Z,42.137,20.762,8.7,2.6,md,12,158.9,,,us,usp000enpp,2014-11-07T01:29:39.155Z,"8 km SSE of Prizren, Kosovo",earthquake,,,,,reviewed,pdg,pdg
2006-07-15T22:05:55.880Z,23.178,121.593,35,3.9,mb,10,151.9,,1.03,us,usp000enpn,2014-11-07T01:29:39.153Z,"88 km S of Hualien City, Taiwan",earthquake,,,,1,reviewed,us,us
2006-07-15T22:04:41.000Z,48.542,7.922,2,2.7,ml,11,217.8,,,us,usp000enpm,2014-11-07T01:29:39.151Z,"2 km E of Willstätt, Germany",earthquake,,,,,reviewed,ldg,ldg
2006-07-15T22:00:38.111Z,59.9022,-152.9958,120.2,2.2,ml,,,,0.54,ak,ak00690ifn1f,2019-02-28T19:48:50.922Z,"63 km E of Pedro Bay, Alaska",earthquake,,1,,,reviewed,ak,ak
2006-07-15T21:55:39.700Z,-41.02,177.08,30,4.1,ml,35,241.3,,,us,usp000enpk,2014-11-07T01:29:39.148Z,"73 km E of Castlepoint, New Zealand",earthquake,,,,,reviewed,wel,wel
2006-07-15T21:53:21.130Z,32.2091667,-115.7226667,5.787,2.63,ml,15,231,0.4389,0.28,ci,ci14240468,2016-03-09T09:23:09.245Z,"43km SSW of Progreso, B.C., MX",earthquake,1.43,31.61,0.192,57,reviewed,ci,ci
2006-07-15T21:42:54.200Z,35.44,23.23,23,3.3,md,5,219.2,,,us,usp000enpj,2014-11-07T01:29:39.147Z,"38 km W of Kíssamos, Greece",earthquake,,,,,reviewed,ath,ath
2006-07-15T21:41:54.270Z,5.29,94.301,30,4.5,mb,16,183.4,,0.91,us,usp000enph,2014-11-07T01:29:39.145Z,"northern Sumatra, Indonesia",earthquake,,,,3,reviewed,us,us
2006-07-15T21:20:40.780Z,46.7003333,-122.7565,0.146,2.8,md,7,93,0.04794,0.09,uw,uw10698708,2016-07-22T22:20:31.480Z,"13 km SE of Bucoda, Washington",explosion,0.785,1.11,0.03,3,reviewed,uw,uw
2006-07-15T21:20:29.730Z,-20.822,-178.54,505.6,5.1,mwc,137,57.3,,1.07,us,usp000enpg,2016-11-10T00:20:42.196Z,"Fiji region",earthquake,,10.6,,,reviewed,us,hrv
2006-07-15T21:03:37.712Z,51.462,-174.9167,12.6,3,ml,,,,0.52,ak,ak00690huujv,2019-02-13T05:04:02.781Z,"95 km SSW of Atka, Alaska",earthquake,,1.4,,,reviewed,ak,ak
2006-07-15T20:53:02.000Z,33.2395,-116.036,3.287,2.65,ml,56,40,0.05835,0.22,ci,ci14240452,2016-03-09T03:41:04.325Z,"10km SW of Salton City, CA",earthquake,0.26,0.73,0.149,148,reviewed,ci,ci
2006-07-15T20:49:25.207Z,51.0226,-179.0733,14.6,2.3,ml,,,,0.72,ak,ak00690hj8x4,2019-02-13T05:04:02.390Z,"194 km WSW of Adak, Alaska",earthquake,,0.6,,,reviewed,ak,ak
2006-07-15T20:29:34.768Z,51.1836,-179.1531,22.8,2.6,ml,,,,0.41,ak,ak00690hezc4,2019-02-13T05:04:01.990Z,"190 km WSW of Adak, Alaska",earthquake,,0.1,,,reviewed,ak,ak
2006-07-15T20:27:40.700Z,35.93,23.95,29,3.3,md,4,204.5,,,us,usp000enpf,2014-11-07T01:29:39.130Z,"45 km N of Agía Marína, Greece",earthquake,,,,,reviewed,ath,ath
2006-07-15T20:23:25.930Z,-3.836,144.846,35,4.4,mb,8,196.8,,0.4,us,usp000enpe,2014-11-07T01:29:39.129Z,"near the north coast of New Guinea, Papua New Guinea",earthquake,,,,2,reviewed,us,us
2006-07-15T20:07:21.380Z,46.1978333,-122.1895,-1.775,2.2,md,7,126,,0.13,uw,uw10698683,2016-07-22T22:20:31.090Z,"37 km NNE of Amboy, Washington",earthquake,0.045,0.56,0.06,2,reviewed,uw,uw
2006-07-15T19:47:35.120Z,36.1498333,-120.7223333,5.957,2.01,md,50,72,0.04054,0.11,nc,nc21527428,2017-01-15T00:24:04.390Z,"21 km NE of San Ardo, California",earthquake,0.23,0.41,0.15,29,reviewed,nc,nc
2006-07-15T19:39:52.829Z,51.7035,-169.4356,23.4,3.3,ml,,,,0.48,ak,ak00690gvqaa,2019-02-13T05:04:01.609Z,"142 km SSW of Nikolski, Alaska",earthquake,,1.4,,,reviewed,ak,ak
2006-07-15T18:25:37.594Z,37.6128,-117.1406,11.2,2,ml,15,124.48,0.212,0.1276,nn,nn00185281,2018-04-24T20:33:51.184Z,"13 km SE of Goldfield, Nevada",earthquake,,2.8,,,reviewed,nn,nn
2006-07-15T18:15:58.050Z,19.086,-64.477,38.3,3.2,md,7,307.1,,,us,usp000enpc,2014-11-07T01:29:39.126Z,"89 km NNE of Cruz Bay, U.S. Virgin Islands",earthquake,,,,,reviewed,rspr,rspr
2006-07-15T18:15:23.911Z,51.2385,-177.6832,5.9,2.6,ml,,,,0.35,ak,ak00690g539j,2019-02-28T19:48:50.007Z,"101 km SW of Adak, Alaska",earthquake,,0.4,,,reviewed,ak,ak
2006-07-15T18:03:58.000Z,43.739,-105.32,0,3.2,ml,20,115.2,,1.02,rusms,rusms00004150,2022-06-09T21:12:51.751Z,"13 km E of Wright, Wyoming",explosion,,,,,reviewed,us,us
2006-07-15T17:42:13.260Z,-20.22,-173.448,7.9,4.6,mb,14,83.2,,0.84,us,usp000enpb,2014-11-07T01:29:39.124Z,"104 km ESE of Pangai, Tonga",earthquake,,42.5,,6,reviewed,us,us
2006-07-15T17:41:07.450Z,-4.344,147.749,119.9,4.5,mb,9,213.8,,0.96,us,usp000enpa,2014-11-07T01:29:39.123Z,"238 km ENE of Madang, Papua New Guinea",earthquake,,26.3,,3,reviewed,us,us
2006-07-15T17:30:40.200Z,19.041,-64.551,34.8,3.2,md,5,306.6,,,us,usp000enp9,2014-11-07T01:29:39.121Z,"82 km NNE of Cruz Bay, U.S. Virgin Islands",earthquake,,,,,reviewed,rspr,rspr
2006-07-15T17:28:28.200Z,34.57,25.33,36,3.1,md,4,255.8,,,us,usp000enp8,2014-11-07T01:29:39.120Z,"51 km SSE of Pýrgos, Greece",earthquake,,,,,reviewed,ath,ath
2006-07-15T16:53:55.710Z,33.816,-38.179,10,4.7,mwc,46,66.4,,1.14,us,usp000enp7,2016-11-10T01:25:35.784Z,"northern Mid-Atlantic Ridge",earthquake,,,,,reviewed,us,hrv
2006-07-15T16:44:51.105Z,55.1862,-161.211,83.5,2.4,ml,,,,0.15,ak,ak00690f4hx2,2019-02-13T05:04:08.127Z,"48 km WSW of Sand Point, Alaska",earthquake,,0.2,,,reviewed,ak,ak
2006-07-15T16:17:38.780Z,24.05,101.161,35.9,4.7,mb,87,60.2,,0.91,us,usp000enp6,2014-11-07T01:29:39.106Z,"25 km SSW of Jianshui, China",earthquake,,10.9,,41,reviewed,us,us
2006-07-15T16:02:15.850Z,19.154,-68.647,163,3.7,md,8,342.5,,,us,usp000enp5,2014-11-07T01:29:39.103Z,"46 km ENE of Miches, Dominican Republic",earthquake,,,,,reviewed,rspr,rspr
2006-07-15T15:55:11.015Z,51.3206,-176.8441,23.3,2.1,ml,,,,0.46,ak,ak00690elc3h,2019-02-13T05:04:00.481Z,"63 km SSW of Adak, Alaska",earthquake,,0.3,,,reviewed,ak,ak
2006-07-15T15:00:40.200Z,38.77,23.58,55,2.6,md,6,189.9,,,us,usp000enp4,2014-11-07T01:29:39.101Z,"8 km ENE of Prokópi, Greece",earthquake,,,,,reviewed,ath,ath
2006-07-15T14:58:04.600Z,35.96,23.87,24,3,md,4,198.6,,,us,usp000enp3,2014-11-07T01:29:39.077Z,"47 km N of Kolympári, Greece",earthquake,,,,,reviewed,ath,ath
2006-07-15T14:53:18.240Z,-21.107,169.873,78.6,5,mb,39,113.2,,1.1,us,usp000enp2,2014-11-07T01:29:39.054Z,"southeast of the Loyalty Islands",earthquake,,,,21,reviewed,us,us
2006-07-15T14:52:37.580Z,45.9145,-76.86,8.97,2.2,md,11,175,0.3598,0.32,ld,ld2006071501,2016-05-27T19:20:28.360Z,"12 km NW of Fort-Coulonge, Canada",earthquake,0.69,1.69,,,reviewed,ld,ld
2006-07-15T14:49:27.200Z,52.688,-169.588,3.2,3.3,ml,7,295.5,,,us,usp000enp1,2019-02-13T05:04:00.058Z,"56 km WSW of Nikolski, Alaska",earthquake,,,,,reviewed,aeic,aeic
2006-07-15T14:34:51.470Z,-5.607,150.344,57.4,4.3,mb,14,192.3,,0.89,us,usp000enp0,2014-11-07T01:29:39.036Z,"23 km ESE of Kimbe, Papua New Guinea",earthquake,,19.8,,7,reviewed,us,us
2006-07-15T14:34:27.430Z,-30.83,-71.691,65.8,4.5,mb,37,144.7,,1.09,us,usp000ennz,2014-11-07T01:29:39.031Z,"53 km WSW of Ovalle, Chile",earthquake,,,,5,reviewed,us,us
2006-07-15T13:55:53.750Z,36.9688333,-121.6075,5.181,2,md,66,27,0.02252,0.12,nc,nc21527390,2017-01-15T00:23:04.000Z,"5 km SW of Gilroy, California",earthquake,0.16,0.37,0.11,54,reviewed,nc,nc
2006-07-15T13:35:25.467Z,59.643,-152.6786,80.8,2,ml,,,,0.45,ak,ak00690da7oi,2019-02-13T05:03:59.689Z,"49 km WSW of Anchor Point, Alaska",earthquake,,0.3,,,reviewed,ak,ak
2006-07-15T13:23:16.770Z,-20.17,-177.75,489,4.3,mb,16,136.6,,0.88,us,usp000enny,2014-11-07T01:29:39.029Z,"285 km WNW of Haveluloto, Tonga",earthquake,,13.8,,6,reviewed,us,us
2006-07-15T12:22:36.600Z,35.1,22.97,16,3,md,4,253.5,,,us,usp000ennx,2014-11-07T01:29:39.028Z,"66 km WSW of Palaióchora, Greece",earthquake,,,,,reviewed,ath,ath
2006-07-15T11:54:28.070Z,3.723,93.599,32.4,5.2,mwc,112,74.5,,1.04,us,usp000ennw,2016-11-10T01:25:34.494Z,"278 km SW of Banda Aceh, Indonesia",earthquake,,,,,reviewed,us,hrv
2006-07-15T11:37:07.300Z,-33.231,-73.109,31.1,2.9,ml,8,284.1,,,us,usp000ennv,2014-11-07T01:29:39.015Z,"139 km W of Valparaíso, Chile",earthquake,,,,,reviewed,guc,guc
2006-07-15T10:47:29.900Z,37.69,20.93,20,2.9,md,4,208.8,,,us,usp000ennu,2014-11-07T01:29:39.014Z,"9 km SE of Ambelókipoi, Greece",earthquake,,,,,reviewed,ath,ath
2006-07-15T10:23:13.650Z,38.357,-122.5723333,8.732,2.01,md,42,50,0.009009,0.11,nc,nc21527382,2017-01-15T00:22:12.290Z,"4 km W of Glen Ellen, California",earthquake,0.2,0.42,0.15,29,reviewed,nc,nc
2006-07-15T10:17:37.640Z,53.147,-166.804,5.6,2.9,ml,5,231.4,,,us,usp000ennt,2019-02-13T05:03:59.040Z,"82 km SSW of Unalaska, Alaska",earthquake,,,,,reviewed,aeic,aeic
2006-07-15T10:12:32.420Z,-5.436,150.628,60.8,4.5,mb,15,134.7,,0.92,us,usp000enns,2014-11-07T01:29:39.010Z,"55 km ENE of Kimbe, Papua New Guinea",earthquake,,21.7,,4,reviewed,us,us
2006-07-15T10:04:31.000Z,-9.692,25.391,10,4.7,mb,47,117.6,,0.51,us,usp000ennr,2020-09-18T21:05:05.315Z,"74 km SW of Bukama, Democratic Republic of the Congo",earthquake,,,,19,reviewed,us,us
2006-07-15T10:03:07.680Z,-6.425,149.604,100,4.4,mb,7,213,,0.74,us,usp000ennq,2014-11-07T01:29:39.003Z,"New Britain region, Papua New Guinea",earthquake,,,,2,reviewed,us,us
2006-07-15T09:45:53.274Z,53.5458,-164.7145,32.1,2.3,ml,,,,0.31,ak,ak00690ayokf,2019-02-13T05:03:58.675Z,"95 km SE of Akutan, Alaska",earthquake,,0.9,,,reviewed,ak,ak
2006-07-15T09:44:30.210Z,-5.484,150.359,86.6,4.5,mb,15,134.6,,1.04,us,usp000ennp,2014-11-07T01:29:39.000Z,"25 km ENE of Kimbe, Papua New Guinea",earthquake,,20.5,,4,reviewed,us,us
2006-07-15T09:28:58.155Z,56.2351,-156.7278,1.1,2.5,ml,,,,0.23,ak,ak00690av1rr,2019-02-13T05:04:06.298Z,"104 km E of Chignik, Alaska",earthquake,,0.9,,,reviewed,ak,ak
2006-07-15T09:01:48.820Z,51.114,-178.982,8,2.3,ml,,,,0.5,ak,ak00690ap8pu,2019-02-13T05:03:58.315Z,"183 km WSW of Adak, Alaska",earthquake,,0.9,,,reviewed,ak,ak
2006-07-15T08:57:42.660Z,-31.025,-179.406,280,5.2,mwc,98,49.4,,0.98,us,usp000ennn,2016-11-10T01:25:33.974Z,"Kermadec Islands region",earthquake,,,,,reviewed,us,hrv
2006-07-15T08:03:32.230Z,18.948,-64.442,54,3.1,md,5,313,,,us,usp000ennm,2014-11-07T01:29:38.988Z,"Virgin Islands",earthquake,,,,,reviewed,rspr,rspr
2006-07-15T07:57:10.280Z,26.076,142.614,29.8,4,m,10,209.2,,1.06,us,usp000ennk,2014-11-07T01:29:38.986Z,"Bonin Islands, Japan region",earthquake,,41.7,,,reviewed,us,jma
2006-07-15T07:44:00.420Z,39.458,-123.1093333,3.891,2.27,md,26,56,0.1432,0.07,nc,nc21527370,2017-01-15T00:21:30.280Z,"near the coast of Northern California",earthquake,0.17,1.1,0.17,20,reviewed,nc,nc
2006-07-15T07:39:22.380Z,56.157,162.404,45.4,4.5,mb,46,106.3,,0.9,us,usp000ennj,2014-11-07T01:29:38.981Z,"9 km SSW of Ust’-Kamchatsk Staryy, Russia",earthquake,,12.8,,14,reviewed,us,us
2006-07-15T07:36:21.500Z,12.33,-69.92,25.8,4.4,mb,18,76.1,,,us,usp000ennh,2014-11-07T01:29:38.978Z,"76 km NNE of Punto Fijo, Venezuela",earthquake,,,,4,reviewed,car,us
2006-07-15T07:10:47.810Z,-4.446,126.156,364,5.8,mwb,466,39.8,,0.75,us,usp000enng,2022-05-02T15:33:11.926Z,"239 km WSW of Ambon, Indonesia",earthquake,,,,,reviewed,us,us
2006-07-15T07:05:28.030Z,37.2433333,-87.2255,14.53,2.3,md,18,123,,0.32,se,se606082,2016-04-27T13:56:15.650Z,"2 km W of Nebo, Kentucky",earthquake,1.4,1.9,0.966,3,reviewed,se,se
2006-07-15T06:42:04.330Z,51.433,16.284,5,2.8,ml,17,209.4,,0.63,us,usp000ennf,2014-11-07T01:29:38.925Z,"6 km ENE of Lubin, Poland",earthquake,,,,,reviewed,us,grf
2006-07-15T06:24:12.890Z,-6.822,129.586,127.3,4.6,mb,33,117.3,,1.25,us,usp000enne,2014-11-07T01:29:38.921Z,"Banda Sea",earthquake,,15.4,,15,reviewed,us,us
2006-07-15T06:17:54.236Z,51.0572,-179.4197,24.7,2.1,ml,,,,0.52,ak,ak0069090drz,2019-02-13T05:04:04.372Z,"213 km WSW of Adak, Alaska",earthquake,,6.2,,,reviewed,ak,ak
2006-07-15T06:00:13.510Z,19.06,-64.516,23.7,3.4,md,7,296,,,us,usp000ennd,2014-11-07T01:29:38.920Z,"85 km NNE of Cruz Bay, U.S. Virgin Islands",earthquake,,,,,reviewed,rspr,rspr
2006-07-15T05:51:17.290Z,32.4526667,-115.1348333,6.004,2.12,ml,12,209,,0.49,ci,ci14240368,2016-03-08T18:40:43.536Z,"12km NNE of Delta, B.C., MX",earthquake,3.19,31.61,0.126,23,reviewed,ci,ci
2006-07-15T05:33:22.570Z,19.069,-64.402,39.9,3.5,md,13,302.3,,,us,usp000ennc,2014-11-07T01:29:38.918Z,"91 km NNE of Cruz Bay, U.S. Virgin Islands",earthquake,,,,,reviewed,rspr,rspr
2006-07-15T05:27:36.420Z,19.084,-64.414,40.6,3.7,md,22,126.8,,,us,usp000ennb,2014-11-07T01:29:38.915Z,"92 km NNE of Cruz Bay, U.S. Virgin Islands",earthquake,,,,,reviewed,rspr,rspr
2006-07-15T05:09:08.500Z,36.9673333,-121.6071667,5.001,2.53,md,82,27,0.02162,0.12,nc,nc21527352,2017-01-15T00:20:35.430Z,"5 km SW of Gilroy, California",earthquake,0.15,0.34,0.11,90,reviewed,nc,nc
2006-07-15T04:41:14.730Z,19.4116667,-155.3281667,5.691,2.08,ml,30,77,,0.09,hv,hv5508831,2020-03-31T21:48:26.290Z,"10 km WSW of Volcano, Hawaii",earthquake,0.36,0.62,0.08,9,reviewed,hv,hv
2006-07-15T04:32:00.810Z,-5.577,150.688,73.1,4.5,mb,27,68.2,,1.07,us,usp000enna,2014-11-07T01:29:38.912Z,"61 km E of Kimbe, Papua New Guinea",earthquake,,18.4,,13,reviewed,us,us
2006-07-15T04:02:20.050Z,18.965,-64.348,52,3.4,md,16,304.5,,,us,usp000enn9,2014-11-07T01:29:38.909Z,"84 km NE of Cruz Bay, U.S. Virgin Islands",earthquake,,,,,reviewed,rspr,rspr
2006-07-15T03:30:40.240Z,-19.631,-174.419,35,4.1,mb,7,213.7,,1.39,us,usp000enn7,2014-11-07T01:29:38.906Z,"21 km NNW of Pangai, Tonga",earthquake,,,,1,reviewed,us,us
2006-07-15T03:30:38.840Z,32.428,-115.1353333,5.985,2.41,ml,11,214,,0.5,ci,ci14240352,2016-03-09T06:32:37.537Z,"10km NNE of Delta, B.C., MX",earthquake,2.6,31.61,0.157,30,reviewed,ci,ci
2006-07-15T03:18:03.320Z,-59.578,-25.95,35,4.2,mb,15,101.7,,0.93,us,usp000enn6,2014-11-07T01:29:38.904Z,"South Sandwich Islands region",earthquake,,,,6,reviewed,us,us
2006-07-15T02:54:19.426Z,52.6025,-174.1504,153.5,2.6,ml,,,,0.28,ak,ak006906ui5y,2019-02-13T05:04:04.757Z,"45 km N of Atka, Alaska",earthquake,,0.6,,,reviewed,ak,ak
2006-07-15T02:53:36.290Z,-5.187,150.522,56.4,4.4,mb,9,268.7,,0.64,us,usp000enn5,2014-11-07T01:29:38.903Z,"58 km NE of Kimbe, Papua New Guinea",earthquake,,28.9,,2,reviewed,us,us
2006-07-15T02:32:14.800Z,-27.418,-71.436,43.1,3.9,m,5,249,,,us,usp000enn4,2014-11-07T01:29:38.901Z,"109 km W of Copiapó, Chile",earthquake,,,,,reviewed,guc,guc
2006-07-15T02:28:41.900Z,32.4236667,-115.1465,5.959,2.03,ml,9,214,,0.38,ci,ci14240340,2016-03-09T00:51:38.989Z,"9km NNE of Delta, B.C., MX",earthquake,2.03,31.61,0.104,16,reviewed,ci,ci
2006-07-15T02:18:34.930Z,-5.997,129.528,155.1,4.4,mb,26,122.1,,0.92,us,usp000enn3,2014-11-07T01:29:38.898Z,"294 km SSE of Ambon, Indonesia",earthquake,,15.5,,15,reviewed,us,us
2006-07-15T02:15:12.900Z,36.21,21.91,18,3.5,ml,22,219.5,,,us,usp000enn2,2014-11-07T01:29:38.895Z,"65 km S of Koróni, Greece",earthquake,,,,,reviewed,ath,ath
2006-07-15T02:14:34.300Z,-5.112,152.148,106.2,4.3,mb,19,90.1,,0.57,us,usp000enn1,2014-11-07T01:29:38.893Z,"86 km S of Kokopo, Papua New Guinea",earthquake,,15.5,,6,reviewed,us,us
2006-07-15T02:13:32.430Z,38.8283333,-122.8686667,1.715,2.03,md,42,44,0.009009,0.08,nc,nc21527318,2017-01-15T00:19:15.720Z,"13 km W of Cobb, CA",earthquake,0.16,0.26,0.1,20,reviewed,nc,nc
2006-07-15T01:57:55.244Z,50.9567,-179.2313,6.3,3.1,ml,,,,0.5,ak,ak0069069sh0,2019-02-13T05:03:57.478Z,"207 km WSW of Adak, Alaska",earthquake,,0.5,,,reviewed,ak,ak
2006-07-15T01:44:45.470Z,36.086,71.152,35,4.1,mb,17,251,,0.9,us,usp000enn0,2014-11-07T01:29:38.891Z,"74 km SSW of Ashk?sham, Afghanistan",earthquake,,,,5,reviewed,us,us
2006-07-15T01:31:50.000Z,-32.336,-69.709,116.9,3,m,4,242.2,,,us,usp000enmz,2014-11-07T01:29:38.889Z,"100 km ENE of Los Andes, Chile",earthquake,,,,,reviewed,guc,guc
2006-07-15T01:30:10.250Z,-17.975,-178.522,566.2,4.3,mb,56,121,,0.99,us,usp000enmy,2014-11-07T01:29:38.884Z,"229 km E of Levuka, Fiji",earthquake,,10.3,,19,reviewed,us,us
2006-07-15T01:10:39.880Z,19.098,-67.276,10.9,3.1,md,12,309.5,,,us,usp000enmx,2014-11-07T01:29:38.881Z,"69 km NNW of San Antonio, Puerto Rico",earthquake,,,,,reviewed,rspr,rspr
2006-07-15T01:10:32.640Z,33.092,138.213,357,3.2,m,6,145,,,us,usp000enmw,2014-11-07T01:29:38.880Z,"167 km S of ?yama, Japan",earthquake,,,,,reviewed,jma,jma
2006-07-15T01:09:55.100Z,-28.901,-70.899,51.1,3.6,m,5,195.3,,,us,usp000enmv,2014-11-07T01:29:38.878Z,"38 km SSW of Vallenar, Chile",earthquake,,,,,reviewed,guc,guc
2006-07-15T01:00:58.160Z,19.1096667,-155.45,37.165,2.03,ml,20,270,,0.12,hv,hv5508788,2020-03-31T21:48:25.400Z,"10 km SSE of P?hala, Hawaii",earthquake,1.64,1.89,0.13,3,reviewed,hv,hv
2006-07-15T01:00:40.610Z,50.138,18.886,5,2.8,m,17,147.7,,1.4,us,usp000enmt,2014-11-07T01:29:38.874Z,"1 km WNW of Wyry, Poland",earthquake,,,,,reviewed,us,war
2006-07-15T00:56:56.610Z,81.239,-4.92,10,4.5,mb,66,86.9,,1.25,us,usp000enms,2014-11-07T01:29:38.868Z,"north of Svalbard",earthquake,,,,25,reviewed,us,us
2006-07-15T00:53:43.406Z,60.3502,-143.3547,19.9,2,ml,,,,0.32,ak,ak006905nh38,2019-02-13T05:09:07.564Z,"122 km S of McCarthy, Alaska",earthquake,,0.2,,,reviewed,ak,ak
2006-07-15T00:49:25.640Z,18.872,-64.225,58.8,3.4,md,15,320.4,,,us,usp000enmr,2014-11-07T01:29:38.866Z,"84 km NE of Cruz Bay, U.S. Virgin Islands",earthquake,,,,,reviewed,rspr,rspr
2006-07-15T00:37:29.870Z,19.056,-64.362,48.7,3.5,md,11,307,,,us,usp000enmq,2014-11-07T01:29:38.864Z,"92 km NNE of Cruz Bay, U.S. Virgin Islands",earthquake,,,,,reviewed,rspr,rspr
2006-07-15T00:36:37.000Z,39.95,20.09,12,2.9,md,8,177.4,,,us,usp000enmp,2014-11-07T01:29:38.862Z,"0 km W of Delvinë, Albania",earthquake,,,,,reviewed,ath,ath
2006-07-15T00:06:58.190Z,-5.671,151.379,35,4.3,mb,11,179.2,,1.17,us,usp000enmn,2014-11-07T01:29:38.861Z,"138 km E of Kimbe, Papua New Guinea",earthquake,,,,3,reviewed,us,us
2006-07-15T00:03:00.180Z,43.528,-104.98,0,3.4,ml,23,147.8,,1.54,rusms,rusms00004149,2022-06-09T21:12:51.739Z,"48 km ESE of Wright, Wyoming",explosion,,,,,reviewed,us,us
2006-07-14T23:42:59.600Z,-30.926,-71.18,56,2.8,m,4,208.6,,,us,usp000enmm,2014-11-07T01:29:38.859Z,"33 km SW of Monte Patria, Chile",earthquake,,,,,reviewed,guc,guc
2006-07-14T23:27:31.168Z,50.9371,-179.184,4.3,2,ml,,,,0.37,ak,ak0068yvnhy4,2019-02-13T05:03:57.186Z,"205 km WSW of Adak, Alaska",earthquake,,1.8,,,reviewed,ak,ak
2006-07-14T23:05:25.180Z,32.4375,-115.155,5.959,2.32,ml,10,213,,0.46,ci,ci14240308,2016-03-09T02:16:07.581Z,"10km NNE of Delta, B.C., MX",earthquake,2.17,31.61,0.114,29,reviewed,ci,ci
2006-07-14T22:34:57.180Z,32.4485,-115.1528333,5.959,2.17,ml,10,210,,0.38,ci,ci14240300,2016-03-09T09:23:04.293Z,"11km NNE of Delta, B.C., MX",earthquake,2.08,31.61,0.103,23,reviewed,ci,ci
2006-07-14T22:33:46.731Z,52.0011,-176.4991,80.6,2.4,ml,,,,0.3,ak,ak0068yv3du9,2019-02-13T05:03:47.596Z,"16 km NNE of Adak, Alaska",earthquake,,0.7,,,reviewed,ak,ak
2006-07-14T22:27:34.558Z,54.2228,-164.314,74.4,2.3,ml,,,,0.33,ak,ak0068yv22lr,2019-02-13T05:03:56.522Z,"91 km SW of False Pass, Alaska",earthquake,,1.6,,,reviewed,ak,ak
2006-07-14T22:22:45.960Z,-5.888,151.203,84,3.8,mb,8,252.7,,1.49,us,usp000enmk,2014-11-07T01:29:38.858Z,"123 km ESE of Kimbe, Papua New Guinea",earthquake,,37.4,,2,reviewed,us,us
2006-07-14T21:56:43.670Z,51.5129,176.8449,18.4,3.1,ml,,,,0.57,ak,ak0068yumvgv,2019-02-13T05:03:47.194Z,"290 km ESE of Attu Station, Alaska",earthquake,,7.9,,,reviewed,ak,ak
2006-07-14T21:46:14.190Z,46.7065,-122.7458333,1.756,2.8,md,5,197,0.04699,0.17,uw,uw10698268,2016-07-22T22:20:26.940Z,"13 km SE of Bucoda, Washington",explosion,1.947,1.45,0.02,2,reviewed,uw,uw
2006-07-14T21:30:45.910Z,-3.45,103.846,353.2,3.9,mb,15,142.9,,0.44,us,usp000enmj,2014-11-07T01:29:38.856Z,"42 km W of Prabumulih, Indonesia",earthquake,,14.4,,6,reviewed,us,us
2006-07-14T21:27:15.580Z,46.2133333,-122.2021667,-1.554,2.5,md,10,78,,0.38,uw,uw10698233,2016-07-22T22:20:26.510Z,"38 km NNE of Amboy, Washington",earthquake,,,0.05,3,reviewed,uw,uw
2006-07-14T21:19:25.110Z,18.867,-67.795,12.8,2.9,md,11,324.9,,,us,usp000enmh,2014-11-07T01:29:38.854Z,"71 km ENE of Punta Cana, Dominican Republic",earthquake,,,,,reviewed,rspr,rspr
2006-07-14T20:45:29.270Z,19.089,-67.944,15,3.6,md,15,320.5,,,us,usp000enmg,2014-11-07T01:29:38.852Z,"Mona Passage",earthquake,,,,,reviewed,rspr,rspr
2006-07-14T20:35:07.850Z,51.092,-179.406,16.5,3.4,ml,10,218.3,,,us,usp000enmf,2019-02-13T05:03:46.764Z,"211 km WSW of Adak, Alaska",earthquake,,,,,reviewed,aeic,aeic
2006-07-14T20:04:08.160Z,-5.48,150.736,50.7,4.3,mb,10,234.9,,1.11,us,usp000enme,2014-11-07T01:29:38.848Z,"New Britain region, Papua New Guinea",earthquake,,28.2,,2,reviewed,us,us
2006-07-14T20:02:03.050Z,5.764,126.145,71.1,4.2,mb,7,186.1,,1.09,us,usp000enmd,2014-11-07T01:29:38.847Z,"57 km ESE of Mangili, Philippines",earthquake,,17.7,,1,reviewed,us,us
2006-07-14T19:30:34.070Z,32.4308333,-115.1361667,5.991,2.52,ml,14,214,,0.48,ci,ci14240280,2016-03-09T12:13:04.260Z,"10km NNE of Delta, B.C., MX",earthquake,2.5,31.61,0.121,32,reviewed,ci,ci
2006-07-14T19:16:09.510Z,-5.431,149.781,61.6,4.1,mb,9,142.7,,0.52,us,usp000enmb,2014-11-07T01:29:38.844Z,"41 km WNW of Kimbe, Papua New Guinea",earthquake,,22.6,,2,reviewed,us,us
2006-07-14T19:14:29.140Z,19.692,-68.074,8.8,3.1,md,7,332,,,us,usp000enma,2014-11-07T01:29:38.843Z,"127 km NNE of Punta Cana, Dominican Republic",earthquake,,,,,reviewed,rspr,rspr
2006-07-14T19:07:44.120Z,12.676,143.419,163.9,4.2,mb,11,137.4,,0.18,us,usp000enm9,2014-11-07T01:29:38.841Z,"Guam region",earthquake,,29.2,,1,reviewed,us,us
2006-07-14T19:00:10.020Z,38.102,145.096,10,4.4,m,6,151.1,,0.3,us,usp000enm8,2014-11-07T01:29:38.839Z,"off the east coast of Honshu, Japan",earthquake,,,,,reviewed,us,jma
2006-07-14T18:59:48.240Z,36.8966667,-121.616,-0.137,2.26,md,18,59,0.02252,0.17,nc,nc21527262,2017-01-15T00:17:16.679Z,"2 km ENE of Aromas, California",quarry blast,0.29,0.79,0.3,15,reviewed,nc,nc
2006-07-14T18:45:16.051Z,51.9969,177.0124,6.8,2.8,ml,,,,0.67,ak,ak0068yss5n9,2019-02-13T05:03:55.437Z,"276 km ESE of Attu Station, Alaska",earthquake,,7.2,,,reviewed,ak,ak
2006-07-14T18:43:39.752Z,59.9516,-149.0774,9.7,2.1,ml,,,,0.96,ak,ak0068ysrs1j,2019-02-13T05:03:46.363Z,"24 km ESE of Lowell Point, Alaska",earthquake,,0.4,,,reviewed,ak,ak
2006-07-14T18:21:46.500Z,50.9824,-179.0598,24.5,2.1,ml,,,,0.66,ak,ak0068ysn2t6,2019-02-13T05:03:55.076Z,"195 km WSW of Adak, Alaska",earthquake,,5,,,reviewed,ak,ak
2006-07-14T18:06:03.180Z,43.678,-105.168,0,3.4,ml,29,123.8,,1.04,rusms,rusms00004148,2022-06-09T21:12:51.725Z,"27 km ESE of Wright, Wyoming",explosion,,,,,reviewed,us,us
2006-07-14T18:02:50.450Z,19.031,-64.463,35.4,3.2,md,6,307.7,,,us,usp000enm7,2014-11-07T01:29:38.837Z,"84 km NNE of Cruz Bay, U.S. Virgin Islands",earthquake,,,,,reviewed,rspr,rspr
2006-07-14T17:38:53.640Z,33.0335,-116.0078333,3.724,2.16,ml,33,69,0.1498,0.25,ci,ci14240260,2016-03-09T14:01:10.326Z,"17km SE of Ocotillo Wells, CA",earthquake,0.31,0.83,0.161,76,reviewed,ci,ci
2006-07-14T17:08:34.710Z,42.4233333,-111.4995,9.21,2.83,ml,11,116,0.3715,0.1,uu,uu50319135,2018-08-28T21:55:27.050Z,"12 km WSW of Georgetown, Idaho",earthquake,0.46,1.74,,3,reviewed,uu,uu
2006-07-14T17:06:01.140Z,42.4235,-111.5245,6.42,3.97,ml,28,79,0.3615,0.31,uu,uu50319130,2019-06-28T18:48:18.627Z,"14 km WSW of Georgetown, Idaho",earthquake,0.73,0.99,,19,reviewed,uu,uu
2006-07-14T17:05:48.170Z,-36.683,50.438,10,4.5,mb,32,81.6,,0.93,us,usp000enm4,2014-11-07T01:29:38.823Z,"Southwest Indian Ridge",earthquake,,,,14,reviewed,us,us
2006-07-14T16:45:34.940Z,-10.938,164.3,48.3,4.2,mb,14,205.5,,1.31,us,usp000enm3,2014-11-07T01:29:38.821Z,"165 km W of Lata, Solomon Islands",earthquake,,17.1,,6,reviewed,us,us
2006-07-14T16:39:11.260Z,51.412,15.98,5,2.8,ml,16,230,,0.84,us,usp000enm2,2014-11-07T01:29:38.818Z,"5 km E of Chocianów, Poland",earthquake,,,,,reviewed,us,grf
2006-07-14T16:35:42.770Z,48.19,147.332,447.7,4,mb,20,141,,0.66,us,usp000enm1,2014-11-07T01:29:38.816Z,"Sea of Okhotsk",earthquake,,7.6,,5,reviewed,us,us
2006-07-14T16:13:18.200Z,36.94,21.51,40,3.5,md,7,211.9,,,us,usp000enm0,2014-11-07T01:29:38.815Z,"16 km W of Pýlos, Greece",earthquake,,,,,reviewed,ath,ath
2006-07-14T15:58:10.400Z,33.2421667,-116.0406667,3.377,2.56,ml,44,39,0.0595,0.23,ci,ci14240236,2016-03-08T23:27:05.258Z,"10km SW of Salton City, CA",earthquake,0.29,0.88,0.138,119,reviewed,ci,ci
2006-07-14T15:56:16.660Z,51.533,16.114,5,4.4,mb,102,21.2,,1.07,us,usp000enky,2014-11-07T01:29:38.801Z,"4 km NE of Polkowice, Poland",earthquake,,,,8,reviewed,us,us
2006-07-14T15:49:20.670Z,33.2426667,-116.035,2.817,2.32,ml,46,39,0.05558,0.24,ci,ci14240232,2016-03-09T05:06:16.283Z,"10km SW of Salton City, CA",earthquake,0.29,0.85,0.136,89,reviewed,ci,ci
2006-07-14T15:09:33.880Z,-5.957,107.297,256,4.1,mb,10,146,,0.75,us,usp000enkw,2014-11-07T01:29:38.797Z,"22 km N of Rengasdengklok, Indonesia",earthquake,,24.2,,1,reviewed,us,us
2006-07-14T14:25:06.980Z,34.493,138.949,197.5,4.2,mb,22,173.5,,0.75,us,usp000enkv,2014-11-07T01:29:38.795Z,"20 km S of Shimoda, Japan",earthquake,,6.3,,6,reviewed,us,us
2006-07-14T14:17:31.777Z,60.2618,-152.8821,125.5,2.4,ml,,,,0.8,ak,ak0068yq8ge1,2019-02-13T05:03:45.247Z,"71 km WNW of Ninilchik, Alaska",earthquake,,0.9,,,reviewed,ak,ak
2006-07-14T13:51:39.900Z,41.18,23.37,12,3.2,md,13,60.5,,,us,usp000enku,2014-11-07T01:29:38.793Z,"2 km W of Vamvakófyto, Greece",earthquake,,,,,reviewed,sof,ath
2006-07-14T13:44:25.260Z,32.427,-115.134,5.991,2.95,ml,14,212,,0.46,ci,ci14240216,2016-03-09T02:16:06.305Z,"10km NE of Delta, B.C., MX",earthquake,1.83,31.61,0.144,38,reviewed,ci,ci
2006-07-14T13:29:19.300Z,40.3,25.26,25,3.2,md,13,98.3,,,us,usp000enks,2014-11-07T01:29:38.789Z,"26 km SW of Kamariótissa, Greece",earthquake,,,,,reviewed,ath,ath
2006-07-14T13:12:05.750Z,-5.788,150.522,79.6,4.3,mb,12,208.3,,1.41,us,usp000enkr,2014-11-07T01:29:38.787Z,"50 km ESE of Kimbe, Papua New Guinea",earthquake,,30.9,,3,reviewed,us,us
2006-07-14T13:04:26.540Z,-5.53,150.535,77.6,4.3,mb,11,226.6,,1.03,us,usp000enkq,2014-11-07T01:29:38.786Z,"44 km E of Kimbe, Papua New Guinea",earthquake,,24.7,,3,reviewed,us,us
2006-07-14T12:59:29.724Z,51.9529,177.0774,13.2,2.9,ml,,,,0.61,ak,ak0068ypal3g,2019-02-13T05:03:53.634Z,"282 km ESE of Attu Station, Alaska",earthquake,,5.3,,,reviewed,ak,ak
2006-07-14T12:50:16.186Z,63.5106,-147.9333,4.3,2.8,ml,,,,0.84,ak,ak0068yp8mlu,2019-02-13T05:03:44.769Z,"52 km ENE of Cantwell, Alaska",earthquake,,0.1,,,reviewed,ak,ak
2006-07-14T12:45:15.913Z,56.8425,-154.2198,33,2.2,ml,,,,0.66,ak,ak0068yp7k07,2019-02-13T05:03:53.252Z,"11 km SSW of Akhiok, Alaska",earthquake,,13.2,,,reviewed,ak,ak
2006-07-14T12:41:34.970Z,-1.749,99.917,43.3,4.3,mb,11,206.1,,0.41,us,usp000enkn,2014-11-07T01:29:38.781Z,"100 km SSW of Padang, Indonesia",earthquake,,19.9,,2,reviewed,us,us
2006-07-14T12:34:34.350Z,4.639,127.714,105.4,4.6,mb,19,167.9,,0.46,us,usp000enkm,2014-11-07T01:29:38.779Z,"255 km SE of Pondaguitan, Philippines",earthquake,,11.1,,7,reviewed,us,us
2006-07-14T12:30:00.100Z,49.613,6.735,7,3.2,ml,38,128.1,,,us,usp000enkk,2014-11-07T01:29:38.772Z,"4 km ENE of Zerf, Germany",earthquake,,,,,reviewed,ldg,ldg
2006-07-14T12:23:48.500Z,41.4,22.68,5,3.2,md,16,128.1,,,us,usp000enkj,2014-11-07T01:29:38.770Z,"1 km ESE of Kuklis, North Macedonia",earthquake,,,,,reviewed,sof,ath
2006-07-14T12:22:57.800Z,41.34,22.61,10,3,md,17,127.3,,,us,usp000enkh,2014-11-07T01:29:38.767Z,"4 km ENE of Valandovo, North Macedonia",earthquake,,,,,reviewed,sof,ath
2006-07-14T11:23:13.578Z,51.1147,-179.1565,7.1,2.4,ml,,,,0.77,ak,ak0068yohegt,2019-02-13T05:03:44.036Z,"194 km WSW of Adak, Alaska",earthquake,,1.6,,,reviewed,ak,ak
2006-07-14T11:18:40.540Z,-9.585,116.235,35,4,mb,15,137,,0.83,us,usp000enkg,2014-11-07T01:29:38.765Z,"96 km S of Lembar, Indonesia",earthquake,,0,,1,reviewed,us,us
2006-07-14T11:17:17.710Z,36.0746667,-117.902,3.401,3.03,ml,31,55,0.0575,0.22,ci,ci14240188,2016-03-09T07:59:53.359Z,"5km NE of Coso Junction, CA",earthquake,0.35,0.64,0.162,121,reviewed,ci,ci
2006-07-14T11:09:16.490Z,32.444,-115.1491667,6.009,2.13,ml,13,211,,0.47,ci,ci14240184,2016-03-09T06:32:35.035Z,"11km NNE of Delta, B.C., MX",earthquake,2.23,31.61,0.119,22,reviewed,ci,ci
2006-07-14T11:06:07.310Z,46.891,22.328,0,3,ml,4,227.3,,,us,usp000enke,2014-11-07T01:29:38.761Z,"5 km NNE of Dobre?ti, Romania",earthquake,,,,,reviewed,buc,buc
2006-07-14T10:57:21.220Z,32.4333333,-115.1421667,6.009,2.68,ml,15,213,,0.46,ci,ci14240176,2016-03-09T00:51:34.139Z,"10km NNE of Delta, B.C., MX",earthquake,2.1,31.61,0.183,31,reviewed,ci,ci
2006-07-14T10:44:45.800Z,37.03,21.24,29,3.5,md,7,219.1,,,us,usp000enkd,2014-11-07T01:29:38.760Z,"33 km WSW of Filiatrá, Greece",earthquake,,,,,reviewed,ath,ath
2006-07-14T10:42:11.850Z,-21.937,-179.486,547.6,4.7,mb,23,127.7,,0.91,us,usp000enkc,2014-11-07T01:29:38.748Z,"Fiji region",earthquake,,16.4,,5,reviewed,us,us
2006-07-14T10:22:31.992Z,53.643,-164.2097,59.6,2,ml,,,,0.31,ak,ak0068ynvskf,2019-02-13T05:03:52.495Z,"116 km ESE of Akutan, Alaska",earthquake,,2.9,,,reviewed,ak,ak
2006-07-14T10:09:17.480Z,1.569,127.454,119.4,3.9,mb,13,144.5,,0.5,us,usp000enkb,2014-11-07T01:29:38.746Z,"64 km WSW of Tobelo, Indonesia",earthquake,,55.9,,3,reviewed,us,us
2006-07-14T10:08:28.700Z,-37.38,177.18,166,4,mb,39,163.9,,,us,usp000enka,2014-11-07T01:29:38.742Z,"66 km NNE of Whakatane, New Zealand",earthquake,,,,1,reviewed,wel,us
2006-07-14T09:57:14.600Z,37.27,22.3,42,3.9,m,70,104.4,,,us,usp000enk9,2014-11-07T01:29:38.733Z,"17 km W of Karyés, Greece",earthquake,,,,,reviewed,ath,ath
2006-07-14T09:53:32.200Z,13.264,145.158,76.1,4.5,mb,13,152.5,,0.77,us,usp000enk8,2014-11-07T01:29:38.731Z,"41 km SE of Yigo Village, Guam",earthquake,,8.7,,1,reviewed,us,us
2006-07-14T09:51:48.330Z,32.4068333,-115.1448333,5.959,2.21,ml,9,218,,0.38,ci,ci14240164,2016-03-09T10:45:55.911Z,"7km NE of Delta, B.C., MX",earthquake,2.42,31.61,0.098,22,reviewed,ci,ci
2006-07-14T09:45:48.900Z,32.4333333,-115.1475,6.985,2.07,ml,11,213,,0.45,ci,ci14240160,2016-03-09T03:40:54.987Z,"10km NNE of Delta, B.C., MX",earthquake,2.39,37.77,0.133,18,reviewed,ci,ci
2006-07-14T09:34:48.830Z,46.8763333,-68.6856667,13.81,3.86,md,32,149,,0.59,ld,ld2006071400,2021-05-13T21:57:00.518Z,"13 km SW of Winterville, Maine",earthquake,1.24,1.43,,,reviewed,ld,ld
2006-07-14T09:29:46.420Z,32.4465,-115.145,6.004,2.08,ml,12,208,,0.49,ci,ci14240156,2016-03-09T14:01:08.145Z,"11km NNE of Delta, B.C., MX",earthquake,2.31,31.61,0.136,20,reviewed,ci,ci
2006-07-14T09:29:03.030Z,44.2986667,-110.4805,10.33,2.24,ml,16,164,0.04855,0.13,uu,uu50319100,2018-08-28T21:55:22.240Z,"63 km SE of West Yellowstone, Montana",earthquake,0.44,0.57,,3,reviewed,uu,uu
2006-07-14T09:17:54.090Z,5.849,126.142,52.6,4.1,mb,11,178.2,,0.89,us,usp000enk6,2014-11-07T01:29:38.725Z,"53 km ESE of Mangili, Philippines",earthquake,,17.8,,2,reviewed,us,us
2006-07-14T09:04:20.810Z,32.4401667,-115.1445,5.998,2.18,ml,14,211,,0.43,ci,ci14240148,2016-03-09T14:01:06.473Z,"10km NNE of Delta, B.C., MX",earthquake,2.2,31.61,0.135,22,reviewed,ci,ci
2006-07-14T08:52:40.080Z,-11.159,164.554,34.9,4.4,mb,11,120.7,,1.09,us,usp000enk5,2014-11-07T01:29:38.724Z,"144 km WSW of Lata, Solomon Islands",earthquake,,35.6,,2,reviewed,us,us
2006-07-14T08:50:32.560Z,32.4061667,-115.134,5.985,3.43,ml,18,215,,0.52,ci,ci14240140,2016-03-09T00:51:32.761Z,"8km NE of Delta, B.C., MX",earthquake,2.16,31.61,0.115,132,reviewed,ci,ci
2006-07-14T08:29:17.108Z,52.157,-169.7614,21.6,2.3,ml,,,,0.61,ak,ak0068ymqe7y,2019-02-13T05:03:52.121Z,"106 km SW of Nikolski, Alaska",earthquake,,502.4,,,reviewed,ak,ak
2006-07-14T08:18:30.770Z,32.4395,-115.1401667,6.009,2.68,ml,17,210,,0.48,ci,ci14240136,2016-03-09T10:45:53.098Z,"11km NNE of Delta, B.C., MX",earthquake,2,31.61,0.19,37,reviewed,ci,ci
2006-07-14T07:51:21.070Z,0.213,-16.947,10,4.7,mb,15,122.9,,0.79,us,usp000enk3,2014-11-07T01:29:38.718Z,"north of Ascension Island",earthquake,,0,,2,reviewed,us,us
2006-07-14T07:22:50.000Z,47.039,153.988,41,4.5,mb,27,136.3,,0.83,us,usp000enk2,2014-11-07T01:29:38.713Z,"Kuril Islands",earthquake,,,,9,reviewed,us,us
2006-07-14T07:13:20.560Z,-2.938,127.898,148,4.5,mb,7,173.4,,1.18,us,usp000enk1,2014-11-07T01:29:38.711Z,"89 km NNW of Ambon, Indonesia",earthquake,,64.9,,1,reviewed,us,us
2006-07-14T06:53:57.940Z,35.9285,-120.4745,9.864,2.23,md,57,42,0.02072,0.06,nc,nc21527188,2017-01-15T00:14:22.500Z,"4 km NW of Parkfield, California",earthquake,0.15,0.21,0.12,59,reviewed,nc,nc
2006-07-14T06:53:44.580Z,-24.246,-66.892,163.4,4.5,mb,44,58.7,,0.97,us,usp000enk0,2014-11-07T01:29:38.707Z,"58 km W of San Antonio de los Cobres, Argentina",earthquake,,5.2,,15,reviewed,us,us
2006-07-14T06:52:24.820Z,47.14,154.236,40,4.9,mb,161,136.9,,0.88,us,usp000enjz,2014-11-07T01:29:38.692Z,"Kuril Islands",earthquake,,,,84,reviewed,us,us
2006-07-14T06:36:52.700Z,44.389,9.951,16.8,3.2,ml,58,52.2,,,us,usp000enjy,2014-11-07T01:29:38.686Z,"5 km ENE of Pontremoli, Italy",earthquake,,,,,reviewed,rom,str
2006-07-14T05:53:41.010Z,49.878,18.462,5,2.5,m,13,135.1,,1.53,us,usp000enjx,2014-11-07T01:29:38.682Z,"1 km S of D?tmarovice, Czechia",earthquake,,,,,reviewed,us,war
2006-07-14T05:15:30.400Z,-27.271,-71.294,25.2,3.7,ml,5,253,,,us,usp000enjw,2014-11-07T01:29:38.680Z,"95 km W of Copiapó, Chile",earthquake,,,,,reviewed,guc,guc
2006-07-14T05:05:41.690Z,52.302,-169.339,13.8,4.2,mb,52,138.3,,,us,usp000enjv,2019-02-13T05:03:43.282Z,"77 km SSW of Nikolski, Alaska",earthquake,,,,21,reviewed,aeic,us
2006-07-14T04:58:07.220Z,-19.732,-173.873,18.5,4.7,mb,15,136.3,,1.03,us,usp000enju,2014-11-07T01:29:38.673Z,"51 km E of Pangai, Tonga",earthquake,,36.9,,2,reviewed,us,us
2006-07-14T04:56:51.580Z,-6.019,128.148,400.3,4.3,mb,13,165.4,,0.38,us,usp000enjt,2014-11-07T01:29:38.671Z,"256 km S of Ambon, Indonesia",earthquake,,18.1,,5,reviewed,us,us
2006-07-14T04:07:10.520Z,53.576,-164.958,15.6,2.8,ml,5,222.5,,,us,usp000enjs,2019-02-13T05:03:42.504Z,"82 km SE of Akutan, Alaska",earthquake,,,,,reviewed,aeic,aeic
2006-07-14T04:05:44.745Z,60.6302,-149.4782,42.2,2.9,ml,,,,0.78,ak,ak0068yk7kqy,2019-02-13T05:03:42.041Z,"16 km NNW of Moose Pass, Alaska",earthquake,,0.1,,,reviewed,ak,ak
2006-07-14T03:48:51.490Z,-5.519,150.624,70.2,4.2,mb,17,97.1,,0.76,us,usp000enjq,2014-11-07T01:29:38.666Z,"54 km E of Kimbe, Papua New Guinea",earthquake,,19.6,,6,reviewed,us,us
2006-07-14T03:44:03.200Z,49.36,6.87,1,2.7,ml,26,76.5,,,us,usp000enjp,2014-11-07T01:29:38.661Z,"4 km E of Saarwellingen, Germany",earthquake,,,,,reviewed,str,ldg
2006-07-14T03:43:47.750Z,-5.886,151.354,62.6,4.3,mb,12,151.3,,1.02,us,usp000enjn,2014-11-07T01:29:38.660Z,"139 km ESE of Kimbe, Papua New Guinea",earthquake,,28.7,,2,reviewed,us,us
2006-07-14T03:38:35.330Z,-5.497,150.941,50.7,5,mwc,32,60.8,,1.07,us,usp000enjm,2016-11-10T01:25:32.929Z,"89 km E of Kimbe, Papua New Guinea",earthquake,,17.4,,,reviewed,us,hrv
2006-07-14T03:34:41.590Z,12.827,-87.935,114.1,4,mb,21,156.7,,0.73,us,usp000enjk,2014-11-07T01:29:38.653Z,"42 km SSE of Intipucá, El Salvador",earthquake,,15.8,,13,reviewed,us,us
2006-07-14T03:26:07.600Z,-9.256,158.207,41.5,4.5,mb,15,78.6,,1.05,us,usp000enjj,2014-11-07T01:29:38.651Z,"172 km WNW of Malango, Solomon Islands",earthquake,,23.7,,5,reviewed,us,us
2006-07-14T03:14:05.208Z,61.3895,-152.3897,137.6,2.4,ml,,,,0.52,ak,ak0068yjnzjc,2019-02-13T05:03:41.273Z,"75 km WNW of Beluga, Alaska",earthquake,,0.4,,,reviewed,ak,ak
2006-07-14T02:47:38.830Z,37.372,-121.5711667,6.399,2.17,md,78,80,0.03784,0.11,nc,nc30230723,2017-01-15T00:13:07.730Z,"21 km E of East Foothills, California",earthquake,0.13,0.3,0.11,67,reviewed,nc,nc
2006-07-14T02:46:22.400Z,39.61,20.73,41,3.2,md,4,145,,,us,usp000enjh,2014-11-07T01:29:38.650Z,"9 km SW of Stavráki, Greece",earthquake,,,,,reviewed,ath,ath
2006-07-14T02:03:15.226Z,51.8769,-172.7316,49.3,3.1,ml,,,,0.94,ak,ak0068yj07tu,2019-02-13T05:03:40.966Z,"106 km ESE of Atka, Alaska",earthquake,,3.4,,,reviewed,ak,ak
2006-07-14T01:48:26.950Z,-3.765,133.637,35,4.1,mb,15,166.6,,0.89,us,usp000enjg,2014-11-07T01:29:38.648Z,"211 km WSW of Nabire, Indonesia",earthquake,,,,5,reviewed,us,us
2006-07-14T01:41:14.490Z,54.268,161.178,35,4,mb,19,122.9,,0.91,us,usp000enjf,2014-11-07T01:29:38.646Z,"172 km ESE of Mil’kovo, Russia",earthquake,,,,3,reviewed,us,us
2006-07-14T01:15:25.900Z,34.061,33.929,25,3.3,ml,5,297.4,,,us,usp000enje,2014-11-07T01:29:38.645Z,"90 km SSE of Perivólia, Cyprus",earthquake,,,,,reviewed,nic,nic
2006-07-14T01:14:22.560Z,-4.866,150.298,35,3.9,mb,11,221.1,,0.88,us,usp000enjd,2014-11-07T01:29:38.643Z,"77 km NNE of Kimbe, Papua New Guinea",earthquake,,,,3,reviewed,us,us
2006-07-14T01:05:36.590Z,35.9275,-120.4783333,9.554,3.16,ml,70,38,0.01802,0.08,nc,nc21527162,2017-01-15T00:12:28.480Z,"5 km NW of Parkfield, California",earthquake,0.14,0.21,,8,reviewed,nc,nc
2006-07-14T00:58:04.980Z,46.387,153.142,97.2,4.4,mb,69,162,,0.9,us,usp000enjb,2014-11-07T01:29:38.635Z,"Kuril Islands",earthquake,,11.8,,20,reviewed,us,us
2006-07-14T00:54:03.700Z,-40.94,-179.55,33,4.6,mb,94,70.6,,,us,usp000enja,2014-11-07T01:29:38.628Z,"east of the North Island of New Zealand",earthquake,,,,6,reviewed,wel,us
2006-07-14T00:40:18.280Z,52.1824,177.2428,24.9,2.8,ml,,,,0.65,ak,ak0068yi1ack,2019-02-13T05:03:48.790Z,"285 km ESE of Attu Station, Alaska",earthquake,,17.5,,,reviewed,ak,ak
2006-07-14T00:37:29.350Z,53.976,161.602,42,4.8,mb,219,85.5,,0.78,us,usp000enj9,2014-11-07T01:29:38.606Z,"209 km ESE of Mil’kovo, Russia",earthquake,,,,90,reviewed,us,us
2006-07-14T00:13:48.970Z,-31.579,-178.794,62,4.7,mb,30,135.6,,1.28,us,usp000enj8,2014-11-07T01:29:38.603Z,"Kermadec Islands region",earthquake,,13,,11,reviewed,us,us
2006-07-14T00:07:07.566Z,51.9442,177.153,6.3,2.6,ml,,,,0.94,ak,ak0068yhu6w4,2019-02-13T05:03:48.423Z,"288 km ESE of Attu Station, Alaska",earthquake,,0.3,,,reviewed,ak,ak
2006-07-13T23:50:41.451Z,51.7138,-173.2246,50.8,2.1,ml,,,,0.66,ak,ak0068x893pt,2019-02-13T05:03:40.233Z,"85 km SE of Atka, Alaska",earthquake,,7.2,,,reviewed,ak,ak
2006-07-13T23:48:52.440Z,-20.789,-174.021,35,4.2,mb,13,138.3,,0.54,us,usp000enj7,2014-11-07T01:29:38.601Z,"113 km SSE of Pangai, Tonga",earthquake,,,,1,reviewed,us,us
2006-07-13T23:30:32.072Z,51.6643,178.9142,69.2,2.2,ml,,,,0.2,ak,ak0068x84so7,2019-02-13T05:03:39.470Z,"Rat Islands, Aleutian Islands, Alaska",earthquake,,2.4,,,reviewed,ak,ak
2006-07-13T23:13:55.200Z,-32.114,-70.01,118,3.4,m,13,213.3,,,us,usp000enj6,2014-11-07T01:29:38.598Z,"97 km NE of Los Andes, Chile",earthquake,,,,,reviewed,guc,guc
2006-07-13T22:51:53.200Z,-36.343,-73.383,23.2,4,ml,10,197.8,,,us,usp000enj5,2014-11-07T01:29:38.596Z,"48 km NNW of Talcahuano, Chile",earthquake,,,,,reviewed,guc,guc
2006-07-13T22:48:13.930Z,-5.498,150.659,39.5,5.2,mwc,39,128.2,,0.97,us,usp000enj4,2022-05-02T18:35:17.959Z,"58 km E of Kimbe, Papua New Guinea",earthquake,,,,,reviewed,us,hrv
2006-07-13T22:47:37.900Z,-5.811,150.391,35,4,mb,13,147.9,,0.73,us,usp000enj3,2014-11-07T01:29:38.587Z,"40 km SE of Kimbe, Papua New Guinea",earthquake,,,,1,reviewed,us,us
2006-07-13T22:46:52.000Z,38.772,26.754,34.1,3.9,ml,58,78.7,,,us,usp000enj2,2014-11-07T01:29:38.581Z,"8 km WNW of Yenifoça, Turkey",earthquake,,,,,reviewed,isk,ath
2006-07-13T22:38:20.260Z,-5.622,150.512,79.9,4.3,mb,15,88,,0.59,us,usp000enj1,2014-11-07T01:29:38.578Z,"42 km E of Kimbe, Papua New Guinea",earthquake,,14.2,,4,reviewed,us,us
2006-07-13T22:20:37.000Z,51.5,16,1,3.1,ml,32,97.9,,,us,usp000enj0,2014-11-07T01:29:38.532Z,"5 km W of Polkowice, Poland",earthquake,,,,,reviewed,grf,grf
2006-07-13T22:18:34.235Z,59.8751,-148.9955,1.2,2.2,ml,,,,1.25,ak,ak0068x7gsn3,2019-02-13T05:03:32.722Z,"33 km SE of Lowell Point, Alaska",earthquake,,0.2,,,reviewed,ak,ak
2006-07-13T22:12:23.080Z,15.019,122.781,39.1,4.2,mb,12,165.8,,0.43,us,usp000enhz,2014-11-07T01:29:38.504Z,"55 km NE of Casuguran, Philippines",earthquake,,13.4,,2,reviewed,us,us
2006-07-13T22:11:37.130Z,-4.832,151.885,105.2,4.6,mb,12,156.9,,0.52,us,usp000enhy,2014-11-07T01:29:38.502Z,"68 km SW of Kokopo, Papua New Guinea",earthquake,,15.6,,3,reviewed,us,us
2006-07-13T21:34:51.180Z,46.7465,-122.7773333,1.621,2.8,md,8,146,0.09203,0.15,uw,uw10697833,2016-07-22T22:20:22.550Z,"9 km SE of Bucoda, Washington",explosion,1.09,1.19,0.03,4,reviewed,uw,uw
2006-07-13T21:19:11.900Z,-35.331,-70.933,107.5,3.3,m,10,250.3,,,us,usp000enhx,2014-11-07T01:29:38.500Z,"39 km SE of Molina, Chile",earthquake,,,,,reviewed,guc,guc
2006-07-13T21:05:54.639Z,60.0008,-152.8285,119.3,2.4,ml,,,,0.44,ak,ak0068x6smav,2019-02-13T05:03:31.862Z,"61 km WNW of Anchor Point, Alaska",earthquake,,1.1,,,reviewed,ak,ak
2006-07-13T20:50:36.490Z,19.626,-68.221,40.8,3.2,md,8,334,,,us,usp000enhw,2014-11-07T01:29:38.498Z,"112 km NE of Miches, Dominican Republic",earthquake,,,,,reviewed,rspr,rspr
2006-07-13T20:42:11.840Z,-16.14,-74.588,77.7,4,mb,7,173.8,,1.17,us,usp000enhv,2014-11-07T01:29:38.496Z,"45 km SSW of Atiquipa, Peru",earthquake,,21.6,,3,reviewed,us,us
2006-07-13T20:26:56.580Z,19.052,-67.476,0.1,2.6,md,7,315.9,,,us,usp000enhu,2014-11-07T01:29:38.495Z,"73 km NNW of San Antonio, Puerto Rico",earthquake,,,,,reviewed,rspr,rspr
2006-07-13T20:15:59.600Z,40.3601667,-124.9076667,0.86,2.62,md,22,277,0.4514,0.14,nc,nc21527126,2017-01-15T00:10:45.898Z,"59 km WSW of Ferndale, California",earthquake,1.05,1.89,0.02,3,reviewed,nc,nc
2006-07-13T20:11:05.800Z,34.794,-116.2916667,3.203,2.15,ml,19,64,0.05019,0.12,ci,ci14240016,2016-03-09T07:59:49.813Z,"14km NW of Ludlow, CA",earthquake,0.34,0.49,0.203,45,reviewed,ci,ci
2006-07-13T20:03:57.750Z,-17.7,-178.261,516.5,4.6,mb,74,74.2,,0.73,us,usp000enht,2014-11-07T01:29:38.489Z,"259 km E of Levuka, Fiji",earthquake,,8.2,,38,reviewed,us,us
2006-07-13T19:17:37.000Z,37.836,33.888,5,3.9,ml,15,92.5,,,us,usp000enhs,2014-11-07T01:29:38.487Z,"8 km SSE of Emirgazi, Turkey",earthquake,,,,,reviewed,isk,isk
2006-07-13T19:13:40.980Z,-60.942,-36.471,10,5.7,mwc,84,56.1,,1.04,us,usp000enhr,2022-05-02T15:33:10.592Z,"",earthquake,,,,,reviewed,us,hrv
2006-07-13T19:12:07.373Z,59.8445,-152.2922,62.8,2.1,ml,,,,0.57,ak,ak0068x5n5gh,2019-02-13T05:03:39.070Z,"Southern Alaska",earthquake,,1.6,,,reviewed,ak,ak
2006-07-13T19:05:00.299Z,50.9778,-179.013,11.8,2.4,ml,,,,0.61,ak,ak0068x5lmwd,2019-02-13T05:03:31.441Z,"193 km WSW of Adak, Alaska",earthquake,,1.3,,,reviewed,ak,ak
2006-07-13T18:56:49.127Z,50.946,-179.2598,6.6,2.2,ml,,,,0.55,ak,ak0068x5b8kw,2019-02-13T05:03:38.679Z,"209 km WSW of Adak, Alaska",earthquake,,3.4,,,reviewed,ak,ak
2006-07-13T18:52:15.127Z,58.7966,-153.8226,81.1,2.4,ml,,,,0.22,ak,ak0068x5ab3c,2019-02-13T05:03:31.025Z,"90 km SE of Kokhanok, Alaska",earthquake,,0.4,,,reviewed,ak,ak
2006-07-13T18:48:20.085Z,51.0594,-179.0075,18.4,2,ml,,,,0.53,ak,ak0068x59gm0,2019-02-13T05:03:30.653Z,"188 km WSW of Adak, Alaska",earthquake,,0.1,,,reviewed,ak,ak
2006-07-13T18:41:01.000Z,43.658,11.826,9.9,3.1,ml,53,92.9,,,us,usp000enhq,2014-11-07T01:29:38.464Z,"central Italy",earthquake,,,,,reviewed,rom,rom
2006-07-13T18:25:56.000Z,35.78,27.35,25,3.3,md,5,158.4,,,us,usp000enhp,2014-11-07T01:29:38.462Z,"32 km NNE of Karpathos, Greece",earthquake,,,,,reviewed,ath,ath
2006-07-13T18:22:49.760Z,16.444,147.012,10,4.3,mb,10,115.2,,0.81,us,usp000enhn,2014-11-07T01:29:38.461Z,"191 km NE of Saipan, Northern Mariana Islands",earthquake,,,,2,reviewed,us,us
2006-07-13T17:55:07.192Z,50.4299,179.0698,13.8,2.5,ml,,,,0.57,ak,ak0068x4pi0v,2019-02-13T05:03:38.310Z,"Rat Islands, Aleutian Islands, Alaska",earthquake,,1.5,,,reviewed,ak,ak
2006-07-13T17:42:15.260Z,37.4873333,-118.7906667,4.459,2.16,md,47,106,0.04505,0.06,nc,nc21527104,2017-01-15T00:10:05.220Z,"10 km SW of Aspen Springs, California",earthquake,0.23,0.65,0.18,40,reviewed,nc,nc
2006-07-13T17:32:09.610Z,-19.13,-177.42,573.5,4.1,mb,15,144.8,,0.97,us,usp000enhm,2014-11-07T01:29:38.459Z,"Fiji region",earthquake,,28.9,,8,reviewed,us,us
2006-07-13T17:03:26.095Z,60.9587,-150.56,46.7,3.2,ml,,,,0.65,ak,ak0068x4ee8x,2019-02-13T05:03:29.879Z,"8 km ENE of Point Possession, Alaska",earthquake,,0.1,,,reviewed,ak,ak
2006-07-13T16:58:36.620Z,51.4963,-176.0245,30.2,2,ml,,,,0.25,ak,ak0068x44ru6,2019-02-13T05:03:38.023Z,"59 km SE of Adak, Alaska",earthquake,,0.7,,,reviewed,ak,ak
2006-07-13T16:20:49.090Z,35.749,32.277,19,3.1,ml,6,300.6,,,us,usp000enhj,2014-11-07T01:29:38.455Z,"57 km S of Gazipa?a, Turkey",earthquake,,,,,reviewed,nic,nic
2006-07-13T15:50:35.301Z,53.6154,-164.8166,14,2,ml,,,,0.52,ak,ak0068x3hmei,2019-02-13T05:03:37.631Z,"85 km SE of Akutan, Alaska",earthquake,,1.7,,,reviewed,ak,ak
2006-07-13T15:46:46.170Z,51.8488,177.9415,137.2,2.9,ml,,,,0.78,ak,ak0068x3gsdl,2019-02-13T05:03:37.231Z,"Rat Islands, Aleutian Islands, Alaska",earthquake,,0.7,,,reviewed,ak,ak
2006-07-13T15:13:46.620Z,35.788,27.313,50.3,4.3,mb,195,53.2,,1.25,us,usp000enhh,2014-11-07T01:29:38.439Z,"32 km NNE of Karpathos, Greece",earthquake,,3.4,,40,reviewed,us,us
2006-07-13T15:03:23.860Z,-1.688,-81.009,48.7,5,mb,189,82,,0.77,us,usp000enhg,2014-11-07T01:29:38.425Z,"58 km N of Salinas, Ecuador",earthquake,,7,,104,reviewed,us,us
2006-07-13T14:11:03.110Z,-19.877,-177.955,375.8,4.5,mb,31,134.2,,0.81,us,usp000enhf,2014-11-07T01:29:38.422Z,"Fiji region",earthquake,,11.9,,10,reviewed,us,us
2006-07-13T14:10:40.079Z,51.769,-179.2938,97.8,2.5,ml,,,,0.3,ak,ak0068x2nmiv,2019-02-13T05:03:29.450Z,"183 km W of Adak, Alaska",earthquake,,0.4,,,reviewed,ak,ak
2006-07-13T14:03:15.647Z,51.9248,-171.6935,32.8,2.8,ml,,,,1.04,ak,ak0068x2m2mk,2019-02-13T05:03:36.853Z,"174 km E of Atka, Alaska",earthquake,,77.9,,,reviewed,ak,ak
2006-07-13T13:51:41.110Z,19.5023333,-155.4553333,4.202,2,ml,35,61,,0.11,hv,hv5508422,2020-03-31T21:48:23.340Z,"24 km WNW of Volcano, Hawaii",earthquake,0.3,0.89,0.17,6,reviewed,hv,hv
2006-07-13T13:39:27.940Z,19.188,-64.803,53.5,3.3,md,12,280.7,,,us,usp000enhe,2014-11-07T01:29:38.419Z,"Virgin Islands",earthquake,,,,,reviewed,rspr,rspr
2006-07-13T13:24:28.510Z,-0.605,132.7,30,4.1,mb,13,180.2,,0.55,us,usp000enhd,2014-11-07T01:29:38.418Z,"154 km W of Manokwari, Indonesia",earthquake,,,,4,reviewed,us,us
2006-07-13T13:21:55.640Z,29.54,130.068,35.4,4.5,mwr,36,97.1,,0.87,us,usp000enhc,2014-11-07T01:29:38.414Z,"86 km SSW of Yudomari, Japan",earthquake,,8.2,,,reviewed,us,nied
2006-07-13T13:20:36.710Z,35.835,10.514,10,4.2,m,13,224,,0.57,us,usp000enhb,2014-11-07T01:29:38.411Z,"Tunisia",earthquake,,,,,reviewed,us,mdd
2006-07-13T13:05:01.500Z,49.158,6.848,1,3.2,ml,35,55.8,,,us,usp000enha,2014-11-07T01:29:38.405Z,"1 km NNW of Cocheren, France",earthquake,,,,,reviewed,ldg,ldg
2006-07-13T12:38:10.900Z,46.1943333,-122.1883333,-1.534,2.4,md,8,103,,0.31,uw,uw10697598,2016-07-22T22:20:20.140Z,"37 km NNE of Amboy, Washington",earthquake,,,0.05,2,reviewed,uw,uw
2006-07-13T12:23:00.700Z,48.759,-4.32,13,3.1,ml,5,320.7,,,us,usp000enh9,2014-11-07T01:29:38.404Z,"12 km N of Plounéour-Trez, France",earthquake,,,,,reviewed,ldg,ldg
2006-07-13T11:23:17.312Z,52.0877,175.45,32.3,2.9,ml,,,,0.63,ak,ak0068x0y29f,2019-02-13T05:03:36.095Z,"175 km ESE of Attu Station, Alaska",earthquake,,130.8,,,reviewed,ak,ak
2006-07-13T10:41:30.446Z,52.3114,-169.1751,20.3,2.8,ml,,,,1.1,ak,ak0068x0gik4,2019-02-13T05:03:35.335Z,"72 km SSW of Nikolski, Alaska",earthquake,,10.6,,,reviewed,ak,ak
2006-07-13T10:38:42.684Z,51.1986,-179.1165,23.3,2.5,ml,,,,0.79,ak,ak0068x0fwcs,2019-02-13T05:03:29.082Z,"187 km WSW of Adak, Alaska",earthquake,,0,,,reviewed,ak,ak
2006-07-13T10:36:04.500Z,-32.611,-71.594,25,3.7,ml,14,184.2,,,us,usp000enh8,2014-11-07T01:29:38.402Z,"38 km WSW of La Ligua, Chile",earthquake,,,,,reviewed,guc,guc
2006-07-13T10:35:13.000Z,-38.88,176.22,86,3.8,ml,58,46.1,,,us,usp000enh7,2014-11-07T01:29:38.397Z,"24 km SSE of Taupo, New Zealand",earthquake,,,,,reviewed,wel,wel
2006-07-13T10:27:52.100Z,-28.382,-70.454,93.6,3.7,m,8,184.5,,,us,usp000enh6,2014-11-07T01:29:38.395Z,"36 km NE of Vallenar, Chile",earthquake,,,,,reviewed,guc,guc
2006-07-13T10:15:02.802Z,55.6227,-158.7746,44.8,2.2,ml,,,,0.28,ak,ak0068x0avt4,2019-02-13T05:03:34.951Z,"39 km SE of Perryville, Alaska",earthquake,,4.5,,,reviewed,ak,ak
2006-07-13T09:59:51.920Z,19.515,-69.159,24.9,3.9,md,17,251,,,us,usp000enh5,2014-11-07T01:29:38.393Z,"39 km NNE of Samaná, Dominican Republic",earthquake,,,,,reviewed,rspr,rspr
2006-07-13T09:56:44.590Z,-5.569,150.253,82.6,4.6,mb,17,208.2,,1.04,us,usp000enh4,2014-11-07T01:29:38.390Z,"12 km E of Kimbe, Papua New Guinea",earthquake,,20.5,,5,reviewed,us,us
2006-07-13T09:49:27.000Z,-24.132,-67.143,200,3.5,mb,8,122,,,us,usp000enh3,2014-11-07T01:29:38.389Z,"84 km W of San Antonio de los Cobres, Argentina",earthquake,,,,1,reviewed,guc,us
2006-07-13T09:44:27.737Z,66.1907,-156.8555,5.5,2.8,ml,,,,1.19,ak,ak0068wzvpw5,2019-02-13T05:03:28.733Z,"58 km NNW of Huslia, Alaska",earthquake,,3.5,,,reviewed,ak,ak
2006-07-13T09:24:10.030Z,-5.29,150.004,75.2,4.2,mb,15,224.4,,1.1,us,usp000enh1,2014-11-07T01:29:38.385Z,"32 km NNW of Kimbe, Papua New Guinea",earthquake,,22.5,,5,reviewed,us,us
2006-07-13T08:59:57.810Z,52.001,179.5552,161.2,2.3,ml,,,,0.28,ak,ak0068wzdkcl,2019-02-13T05:03:34.573Z,"262 km W of Adak, Alaska",earthquake,,3.2,,,reviewed,ak,ak
2006-07-13T08:14:34.050Z,-5.276,150.552,74,4.3,mb,14,208.5,,1.13,us,usp000enh0,2014-11-07T01:29:38.384Z,"55 km ENE of Kimbe, Papua New Guinea",earthquake,,24.6,,5,reviewed,us,us
2006-07-13T07:43:59.502Z,51.4684,-178.5259,4.8,2.7,ml,,,,0.97,ak,ak0068wyopf2,2019-02-13T05:03:28.342Z,"138 km WSW of Adak, Alaska",earthquake,,0.4,,,reviewed,ak,ak
2006-07-13T07:31:05.700Z,38.01,23.05,11,2.6,ml,7,129,,,us,usp000engz,2014-11-07T01:29:38.382Z,"Greece",earthquake,,,,,reviewed,ath,ath
2006-07-13T07:30:58.980Z,33.8101667,-117.6236667,3.043,2.03,ml,38,67,0.01918,0.17,ci,ci14239912,2016-03-08T18:40:30.531Z,"8km SW of Corona, CA",earthquake,0.25,0.44,0.169,129,reviewed,ci,ci
2006-07-13T07:20:19.978Z,59.9306,-151.6929,46.5,3,ml,,,,0.85,ak,ak0068wyjowd,2019-02-13T05:03:27.874Z,"2 km SE of Happy Valley, Alaska",earthquake,,0.1,,,reviewed,ak,ak
2006-07-13T07:03:38.900Z,-5.56,149.591,88.7,4.5,mb,10,250.7,,0.22,us,usp000engx,2014-11-07T01:29:38.378Z,"60 km W of Kimbe, Papua New Guinea",earthquake,,25.8,,3,reviewed,us,us
2006-07-13T06:49:14.960Z,51.505,16.179,5,3,ml,29,98.7,,0.63,us,usp000engw,2014-11-07T01:29:38.373Z,"5 km W of Rudna, Poland",earthquake,,,,,reviewed,us,grf
2006-07-13T06:43:57.080Z,-7.229,128.575,47.4,4,mb,11,145.9,,0.68,us,usp000engv,2014-11-07T01:29:38.371Z,"225 km NE of Lospalos, Timor Leste",earthquake,,19.5,,1,reviewed,us,us
2006-07-13T06:19:44.120Z,-5.618,150.439,67.6,4.3,mb,7,250.8,,0.46,us,usp000engu,2014-11-07T01:29:38.369Z,"34 km ESE of Kimbe, Papua New Guinea",earthquake,,23,,2,reviewed,us,us
2006-07-13T06:18:08.762Z,65.8071,-155.331,22.4,2.5,ml,,,,0.71,ak,ak0068wxxszw,2019-02-13T05:03:33.890Z,"50 km ENE of Huslia, Alaska",earthquake,,16.3,,,reviewed,ak,ak
2006-07-13T06:01:15.100Z,-24.182,-67.009,200,3.9,m,8,123.6,,,us,usp000engt,2014-11-07T01:29:38.367Z,"70 km W of San Antonio de los Cobres, Argentina",earthquake,,,,,reviewed,guc,guc
2006-07-13T05:53:31.729Z,53.3031,-168.0689,83.6,2.3,ml,,,,0.49,ak,ak0068wxjx84,2019-02-13T05:03:33.492Z,"66 km NE of Nikolski, Alaska",earthquake,,0.4,,,reviewed,ak,ak
2006-07-13T05:51:31.760Z,-15.794,-174.208,158.8,4.6,mb,132,61.3,,0.82,us,usp000engs,2014-11-07T01:29:38.351Z,"47 km WNW of Hihifo, Tonga",earthquake,,,,42,reviewed,us,us
2006-07-13T05:36:36.690Z,-8.355,30.317,29.9,5,mwc,114,69.8,,0.88,us,usp000engr,2022-05-02T15:33:04.817Z,"73 km E of Kaputa, Zambia",earthquake,,,,,reviewed,us,hrv
2006-07-13T05:16:31.990Z,13.787,144.727,126.9,4.6,mb,81,41.5,,0.9,us,usp000engq,2022-07-13T03:07:05.469Z,"32 km NNW of Dededo Village, Guam",earthquake,,,,35,reviewed,us,us
2006-07-13T05:13:55.100Z,18.102,-67.596,74.1,3.2,md,7,331.4,,,us,usp000engp,2014-11-07T01:29:38.331Z,"43 km W of Puerto Real, Puerto Rico",earthquake,,,,,reviewed,rspr,rspr
2006-07-13T05:12:41.840Z,19.251,-64.85,43.3,3.3,md,12,281,,,us,usp000engn,2014-11-07T01:29:38.329Z,"100 km N of Charlotte Amalie, U.S. Virgin Islands",earthquake,,,,,reviewed,rspr,rspr
2006-07-13T05:12:14.300Z,-16.004,168.019,193.7,5.1,mwc,41,63.3,,0.87,us,usp000engm,2016-11-10T01:25:31.416Z,"65 km E of Lakatoro, Vanuatu",earthquake,,,,,reviewed,us,hrv
2006-07-13T04:55:03.800Z,-35.045,-70.547,34.9,3.1,ml,15,220.2,,,us,usp000engk,2014-11-07T01:29:38.311Z,"58 km SE of Chimbarongo, Chile",earthquake,,,,,reviewed,guc,guc
2006-07-13T04:42:47.000Z,-37.925,145.554,11,2.6,ml,4,215.9,,,us,usp000engj,2014-11-07T01:29:38.309Z,"3 km N of Gembrook, Australia",earthquake,,,,,reviewed,aust,aust
2006-07-13T04:14:04.450Z,54.078,163.675,33.6,4.3,mb,25,134.3,,0.67,us,usp000engh,2014-11-07T01:29:38.307Z,"251 km SSE of Ust’-Kamchatsk Staryy, Russia",earthquake,,,,10,reviewed,us,us
2006-07-13T03:31:33.370Z,18.011,-67.498,5,2.9,md,12,334,,,us,usp000engg,2014-11-07T01:29:38.305Z,"33 km W of Pole Ojea, Puerto Rico",earthquake,,,,,reviewed,rspr,rspr
2006-07-13T03:04:01.940Z,5.133,94.584,30,4.5,mb,33,183.3,,0.86,us,usp000engf,2014-11-07T01:29:38.301Z,"94 km WSW of Banda Aceh, Indonesia",earthquake,,,,12,reviewed,us,us
2006-07-13T03:04:01.880Z,19.072,-66.822,9.2,3.4,md,16,267.7,,,us,usp000enge,2014-11-07T01:29:38.299Z,"64 km N of Hatillo, Puerto Rico",earthquake,,,,,reviewed,rspr,rspr
2006-07-13T02:26:33.450Z,25.005,140.861,217.5,4,mb,41,103,,0.68,us,usp000engd,2014-11-07T01:29:38.295Z,"Volcano Islands, Japan region",earthquake,,11.5,,19,reviewed,us,us
2006-07-13T02:19:37.900Z,-27.169,-70.416,54.4,3.5,m,4,176.1,,,us,usp000engc,2014-11-07T01:29:38.293Z,"23 km NNW of Copiapó, Chile",earthquake,,,,,reviewed,guc,guc
2006-07-13T02:15:07.900Z,-32.487,-71.724,11.7,3.1,ml,12,212.7,,,us,usp000engb,2014-11-07T01:29:38.291Z,"46 km W of La Ligua, Chile",earthquake,,,,,reviewed,guc,guc
2006-07-13T02:10:06.920Z,-6.031,147.81,59.5,3.9,mb,9,220.3,,0.61,us,usp000enga,2014-11-07T01:29:38.290Z,"58 km N of Finschhafen, Papua New Guinea",earthquake,,24.7,,1,reviewed,us,us
2006-07-13T02:06:29.400Z,39.181,8.912,10,2.8,ml,13,252.9,,,us,usp000eng9,2014-11-07T01:29:38.287Z,"5 km W of Capoterra, Italy",earthquake,,,,,reviewed,rom,ldg
2006-07-13T02:05:14.420Z,-20.677,-176.87,243.7,4,mb,15,152.4,,0.81,us,usp000eng8,2014-11-07T01:29:38.285Z,"180 km WNW of Haveluloto, Tonga",earthquake,,15,,4,reviewed,us,us
2006-07-13T01:53:46.500Z,36.59,22.94,24,3.1,ml,10,140.4,,,us,usp000eng7,2014-11-07T01:29:38.284Z,"13 km SW of Géfyra, Greece",earthquake,,,,,reviewed,ath,ath
2006-07-13T01:16:51.060Z,36.0773333,-117.9021667,4.141,2.71,ml,28,56,0.05563,0.2,ci,ci14239868,2016-03-09T15:52:19.009Z,"6km NE of Coso Junction, CA",earthquake,0.36,2.33,0.216,89,reviewed,ci,ci
2006-07-13T01:13:26.860Z,36.0773333,-117.8993333,4.901,2.02,ml,22,86,0.05408,0.17,ci,ci14239860,2016-03-08T22:00:36.103Z,"6km NE of Coso Junction, CA",earthquake,0.45,1.94,0.254,34,reviewed,ci,ci
2006-07-13T00:57:05.380Z,31.9781667,-115.7383333,5.974,2.41,ml,8,296,0.6693,0.3,ci,ci14239852,2016-03-09T09:22:57.264Z,"60km WSW of Alberto Oviedo Mota, B.C., MX",earthquake,25.51,31.61,0.171,14,reviewed,ci,ci
2006-07-13T00:32:04.500Z,3.105,122.81,519.5,4.6,mb,27,112.1,,0.41,us,usp000eng6,2014-11-07T01:29:38.279Z,"285 km N of Gorontalo, Indonesia",earthquake,,9.5,,7,reviewed,us,us
2006-07-13T00:16:58.670Z,46.364,153.077,35,4.5,mb,61,144.8,,0.95,us,usp000eng5,2014-11-07T01:29:38.274Z,"Kuril Islands",earthquake,,,,21,reviewed,us,us
2006-07-13T00:15:29.880Z,38.801,26.691,18.3,4,ml,98,18.9,,,us,usp000eng4,2014-11-07T01:29:38.266Z,"14 km WNW of Yenifoça, Turkey",earthquake,,,,,reviewed,isk,ath
2006-07-13T00:05:55.660Z,7.386,-34.956,10,4.7,mb,17,81.8,,0.59,us,usp000eng3,2014-11-07T01:29:38.264Z,"central Mid-Atlantic Ridge",earthquake,,,,4,reviewed,us,us
2006-07-12T23:43:40.780Z,39.4596667,-123.1223333,-0.469,2.16,md,24,48,0.1523,0.15,nc,nc21527000,2017-01-15T00:06:35.563Z,"15 km N of Potter Valley, California",earthquake,0.26,3.7,0.16,19,reviewed,nc,nc
2006-07-12T23:35:53.381Z,51.6056,-175.1772,14.9,2.7,ml,,,,0.64,ak,ak0068vkmkei,2019-02-13T05:03:27.139Z,"93 km SW of Atka, Alaska",earthquake,,0.3,,,reviewed,ak,ak
2006-07-12T23:20:18.530Z,2.321,97.073,30.8,4.7,mb,61,43.6,,0.89,us,usp000eng2,2014-11-07T01:29:38.258Z,"79 km ESE of Sinabang, Indonesia",earthquake,,,,17,reviewed,us,us
2006-07-12T23:16:10.920Z,32.7115,-116.0636667,7.54,2.76,ml,38,93,0.06079,0.25,ci,ci14239816,2016-03-09T12:12:56.397Z,"7km WSW of Ocotillo, CA",earthquake,0.43,1.77,0.115,91,reviewed,ci,ci
2006-07-12T23:06:20.260Z,-17.64,65.769,10,5.5,mwc,176,42.5,,0.85,us,usp000eng1,2022-05-02T18:23:37.904Z,"Mauritius - Reunion region",earthquake,,,,,reviewed,us,hrv
2006-07-12T23:03:01.500Z,-34.895,-71.584,64.5,3.3,m,10,138,,,us,usp000eng0,2014-11-07T01:29:38.232Z,"24 km W of Rauco, Chile",earthquake,,,,,reviewed,guc,guc
2006-07-12T23:02:04.100Z,27.72,53.53,41,3.6,mb,28,75.9,,,us,usp000enfz,2014-11-07T01:29:38.229Z,"60 km W of Ger?sh, Iran",earthquake,,,,3,reviewed,thr,us
2006-07-12T22:47:51.638Z,51.3439,-179.4813,13.1,2.4,ml,,,,0.52,ak,ak0068vk3p97,2019-02-13T05:03:14.689Z,"Andreanof Islands, Aleutian Islands, Alaska",earthquake,,0.8,,,reviewed,ak,ak
2006-07-12T22:40:08.680Z,6.724,-72.998,172.4,3.9,mb,15,100.4,,0.84,us,usp000enfy,2014-11-07T01:29:38.227Z,"4 km NE of Aratoca, Colombia",earthquake,,7.8,,3,reviewed,us,us
2006-07-12T22:40:02.000Z,-22.954,-68.621,120,3.8,m,8,132.4,,,us,usp000enfx,2014-11-07T01:29:38.225Z,"43 km W of San Pedro de Atacama, Chile",earthquake,,,,,reviewed,guc,guc
2006-07-12T22:38:57.690Z,-5.015,150.354,35,3.9,mb,10,267.8,,0.7,us,usp000enfw,2014-11-07T01:29:38.224Z,"63 km NNE of Kimbe, Papua New Guinea",earthquake,,,,1,reviewed,us,us
2006-07-12T22:35:59.170Z,44.2496667,-123.269,21.529,2.7,md,10,82,0.2628,0.26,uw,uw10697403,2016-07-22T22:20:18.290Z,"6 km WNW of Junction City, Oregon",explosion,1.047,1.8,0.05,4,reviewed,uw,uw
2006-07-12T22:22:46.290Z,36.0755,-117.9035,2.061,3.69,ml,35,55,0.05771,0.2,ci,ci14239768,2016-03-09T14:00:59.682Z,"5km NE of Coso Junction, CA",earthquake,0.31,0.57,0.131,64,reviewed,ci,ci
2006-07-12T22:22:35.350Z,36.0666667,-117.8978333,4.499,2,mh,7,109,0.06173,0.07,ci,ci12246895,2016-03-09T12:12:54.794Z,"5km ENE of Coso Junction, CA",earthquake,0.51,2.23,,0,reviewed,ci,ci
2006-07-12T22:20:50.220Z,36.071,-117.9021667,2.981,4.02,ml,48,55,0.06037,0.24,ci,ci14239764,2020-05-02T01:36:46.211Z,"5km NE of Coso Junction, CA",earthquake,0.3,0.68,0.109,370,reviewed,ci,ci
2006-07-12T22:11:48.810Z,2.206,96.852,30,3.9,mb,8,218.1,,0.31,us,usp000enfu,2014-11-07T01:29:38.220Z,"60 km ESE of Sinabang, Indonesia",earthquake,,,,2,reviewed,us,us
2006-07-12T22:06:48.900Z,-5.383,150.564,69.2,4.2,mb,12,150.5,,0.55,us,usp000enft,2014-11-07T01:29:38.218Z,"50 km ENE of Kimbe, Papua New Guinea",earthquake,,17,,3,reviewed,us,us
2006-07-12T21:52:19.780Z,-7.415,128.128,134.8,4.7,mb,26,82.4,,0.85,us,usp000enfs,2014-11-07T01:29:38.215Z,"Kepulauan Barat Daya, Indonesia",earthquake,,13.1,,10,reviewed,us,us
2006-07-12T21:50:59.840Z,46.7495,-122.778,1.086,2.8,md,10,83,0.09477,0.16,uw,uw10697368,2016-07-22T22:20:17.920Z,"8 km SE of Bucoda, Washington",explosion,0.736,0.91,0.04,3,reviewed,uw,uw
2006-07-12T21:43:08.970Z,9.975,92.864,30,4.4,mb,18,184.1,,0.53,us,usp000enfr,2014-11-07T01:29:38.212Z,"187 km S of Port Blair, India",earthquake,,,,4,reviewed,us,us
2006-07-12T21:42:00.800Z,-31.62,-71.704,31.9,3.6,ml,9,222.2,,,us,usp000enfq,2014-11-07T01:29:38.210Z,"50 km W of Illapel, Chile",earthquake,,,,,reviewed,guc,guc
2006-07-12T21:32:07.370Z,-5.695,150.697,80.9,4.2,mb,8,271.1,,0.67,us,usp000enfp,2014-11-07T01:29:38.209Z,"63 km ESE of Kimbe, Papua New Guinea",earthquake,,27.8,,2,reviewed,us,us
2006-07-12T21:17:47.005Z,51.4053,178.7723,37.3,2.8,ml,,,,0.16,ak,ak0068vjbtt8,2019-02-13T05:03:14.031Z,"Rat Islands, Aleutian Islands, Alaska",earthquake,,0.5,,,reviewed,ak,ak
2006-07-12T21:14:48.550Z,36.1206667,-117.6965,-0.115,2.32,ml,21,45,0.1282,0.17,ci,ci14239756,2016-03-09T07:59:42.159Z,"24km ENE of Coso Junction, CA",earthquake,0.39,0.75,0.146,46,reviewed,ci,ci
2006-07-12T21:06:31.200Z,38.11,22.72,25,2.9,ml,10,71.5,,,us,usp000enfn,2014-11-07T01:29:38.207Z,"8 km ENE of Xylókastro, Greece",earthquake,,,,,reviewed,ath,ath
2006-07-12T20:40:52.700Z,-5.032,152.041,63,4.4,mb,10,271.5,,0.99,us,usp000enfm,2014-11-07T01:29:38.205Z,"80 km SSW of Kokopo, Papua New Guinea",earthquake,,32.7,,2,reviewed,us,us
2006-07-12T20:25:12.770Z,-5.178,149.993,69.7,4.1,mb,11,217.7,,1.25,us,usp000enfk,2014-11-07T01:29:38.204Z,"44 km NNW of Kimbe, Papua New Guinea",earthquake,,29.8,,4,reviewed,us,us
2006-07-12T20:23:26.436Z,55.0117,-162.131,82.5,2.1,ml,,,,0.21,ak,ak0068virmwz,2019-02-13T05:03:25.864Z,"13 km ESE of King Cove, Alaska",earthquake,,0.5,,,reviewed,ak,ak
2006-07-12T19:59:50.230Z,33.792,7.803,0,4.6,m,8,280.5,,,us,usp000enfj,2014-11-07T01:29:38.201Z,"11 km SW of Nefta, Tunisia",earthquake,,,,,reviewed,mdd,mdd
2006-07-12T19:55:17.537Z,63.5815,-147.9778,3.4,2,ml,,,,0.58,ak,ak0068vid1jd,2019-02-13T05:03:13.663Z,"49 km ESE of McKinley Park, Alaska",earthquake,,0.1,,,reviewed,ak,ak
2006-07-12T19:51:45.147Z,51.9417,177.097,7.5,2.9,ml,,,,0.25,ak,ak0068vic8sy,2019-02-13T05:03:25.506Z,"284 km ESE of Attu Station, Alaska",earthquake,,0.7,,,reviewed,ak,ak
2006-07-12T19:41:08.950Z,-55.888,-27.836,112.4,4,mb,7,122.9,,0.81,us,usp000enfh,2014-11-07T01:29:38.200Z,"South Sandwich Islands region",earthquake,,59,,2,reviewed,us,us
2006-07-12T19:37:06.649Z,51.094,-179.1531,17.5,2.5,ml,,,,0.36,ak,ak0068vi95t4,2019-02-13T05:03:13.297Z,"195 km WSW of Adak, Alaska",earthquake,,0.5,,,reviewed,ak,ak
2006-07-12T19:28:52.292Z,51.2451,-178.7123,26.5,3.1,ml,,,,0.59,ak,ak0068vi7bvx,2019-02-13T05:03:12.912Z,"160 km WSW of Adak, Alaska",earthquake,,0.5,,,reviewed,ak,ak
2006-07-12T19:08:12.340Z,-5.993,148.52,49.7,5.7,mwb,240,25.4,,0.82,us,usp000enfg,2022-05-02T15:33:03.641Z,"97 km NE of Finschhafen, Papua New Guinea",earthquake,,,,,reviewed,us,us
2006-07-12T18:10:01.600Z,-9.235,107.853,10,4.4,mb,8,142.6,,0.6,us,usp000enff,2014-11-07T01:29:38.168Z,"208 km S of Kawalu, Indonesia",earthquake,,,,2,reviewed,us,us
2006-07-12T18:08:25.360Z,-3.716,152.341,169.6,4.7,mb,12,182.3,,0.95,us,usp000enfe,2014-11-07T01:29:38.166Z,"57 km NNE of Rabaul, Papua New Guinea",earthquake,,25.2,,4,reviewed,us,us
2006-07-12T16:31:53.240Z,36.0783333,-89.8131667,9.28,2.3,md,39,49,,0.09,nm,nm606079,2016-04-08T18:49:23.520Z,"1 km ESE of Steele, Missouri",earthquake,0.2,0.8,0.079,4,reviewed,nm,nm
2006-07-12T16:29:38.230Z,37.4096667,-119.0196667,0.053,2.14,md,39,147,0.191,0.08,nc,nc21526890,2017-01-15T00:04:16.570Z,"26 km S of Mammoth Lakes, California",earthquake,0.26,1.62,0.19,32,reviewed,nc,nc
2006-07-12T16:17:48.120Z,47.043,154.071,41.3,4.7,mb,117,104,,0.83,us,usp000enfd,2014-11-07T01:29:38.155Z,"Kuril Islands",earthquake,,,,65,reviewed,us,us
2006-07-12T14:44:45.960Z,-8.548,67.814,10,5.7,mwc,210,52.3,,0.7,us,usp000enfc,2022-05-02T15:33:02.531Z,"Mid-Indian Ridge",earthquake,,,,,reviewed,us,hrv
2006-07-12T14:43:45.000Z,38.71,26.34,18,3.7,ml,6,164.1,,,us,usp000enfb,2014-11-07T01:29:38.128Z,"16 km WNW of Karaburun, Turkey",earthquake,,,,,reviewed,ath,isk
2006-07-12T14:40:56.640Z,38.792,26.724,12.6,4,mb,57,39.9,,0.76,us,usp000enfa,2014-11-07T01:29:38.120Z,"11 km NW of Yenifoça, Turkey",earthquake,,8.4,,13,reviewed,us,us
2006-07-12T14:39:52.050Z,-48.924,108.367,10,4.2,mb,18,178.7,,0.72,us,usp000enf9,2014-11-07T01:29:38.118Z,"southeast Indian Ridge",earthquake,,0,,3,reviewed,us,us
2006-07-12T14:09:41.780Z,50.118,18.429,5,2.5,ml,10,157.8,,0.7,us,usp000enf8,2014-11-07T01:29:38.115Z,"1 km N of Gaszowice, Poland",earthquake,,,,,reviewed,us,bra
2006-07-12T13:58:05.890Z,39.4241667,-122.9448333,7.343,2.18,md,30,36,0.07207,0.15,nc,nc21526880,2017-01-15T00:03:39.600Z,"18 km NE of Potter Valley, California",earthquake,0.33,0.57,0.15,23,reviewed,nc,nc
2006-07-12T13:35:12.400Z,38.35,22.26,17,3.7,ml,49,52.4,,,us,usp000enf7,2014-11-07T01:29:38.111Z,"11 km WSW of Galaxídhion, Greece",earthquake,,,,,reviewed,ath,ath
2006-07-12T13:32:28.715Z,54.6382,-161.7008,64.2,2.2,ml,,,,0.35,ak,ak0068venjav,2019-02-13T05:03:23.990Z,"61 km SE of King Cove, Alaska",earthquake,,2.8,,,reviewed,ak,ak
2006-07-12T13:17:30.111Z,51.2533,-174.166,10,2.5,ml,,,,0.73,ak,ak0068vekbo3,2019-02-13T05:03:12.187Z,"104 km S of Atka, Alaska",earthquake,,0,,,reviewed,ak,ak
2006-07-12T13:02:49.990Z,38.8216667,-122.7955,2.372,2.16,md,43,43,0.01171,0.06,nc,nc21526876,2017-01-15T00:03:19.700Z,"6 km W of Cobb, California",earthquake,0.18,0.28,0.12,22,reviewed,nc,nc
2006-07-12T12:46:32.060Z,52.631,-168.391,43.4,2.7,ml,4,279.4,,,us,usp000enf6,2019-02-28T19:48:47.638Z,"46 km SE of Nikolski, Alaska",earthquake,,,,,reviewed,aeic,aeic
2006-07-12T12:29:17.740Z,34.055,33.947,25,3,ml,5,298.3,,,us,usp000enf5,2014-11-07T01:29:38.108Z,"92 km SSE of Perivólia, Cyprus",earthquake,,,,,reviewed,nic,nic
2006-07-12T11:44:37.730Z,34.067,33.884,20,2.9,ml,5,295.7,,,us,usp000enf4,2014-11-07T01:29:38.107Z,"88 km SSE of Perivólia, Cyprus",earthquake,,,,,reviewed,nic,nic
2006-07-12T11:18:45.470Z,32.6598333,-115.8463333,12.997,2.66,ml,35,164,0.06548,0.32,ci,ci14239652,2016-03-09T00:51:18.801Z,"16km ESE of Ocotillo, CA",earthquake,0.62,0.56,0.129,92,reviewed,ci,ci
2006-07-12T10:58:07.490Z,18.112,147.253,42,4.3,mb,29,105.5,,0.75,us,usp000enf3,2014-11-07T01:29:38.104Z,"Mariana Islands region",earthquake,,14.5,,10,reviewed,us,us
2006-07-12T10:32:46.500Z,-45.23,166.95,10,3.9,ml,19,254.9,,,us,usp000enf2,2014-11-07T01:29:38.102Z,"63 km WNW of Te Anau, New Zealand",earthquake,,,,,reviewed,wel,wel
2006-07-12T10:09:47.800Z,-31.066,-72.178,44.2,2.7,m,4,296,,,us,usp000enf1,2014-11-07T01:29:38.100Z,"106 km WSW of Ovalle, Chile",earthquake,,,,,reviewed,guc,guc
2006-07-12T10:07:48.999Z,61.4842,-151.8339,93.7,3.4,ml,,,,0.44,ak,ak0068vcpx5f,2019-02-13T05:03:11.706Z,"55 km NW of Beluga, Alaska",earthquake,,0.1,,,reviewed,ak,ak
2006-07-12T09:55:20.000Z,34.35,24.21,10,3.5,md,6,267.4,,,us,usp000enez,2014-11-07T01:29:38.096Z,"54 km SSE of Kastrí, Greece",earthquake,,,,,reviewed,ath,ath
2006-07-12T09:54:06.010Z,38.8195,-122.798,2.12,2.27,md,52,34,0.00991,0.07,nc,nc21526862,2017-01-15T00:02:28.350Z,"6 km W of Cobb, California",earthquake,0.15,0.22,0.13,28,reviewed,nc,nc
2006-07-12T09:47:06.810Z,-6.233,147.785,85,4.1,mb,8,266.9,,1.31,us,usp000eney,2014-11-07T01:29:38.094Z,"36 km N of Finschhafen, Papua New Guinea",earthquake,,,,3,reviewed,us,us
2006-07-12T09:34:07.196Z,51.996,177.035,5.1,2.6,ml,,,,0.57,ak,ak0068vca6nj,2019-02-13T05:03:21.784Z,"278 km ESE of Attu Station, Alaska",earthquake,,1.5,,,reviewed,ak,ak
2006-07-12T09:18:10.073Z,53.737,-162.9861,28.2,2.7,ml,,,,0.41,ak,ak0068vc6rf3,2019-02-13T05:03:21.392Z,"127 km SSE of False Pass, Alaska",earthquake,,0.5,,,reviewed,ak,ak
2006-07-12T08:56:17.500Z,-33.13,-71.784,29.3,2.8,ml,15,219.6,,,us,usp000enex,2014-11-07T01:29:38.092Z,"17 km SW of Valparaíso, Chile",earthquake,,,,,reviewed,guc,guc
2006-07-12T08:53:33.439Z,50.9333,-179.2661,5.1,2,ml,,,,0.47,ak,ak0068vbsvof,2019-02-13T05:03:17.871Z,"210 km WSW of Adak, Alaska",earthquake,,4.7,,,reviewed,ak,ak
2006-07-12T08:47:29.600Z,-28.166,-71.018,43.2,3.8,m,6,189.1,,,us,usp000enew,2014-11-07T01:29:38.089Z,"52 km NNW of Vallenar, Chile",earthquake,,,,,reviewed,guc,guc
2006-07-12T07:31:03.410Z,41.1101667,-124.846,7.96,2.73,md,18,256,0.6243,0.17,nc,nc21526853,2017-01-15T00:01:43.017Z,"59 km W of Trinidad, California",earthquake,2.12,5.12,0.15,7,reviewed,nc,nc
2006-07-12T07:19:48.550Z,36.9948333,-121.0908333,1.385,2.77,md,69,95,0.02432,0.09,nc,nc21526852,2017-01-15T00:01:27.990Z,"18 km SW of Volta, California",earthquake,0.17,0.43,0.11,99,reviewed,nc,nc
2006-07-12T07:19:25.290Z,32.7036667,-116.0641667,8.68,2.45,ml,35,100,0.05399,0.33,ci,ci14239624,2016-03-08T18:40:13.222Z,"8km WSW of Ocotillo, CA",earthquake,0.49,1.46,0.114,80,reviewed,ci,ci
2006-07-12T07:15:32.200Z,-24.219,-66.943,177.6,4,mb,7,122.5,,0.95,us,usp000enet,2014-11-07T01:29:38.085Z,"63 km W of San Antonio de los Cobres, Argentina",earthquake,,27.1,,1,reviewed,us,us
2006-07-12T07:02:55.620Z,-5.386,150.781,58.9,5,mwc,34,72.6,,0.86,us,usp000enes,2022-05-02T18:27:05.593Z,"73 km ENE of Kimbe, Papua New Guinea",earthquake,,14.2,,,reviewed,us,hrv
2006-07-12T06:58:08.230Z,61.317,167.409,16,4.3,mb,39,85.3,,0.73,us,usp000ener,2014-11-07T01:29:38.075Z,"123 km NE of Tilichiki, Russia",earthquake,,,,17,reviewed,us,us
2006-07-12T06:48:27.549Z,51.2031,-178.9447,23.7,2.1,ml,,,,0.43,ak,ak0068vakxfm,2019-02-13T05:03:10.551Z,"176 km WSW of Adak, Alaska",earthquake,,0.1,,,reviewed,ak,ak
2006-07-12T06:32:21.440Z,24.494,122.376,10,3.2,m,6,188.7,,1.31,us,usp000eneq,2014-11-07T01:29:38.073Z,"63 km W of Yonakuni, Japan",earthquake,,0,,,reviewed,us,jma
2006-07-12T06:12:31.507Z,51.1033,-179.3284,13.4,2,ml,,,,0.4,ak,ak0068vad7ym,2019-02-13T05:03:17.057Z,"205 km WSW of Adak, Alaska",earthquake,,2.3,,,reviewed,ak,ak
2006-07-12T05:16:26.480Z,33.937,69.303,33.3,4.7,mb,69,70.3,,0.98,us,usp000enep,2014-11-07T01:29:38.066Z,"26 km ESE of Pul-e ‘Alam, Afghanistan",earthquake,,22.1,,39,reviewed,us,us
2006-07-12T05:14:40.490Z,51.1149,-179.1357,4.3,2,ml,,,,0.2,ak,ak0068v9s8hd,2019-02-13T05:03:16.665Z,"193 km WSW of Adak, Alaska",earthquake,,1.6,,,reviewed,ak,ak
2006-07-12T05:04:45.400Z,-33.277,-70.282,100,3.1,m,9,258,,,us,usp000enen,2014-11-07T01:29:38.063Z,"34 km NE of Villa Presidente Frei, Ñuñoa, Santiago, Chile, Chile",earthquake,,,,,reviewed,guc,guc
2006-07-12T05:04:05.340Z,51.0191,-179.1049,4.2,2.2,ml,,,,0.47,ak,ak0068v9q0ly,2019-02-28T19:48:46.605Z,"196 km WSW of Adak, Alaska",earthquake,,0.1,,,reviewed,ak,ak
2006-07-12T04:33:56.860Z,1.511,128.432,82.3,4.5,mb,24,147,,0.71,us,usp000enem,2014-11-07T01:29:38.059Z,"52 km ESE of Tobelo, Indonesia",earthquake,,,,7,reviewed,us,us
2006-07-12T04:31:46.970Z,-20.836,-68.672,110,4.2,mb,18,140.8,,0.67,us,usp000enek,2014-11-07T01:29:38.056Z,"168 km ESE of Iquique, Chile",earthquake,,6.1,,6,reviewed,us,us
2006-07-12T04:29:59.878Z,55.1286,-161.3112,71.5,2.1,ml,,,,0.29,ak,ak0068v9a243,2019-02-13T05:03:20.602Z,"56 km WSW of Sand Point, Alaska",earthquake,,0.1,,,reviewed,ak,ak
2006-07-12T03:24:48.620Z,46.1973333,-122.1876667,-1.064,3.3,md,36,42,,0.18,uw,uw10697173,2016-07-22T22:20:14.640Z,"37 km NNE of Amboy, Washington",earthquake,0.085,0.17,0.03,7,reviewed,uw,uw
2006-07-12T03:01:24.911Z,61.891,-151.3603,82,2.8,ml,,,,0.72,ak,ak0068v8ijrf,2019-02-13T05:03:08.221Z,"11 km S of Skwentna, Alaska",earthquake,,0.1,,,reviewed,ak,ak
2006-07-12T02:58:10.074Z,51.6485,-175.1787,15.4,2.2,ml,,,,0.51,ak,ak0068v89atr,2019-02-13T05:03:19.464Z,"90 km SW of Atka, Alaska",earthquake,,0.1,,,reviewed,ak,ak
2006-07-12T02:36:14.710Z,-5.492,150.707,62.1,4.1,mb,16,153.5,,0.82,us,usp000eneg,2014-11-07T01:29:38.048Z,"63 km E of Kimbe, Papua New Guinea",earthquake,,19,,6,reviewed,us,us
2006-07-12T02:23:40.090Z,-10.642,164.715,90.6,4.1,mb,14,121.9,,0.92,us,usp000enef,2014-11-07T01:29:38.047Z,"118 km W of Lata, Solomon Islands",earthquake,,13.8,,2,reviewed,us,us
2006-07-12T02:16:09.525Z,51.1699,-179.2173,21.4,3,ml,,,,0.56,ak,ak0068v80apk,2019-02-13T05:03:07.825Z,"195 km WSW of Adak, Alaska",earthquake,,0.4,,,reviewed,ak,ak
2006-07-12T02:14:28.299Z,51.1671,-179.2339,22.2,3.6,ml,,,,0.43,ak,ak0068v7zwq5,2019-02-13T05:03:07.403Z,"196 km WSW of Adak, Alaska",earthquake,,0.4,,,reviewed,ak,ak
2006-07-12T02:08:49.300Z,36.31,23.34,56,3.1,md,30,106,,,us,usp000enee,2014-11-07T01:29:38.043Z,"36 km ENE of Kýthira, Greece",earthquake,,,,,reviewed,ath,ath
2006-07-12T02:07:07.430Z,2.433,95.832,30,4.2,mb,9,219.7,,0.77,us,usp000ened,2014-11-07T01:29:38.041Z,"61 km W of Sinabang, Indonesia",earthquake,,,,4,reviewed,us,us
2006-07-12T02:00:57.200Z,34.79,25.31,42,2.8,md,4,198.2,,,us,usp000enec,2014-11-07T01:29:38.040Z,"27 km SSE of Pýrgos, Greece",earthquake,,,,,reviewed,ath,ath
2006-07-12T01:10:26.735Z,61.6832,-151.475,94.6,2.9,ml,,,,0.5,ak,ak0068v7dm4x,2019-02-13T05:03:06.552Z,"34 km S of Skwentna, Alaska",earthquake,,0.1,,,reviewed,ak,ak
2006-07-12T00:00:02.530Z,-6.625,130.329,35,4.1,mb,16,164,,1.38,us,usp000enea,2014-11-07T01:29:38.036Z,"289 km WSW of Tual, Indonesia",earthquake,,,,4,reviewed,us,us
2006-07-11T23:56:58.188Z,55.0371,-156.3886,10,2.9,ml,,,,0.49,ak,ak0068tx7qbe,2019-02-13T05:03:06.140Z,"south of Alaska",earthquake,,0,,,reviewed,ak,ak
2006-07-11T23:51:42.973Z,51.9298,177.0353,5.3,3.5,ml,,,,1.07,ak,ak0068tx6mk9,2019-02-13T05:02:51.433Z,"281 km ESE of Attu Station, Alaska",earthquake,,0.4,,,reviewed,ak,ak
2006-07-11T23:46:00.880Z,50.997,-179.25,6.7,3.3,ml,5,221.7,,,us,usp000ene9,2019-02-13T05:02:51.012Z,"206 km WSW of Adak, Alaska",earthquake,,,,,reviewed,aeic,aeic
2006-07-11T23:39:32.020Z,-31.481,-68.534,108.1,3.7,mb,19,74.1,,0.99,us,usp000ene8,2014-11-07T01:29:38.032Z,"0 km NNW of Chimbas, Argentina",earthquake,,9.3,,2,reviewed,us,us
2006-07-11T23:38:04.000Z,30.2,51.9,8,4,mblg,40,105,,,us,usp000ene7,2014-11-07T01:29:38.027Z,"37 km ENE of N?r?b?d, Iran",earthquake,,,,,reviewed,teh,teh
2006-07-11T23:35:14.009Z,60.2415,-150.8975,65,2.1,ml,,,,0.35,ak,ak0068tx34vc,2019-02-13T05:03:05.821Z,"23 km ESE of Kasilof, Alaska",earthquake,,0.6,,,reviewed,ak,ak
2006-07-11T23:22:29.500Z,34.41,23.93,5,3.2,md,5,280.9,,,us,usp000ene6,2014-11-07T01:29:38.025Z,"49 km SSW of Kastrí, Greece",earthquake,,,,,reviewed,ath,ath
2006-07-11T22:58:05.555Z,50.9585,-172.9424,10,2.4,ml,,,,0.61,ak,ak0068twmm2z,2019-02-13T05:03:05.451Z,"162 km SSE of Atka, Alaska",earthquake,,7.8,,,reviewed,ak,ak
2006-07-11T22:53:15.370Z,36.636,71.058,56.6,3.2,mb,18,143.7,,0.95,us,usp000ene5,2014-11-07T01:29:38.022Z,"32 km SE of Jurm, Afghanistan",earthquake,,23.3,,3,reviewed,us,us
2006-07-11T22:51:17.534Z,58.6183,-152.0657,6.4,2,ml,,,,0.58,ak,ak0068twl4zt,2019-02-13T05:03:05.062Z,"79 km NE of Aleneva, Alaska",earthquake,,1.5,,,reviewed,ak,ak
2006-07-11T22:38:01.120Z,45.3261667,-121.6893333,5.058,2.1,md,7,135,0.02737,0.06,uw,uw10696948,2016-07-22T22:20:10.180Z,"5 km ENE of Government Camp, Oregon",earthquake,0.251,0.09,0.03,2,reviewed,uw,uw
2006-07-11T22:26:23.395Z,61.5535,-147.7772,1.5,3.2,ml,,,,0.68,ak,ak0068twfsjn,2019-02-13T05:02:50.249Z,"29 km SSW of Glacier View, Alaska",earthquake,,0.1,,,reviewed,ak,ak
2006-07-11T22:25:41.500Z,38.29,22.04,16,2.8,md,6,91.1,,,us,usp000ene3,2014-11-07T01:29:38.017Z,"2 km NNW of Rododáfni, Greece",earthquake,,,,,reviewed,ath,ath
2006-07-11T22:22:00.970Z,-5.483,150.828,37.7,5.1,mwc,64,37.5,,1.22,us,usp000ene2,2016-11-10T01:25:28.930Z,"76 km E of Kimbe, Papua New Guinea",earthquake,,,,,reviewed,us,hrv
2006-07-11T22:17:45.650Z,34.807,-116.6996667,-0.991,2.23,ml,18,73,0.1742,0.13,ci,ci14239552,2016-03-09T05:06:04.228Z,"31km ESE of Barstow, CA",quarry blast,0.45,31.61,0.134,87,reviewed,ci,ci
2006-07-11T21:49:04.900Z,-30.072,-71.544,45.4,4.1,m,11,204.5,,,us,usp000ene1,2014-11-07T01:29:37.979Z,"23 km WSW of Coquimbo, Chile",earthquake,,,,,reviewed,guc,guc
2006-07-11T21:42:07.790Z,46.7466667,-122.7746667,1.326,3,md,10,123,0.09114,0.15,uw,uw10696868,2016-07-22T22:20:08.660Z,"9 km SE of Bucoda, Washington",explosion,0.836,0.93,0.03,6,reviewed,uw,uw
2006-07-11T21:37:43.505Z,51.4556,-177.9132,19.9,2.4,ml,,,,0.32,ak,ak0068tvwrda,2019-02-13T05:02:49.865Z,"99 km WSW of Adak, Alaska",earthquake,,0.4,,,reviewed,ak,ak
2006-07-11T21:23:44.010Z,-5.557,150.684,67.7,4.3,mb,14,211,,1.64,us,usp000ene0,2014-11-07T01:29:37.978Z,"60 km E of Kimbe, Papua New Guinea",earthquake,,35,,6,reviewed,us,us
2006-07-11T20:48:23.114Z,51.9955,177.1605,3.8,2.5,ml,,,,0.8,ak,ak0068tvdn2f,2019-02-13T05:02:49.473Z,"286 km ESE of Attu Station, Alaska",earthquake,,0.5,,,reviewed,ak,ak
2006-07-11T20:30:01.320Z,-6.753,129.575,123.6,4.5,mb,29,99.7,,1.26,us,usp000endz,2014-11-07T01:29:37.974Z,"Banda Sea",earthquake,,19.1,,13,reviewed,us,us
2006-07-11T20:20:20.940Z,15.679,-61.446,23,3.4,md,6,172.1,,,us,usp000endy,2014-11-07T01:29:37.973Z,"10 km NNE of Portsmouth, Dominica",earthquake,,,,,reviewed,trn,trn
2006-07-11T20:16:18.010Z,-19.046,-63.259,21.6,4.6,mb,10,75.5,,1.38,us,usp000endx,2014-11-07T01:29:37.971Z,"22 km SE of Abapó, Bolivia",earthquake,,24.5,,2,reviewed,us,us
2006-07-11T20:13:54.440Z,18.75,-63.08,24.7,3.7,md,6,352.8,,,us,usp000endw,2014-11-07T01:29:37.970Z,"59 km N of The Valley, Anguilla",earthquake,,,,,reviewed,rspr,rspr
2006-07-11T20:13:44.724Z,60.7819,-146.6056,14.6,2.2,ml,,,,0.53,ak,ak0068tv66o8,2019-02-13T05:09:05.502Z,"10 km SSE of Tatitlek, Alaska",earthquake,,0.3,,,reviewed,ak,ak
2006-07-11T20:11:08.890Z,39.4596667,-123.1168333,3.661,2.37,md,35,46,0.1486,0.12,nc,nc30230716,2017-01-14T23:58:21.770Z,"15 km N of Potter Valley, California",earthquake,0.2,1.07,0.18,24,reviewed,nc,nc
2006-07-11T19:50:10.650Z,52.019,176.937,8.5,2.5,ml,,,,1.18,ak,ak0068tuslxl,2019-02-13T05:02:53.386Z,"271 km ESE of Attu Station, Alaska",earthquake,,1.9,,,reviewed,ak,ak
2006-07-11T19:48:19.440Z,9.656,125.782,118,4.6,mb,34,136.1,,0.84,us,usp000endv,2014-11-07T01:29:37.966Z,"10 km NNE of Claver, Philippines",earthquake,,,,15,reviewed,us,us
2006-07-11T19:40:33.190Z,26.402,129.446,41.1,4.2,mb,10,139.3,,0.72,us,usp000endu,2014-11-07T01:29:37.964Z,"147 km E of Nago, Japan",earthquake,,,,4,reviewed,us,us
2006-07-11T19:40:00.030Z,46.7135,-122.7471667,0.436,2.4,md,6,113,0.05308,0.13,uw,uw10696828,2016-07-22T22:20:07.970Z,"13 km SE of Bucoda, Washington",explosion,1.573,1.9,0.03,2,reviewed,uw,uw
2006-07-11T19:28:25.860Z,-2.671,139.539,35,4.4,mb,10,147.1,,0.83,us,usp000endt,2014-11-07T01:29:37.963Z,"121 km W of Abepura, Indonesia",earthquake,,,,3,reviewed,us,us
2006-07-11T19:17:16.480Z,-6.901,129.906,74.2,4.2,mb,18,173.7,,1.24,us,usp000ends,2014-11-07T01:29:37.960Z,"Banda Sea",earthquake,,18.9,,5,reviewed,us,us
2006-07-11T19:07:13.510Z,-7.195,129.662,110.6,4.3,mb,16,161.2,,1.5,us,usp000endr,2014-11-07T01:29:37.958Z,"Kepulauan Babar, Indonesia",earthquake,,23,,4,reviewed,us,us
2006-07-11T19:02:09.560Z,43.702,-105.341,0,3,ml,13,116.5,,1.48,rusms,rusms00004147,2022-06-09T21:12:51.716Z,"13 km ESE of Wright, Wyoming",explosion,,,,,reviewed,us,us
2006-07-11T18:48:14.910Z,-21.096,33.307,10,4.9,mwc,145,41.1,,1.08,us,usp000endq,2016-11-10T01:25:28.452Z,"123 km SE of Chipinge, Zimbabwe",earthquake,,,,,reviewed,us,hrv
2006-07-11T17:45:25.602Z,51.3255,-179.6095,63,2,ml,,,,0.36,ak,ak0068ttkpao,2019-02-13T05:03:03.883Z,"214 km WSW of Adak, Alaska",earthquake,,1.5,,,reviewed,ak,ak
2006-07-11T17:41:15.120Z,-4.805,150.95,35,4.4,mb,11,254.6,,0.92,us,usp000endp,2014-11-07T01:29:37.944Z,"122 km NE of Kimbe, Papua New Guinea",earthquake,,,,4,reviewed,us,us
2006-07-11T17:40:02.340Z,-4.966,151.145,35,4.2,mb,9,291.4,,0.65,us,usp000endn,2014-11-07T01:29:37.943Z,"129 km ENE of Kimbe, Papua New Guinea",earthquake,,,,2,reviewed,us,us
2006-07-11T17:24:04.770Z,18.958,-65.168,25.5,3.1,md,7,252.6,,,us,usp000endm,2014-11-07T01:29:37.941Z,"72 km NNW of Charlotte Amalie, U.S. Virgin Islands",earthquake,,,,,reviewed,rspr,rspr
2006-07-11T16:37:04.484Z,62.1498,-152.0845,105.8,2.4,ml,,,,0.52,ak,ak0068tsxic0,2019-02-13T05:02:48.729Z,"40 km WNW of Skwentna, Alaska",earthquake,,0.3,,,reviewed,ak,ak
2006-07-11T16:31:15.500Z,5.687,126.871,80.8,4.1,mb,11,180.5,,0.81,us,usp000endk,2014-11-07T01:29:37.940Z,"106 km SE of Pondaguitan, Philippines",earthquake,,20,,2,reviewed,us,us
2006-07-11T15:55:59.031Z,51.0076,-179.1693,7,3.2,ml,,,,0.82,ak,ak0068tsg1tr,2019-02-13T05:02:48.297Z,"200 km WSW of Adak, Alaska",earthquake,,0.9,,,reviewed,ak,ak
2006-07-11T15:54:13.070Z,-18.03,-173.859,10,4.5,mb,28,93.9,,1.06,us,usp000endj,2014-11-07T01:29:37.937Z,"69 km N of Neiafu, Tonga",earthquake,,0,,9,reviewed,us,us
2006-07-11T15:46:05.500Z,-34.216,-70.888,79,2.5,m,9,127,,,us,usp000endh,2014-11-07T01:29:37.934Z,"14 km WSW of Rancagua, Chile",earthquake,,,,,reviewed,guc,guc
2006-07-11T15:43:05.271Z,51.0893,-179.1501,19.2,2,ml,,,,0.76,ak,ak0068tsdd33,2019-02-13T05:02:47.917Z,"195 km WSW of Adak, Alaska",earthquake,,0.7,,,reviewed,ak,ak
2006-07-11T15:41:25.800Z,-38.63,175.28,239,4,m,27,147.2,,,us,usp000endg,2014-11-07T01:29:37.931Z,"50 km S of Otorohanga, New Zealand",earthquake,,,,,reviewed,wel,wel
2006-07-11T14:57:25.338Z,51.4165,179.6438,53.8,2.1,ml,,,,0.3,ak,ak0068truz1x,2019-02-13T05:03:02.412Z,"262 km WSW of Adak, Alaska",earthquake,,0.8,,,reviewed,ak,ak
2006-07-11T14:55:22.190Z,36.57,-9.715,8.7,2.7,mblg,19,277,,,us,usp000endf,2014-11-07T01:29:37.921Z,"84 km SW of Sagres, Portugal",earthquake,,,,,reviewed,mdd,mdd
2006-07-11T14:54:02.410Z,47.5593333,-123.2851667,47.016,2.47,md,59,47,,0.22,uw,uw10696663,2016-07-22T22:20:05.000Z,"20 km NNW of Hoodsport, Washington",earthquake,0.41,0.75,0.225,52,reviewed,uw,uw
2006-07-11T14:49:56.660Z,6.432,126.807,95.5,4.9,mwc,38,163.9,,0.88,us,usp000ende,2016-11-10T01:25:27.949Z,"70 km E of Pondaguitan, Philippines",earthquake,,10.4,,,reviewed,us,hrv
2006-07-11T14:07:29.040Z,10.524,126.264,10,4.5,mb,10,181.7,,0.67,us,usp000endd,2014-11-07T01:29:37.915Z,"60 km NNE of Santa Monica, Philippines",earthquake,,,,1,reviewed,us,us
2006-07-11T13:45:40.670Z,33.606,-87.146,1,2.8,mblg,9,128.7,,1.09,us,usp000endc,2014-11-07T01:29:37.913Z,"8 km SW of West Jefferson, Alabama",rock burst,,,,,reviewed,us,us
2006-07-11T13:37:02.830Z,56.485,-144.539,10,3.2,ml,16,179.8,,1.03,us,usp000endb,2019-02-13T05:02:47.470Z,"Gulf of Alaska",earthquake,,0,,,reviewed,us,aeic
2006-07-11T13:32:09.500Z,-32.62,-70.301,99.2,2.5,m,7,275.5,,,us,usp000enda,2014-11-07T01:29:37.909Z,"36 km NE of Los Andes, Chile",earthquake,,,,,reviewed,guc,guc
2006-07-11T13:26:39.030Z,18.666,-81.703,10,4.4,mb,20,93.6,,1.25,us,usp000end9,2014-11-07T01:29:37.906Z,"76 km SSW of George Town, Cayman Islands",earthquake,,,,6,reviewed,us,us
2006-07-11T13:24:42.060Z,51.557,16.26,5,3.4,ml,30,61.4,,1,us,usp000end8,2014-11-07T01:29:37.901Z,"5 km N of Rudna, Poland",earthquake,,,,,reviewed,us,grf
2006-07-11T13:17:54.000Z,44.4,7.307,15.1,2.8,ml,36,78.5,,,us,usp000end7,2014-11-07T01:29:37.897Z,"1 km SW of Monterosso Grana, Italy",earthquake,,,,,reviewed,rom,str
2006-07-11T13:11:13.070Z,-48.751,106.461,10,4.7,mb,25,54.7,,0.96,us,usp000end6,2014-11-07T01:29:37.894Z,"southeast Indian Ridge",earthquake,,,,6,reviewed,us,us
2006-07-11T12:27:25.310Z,-5.561,150.789,65.8,4.8,mwc,26,86.9,,0.83,us,usp000end5,2016-11-10T01:25:27.441Z,"72 km E of Kimbe, Papua New Guinea",earthquake,,15.1,,,reviewed,us,hrv
2006-07-11T12:23:26.400Z,19.2968333,-155.0735,45.22,2.49,ml,39,199,,0.11,hv,hv5507929,2020-03-31T21:48:18.470Z,"19 km SSE of Fern Forest, Hawaii",earthquake,0.68,0.67,0.17,10,reviewed,hv,hv
2006-07-11T12:01:43.100Z,37.8821667,-80.6413333,5,2.6,md,14,121,,0.33,se,se606219,2016-04-08T19:04:22.410Z,"9 km SSE of Rupert, West Virginia",earthquake,2.4,5.2,0.432,1,reviewed,se,se
2006-07-11T11:53:37.780Z,36.964,-104.929,5,3.2,mblg,17,132.5,,0.91,us,usp000end4,2014-11-07T01:29:37.887Z,"20 km SSW of Weston, Colorado",earthquake,,,,,reviewed,us,us
2006-07-11T11:44:41.340Z,-5.549,150.643,72.7,4.3,mb,12,227.1,,1.02,us,usp000end3,2014-11-07T01:29:37.886Z,"55 km E of Kimbe, Papua New Guinea",earthquake,,24.3,,3,reviewed,us,us
2006-07-11T11:38:16.957Z,50.9569,-179.2345,9.5,2,ml,,,,0.43,ak,ak0068tpykzj,2019-02-13T05:02:54.126Z,"207 km WSW of Adak, Alaska",earthquake,,6.7,,,reviewed,ak,ak
2006-07-11T11:29:51.200Z,46.21,6.19,5,2.6,ml,9,113.9,,,us,usp000end2,2014-11-07T01:29:37.884Z,"1 km NNE of Chêne-Bougeries, Switzerland",earthquake,,,,,reviewed,str,str
2006-07-11T11:05:26.920Z,-16.669,-172.545,35,4.7,mb,12,144.7,,1.19,us,usp000end1,2014-11-07T01:29:37.882Z,"155 km ESE of Hihifo, Tonga",earthquake,,,,4,reviewed,us,us
2006-07-11T10:54:20.050Z,-5.699,150.765,80.7,4.9,mwc,27,68.3,,1.13,us,usp000end0,2016-11-10T01:25:26.953Z,"71 km ESE of Kimbe, Papua New Guinea",earthquake,,17.9,,,reviewed,us,hrv
2006-07-11T10:20:21.500Z,40.29,25.22,25,3.3,md,15,96,,,us,usp000encz,2014-11-07T01:29:37.877Z,"29 km SW of Kamariótissa, Greece",earthquake,,,,,reviewed,ath,ath
2006-07-11T10:13:14.940Z,18.84,-67.187,17.5,3,md,8,299,,,us,usp000ency,2014-11-07T01:29:37.875Z,"39 km NNW of San Antonio, Puerto Rico",earthquake,,,,,reviewed,rspr,rspr
2006-07-11T09:58:44.049Z,61.1236,-151.9577,101.2,2.3,ml,,,,0.55,ak,ak0068tow26s,2019-02-13T05:02:46.589Z,"44 km W of Tyonek, Alaska",earthquake,,0.2,,,reviewed,ak,ak
2006-07-11T09:37:18.220Z,-5.603,150.593,72.5,4.9,mwc,24,68.3,,1.23,us,usp000encx,2016-11-10T01:25:26.424Z,"50 km E of Kimbe, Papua New Guinea",earthquake,,21.2,,,reviewed,us,hrv
2006-07-11T09:25:30.580Z,-5.293,150.466,54.6,4.4,mb,14,217.9,,1.24,us,usp000encw,2014-11-07T01:29:37.870Z,"46 km NE of Kimbe, Papua New Guinea",earthquake,,,,5,reviewed,us,us
2006-07-11T08:56:46.530Z,18.237,-66.886,20.5,2.6,md,12,88.4,,,us,usp000encv,2014-11-07T01:29:37.868Z,"6 km S of Lares, Puerto Rico",earthquake,,,,,reviewed,rspr,rspr
2006-07-11T08:49:24.814Z,50.9833,-179.0749,5.1,3.1,ml,,,,0.88,ak,ak0068to8nnl,2019-02-13T05:02:45.749Z,"196 km WSW of Adak, Alaska",earthquake,,0.6,,,reviewed,ak,ak
2006-07-11T08:23:16.432Z,54.3271,-161.3933,25,2.5,ml,,,,0.82,ak,ak0068to32e3,2019-02-13T05:02:59.571Z,"101 km SE of King Cove, Alaska",earthquake,,10.6,,,reviewed,ak,ak
2006-07-11T08:21:11.760Z,40.3731667,-125.1336667,4.062,2.42,md,9,325,0.7757,0.28,nc,nc21526738,2017-01-14T23:54:09.795Z,"77 km WSW of Ferndale, California",earthquake,20.64,24.01,0.06,3,reviewed,nc,nc
2006-07-11T08:21:05.653Z,54.2794,-161.3352,25.7,2.6,ml,,,,0.62,ak,ak0068to2m4l,2019-02-13T05:02:59.161Z,"107 km SE of King Cove, Alaska",earthquake,,9.7,,,reviewed,ak,ak
2006-07-11T08:10:42.550Z,-4.962,150.086,58.7,4.4,mb,10,266.8,,1.05,us,usp000encu,2014-11-07T01:29:37.867Z,"65 km N of Kimbe, Papua New Guinea",earthquake,,36.3,,5,reviewed,us,us
2006-07-11T07:58:34.980Z,-21.398,169.528,10,4.5,mb,21,129.6,,1.19,us,usp000enct,2014-11-07T01:29:37.865Z,"171 km E of Tadine, New Caledonia",earthquake,,,,9,reviewed,us,us
2006-07-11T07:56:32.848Z,56.5325,-156.4908,45.2,2.8,ml,,,,0.69,ak,ak0068tnoqok,2019-02-13T05:02:58.732Z,"121 km ENE of Chignik, Alaska",earthquake,,1.3,,,reviewed,ak,ak
2006-07-11T07:37:16.270Z,52.0185,177.1562,6,2.4,ml,,,,0.47,ak,ak0068tnkmsr,2019-02-13T05:02:53.016Z,"285 km ESE of Attu Station, Alaska",earthquake,,2.1,,,reviewed,ak,ak
2006-07-11T07:20:56.963Z,57.8575,-154.0734,48.1,3.1,ml,,,,0.58,ak,ak0068tnh2rk,2019-02-13T05:02:45.300Z,"35 km N of Larsen Bay, Alaska",earthquake,,0.6,,,reviewed,ak,ak
2006-07-11T07:18:04.783Z,59.8633,-152.6324,72.4,2.1,ml,,,,0.97,ak,ak0068tngjb2,2019-02-13T05:02:44.876Z,"45 km WNW of Anchor Point, Alaska",earthquake,,0.9,,,reviewed,ak,ak
2006-07-11T07:08:28.105Z,52.0192,176.9983,10,2.4,ml,,,,0.71,ak,ak0068tnefy2,2019-02-13T05:02:52.633Z,"275 km ESE of Attu Station, Alaska",earthquake,,0,,,reviewed,ak,ak
2006-07-11T06:53:24.490Z,-16.352,-174.368,100.7,4.5,mb,15,133.9,,0.66,us,usp000encq,2014-11-07T01:29:37.860Z,"75 km SW of Hihifo, Tonga",earthquake,,12.7,,6,reviewed,us,us
2006-07-11T06:47:06.500Z,40.653,142.461,57.6,4.4,mwr,59,134.2,,0.76,us,usp000encp,2014-11-07T01:29:37.853Z,"83 km ENE of Hachinohe, Japan",earthquake,,,,,reviewed,us,nied
2006-07-11T06:35:23.458Z,66.0655,-141.9579,10,2.5,ml,,,,0.88,ak,ak0068tmysbd,2019-02-13T05:02:58.042Z,"99 km ENE of Circle, Alaska",earthquake,,0,,,reviewed,ak,ak
2006-07-11T06:32:28.224Z,37.1425,-115.2604,0,2.5,ml,10,135.69,0.313,0.1324,nn,nn00184987,2018-04-24T20:33:44.019Z,"26 km SSW of Alamo, Nevada",earthquake,,0,,,reviewed,nn,nn
2006-07-11T06:18:57.657Z,61.9631,-149.5499,38.7,2.6,ml,,,,0.66,ak,ak0068tmv7s5,2019-02-13T05:02:44.394Z,"27 km SE of Susitna North, Alaska",earthquake,,0,,,reviewed,ak,ak
2006-07-11T06:18:43.010Z,3.078,122.583,534.1,4.6,mb,21,126.8,,0.65,us,usp000enck,2014-11-07T01:29:37.848Z,"285 km N of Gorontalo, Indonesia",earthquake,,12,,9,reviewed,us,us
2006-07-11T06:08:51.154Z,51.0523,179.0574,11.2,2.6,ml,,,,0.15,ak,ak0068tmt24b,2019-02-13T05:02:57.692Z,"Rat Islands, Aleutian Islands, Alaska",earthquake,,0.6,,,reviewed,ak,ak
2006-07-11T06:01:20.901Z,54.1845,-162.7461,10,2,ml,,,,0.34,ak,ak0068tmrhru,2019-02-13T05:02:56.987Z,"86 km SSE of False Pass, Alaska",earthquake,,0,,,reviewed,ak,ak
2006-07-11T05:48:11.198Z,51.7233,-174.9444,9.5,2.1,ml,,,,0.61,ak,ak0068tmg42n,2019-02-13T05:02:56.632Z,"73 km SW of Atka, Alaska",earthquake,,0.9,,,reviewed,ak,ak
2006-07-11T05:40:29.000Z,35.84,22.5,35,3.3,md,7,233,,,us,usp000encj,2014-11-07T01:29:37.846Z,"55 km SW of Kýthira, Greece",earthquake,,,,,reviewed,ath,ath
2006-07-11T05:37:20.900Z,37.47,22.03,23,3.1,md,7,127,,,us,usp000ench,2014-11-07T01:29:37.845Z,"12 km NW of Megalópoli, Greece",earthquake,,,,,reviewed,ath,ath
2006-07-11T05:31:19.583Z,52.0336,177.1363,5.5,2.5,ml,,,,1.03,ak,ak0068tmchjq,2019-02-13T05:02:43.646Z,"283 km ESE of Attu Station, Alaska",earthquake,,3.9,,,reviewed,ak,ak
2006-07-11T05:25:06.980Z,-5.339,150.805,35,4.6,mb,13,215.3,,0.8,us,usp000encg,2014-11-07T01:29:37.843Z,"77 km ENE of Kimbe, Papua New Guinea",earthquake,,,,6,reviewed,us,us
2006-07-11T05:05:22.550Z,-22.113,-179.55,608.9,5.2,mwc,99,38.5,,0.94,us,usp000encf,2016-11-10T00:20:41.713Z,"south of the Fiji Islands",earthquake,,,,,reviewed,us,hrv
2006-07-11T05:00:00.700Z,19.088,-65.978,33.4,3.1,md,12,237,,,us,usp000ence,2014-11-07T01:29:37.828Z,"70 km N of San Juan, Puerto Rico",earthquake,,,,,reviewed,rspr,rspr
2006-07-11T04:59:55.890Z,-4.759,153.714,140.5,4.3,mb,8,243.9,,0.86,us,usp000encd,2014-11-07T01:29:37.826Z,"166 km ESE of Kokopo, Papua New Guinea",earthquake,,36.6,,1,reviewed,us,us
2006-07-11T04:04:22.360Z,51.195,-179.123,53.6,5,mwc,364,128.8,,0.76,us,usp000encc,2022-05-02T18:23:10.692Z,"188 km WSW of Adak, Alaska",earthquake,,3.8,,,reviewed,us,hrv
2006-07-11T03:41:24.900Z,40.29,25.32,22,3.2,md,9,102.5,,,us,usp000encb,2014-11-07T01:29:37.797Z,"24 km SSW of Kamariótissa, Greece",earthquake,,,,,reviewed,ath,ath
2006-07-11T03:20:12.462Z,63.5105,-147.9311,4.4,2,ml,,,,0.92,ak,ak0068tl38wu,2019-02-13T05:02:42.172Z,"52 km ENE of Cantwell, Alaska",earthquake,,0.1,,,reviewed,ak,ak
2006-07-11T03:12:26.200Z,37.74,20.89,16,3.5,md,11,213.1,,,us,usp000enca,2014-11-07T01:29:37.796Z,"2 km SE of Ambelókipoi, Greece",earthquake,,,,,reviewed,ath,ath
2006-07-11T03:06:24.490Z,6.885,-73.11,164.8,3.9,mb,7,160.3,,1.22,us,usp000enc9,2014-11-07T01:29:37.794Z,"13 km SSW of Piedecuesta, Colombia",earthquake,,14.3,,1,reviewed,us,us
2006-07-11T03:05:08.630Z,-22.747,-68.429,92.6,4.6,mb,25,49.1,,1.45,us,usp000enc8,2014-11-07T01:29:37.791Z,"29 km NW of San Pedro de Atacama, Chile",earthquake,,8.1,,5,reviewed,us,us
2006-07-11T02:42:17.732Z,51.8406,176.918,16.6,2.2,ml,,,,0.79,ak,ak0068tkmjgt,2019-02-13T05:02:51.847Z,"277 km ESE of Attu Station, Alaska",earthquake,,14,,,reviewed,ak,ak
2006-07-11T02:30:44.060Z,-9.579,123.337,71.4,4.9,mb,14,123.3,,1.55,us,usp000enc7,2014-11-07T01:29:37.789Z,"47 km W of Naisano Dua, Indonesia",earthquake,,31.3,,2,reviewed,us,us
2006-07-11T02:18:08.390Z,51.223,-179.122,41.9,4,ml,18,196.9,,0.83,us,usp000enc5,2019-02-13T05:02:41.378Z,"187 km WSW of Adak, Alaska",earthquake,,9.9,,,reviewed,us,aeic
2006-07-11T02:17:53.730Z,-6.1,103.688,42.9,4.5,mb,22,143.3,,0.54,us,usp000enc4,2014-11-07T01:29:37.782Z,"189 km WSW of Bandar Lampung, Indonesia",earthquake,,,,7,reviewed,us,us
2006-07-11T02:11:40.030Z,-9.107,111.086,35,4.4,mb,14,174.8,,1.34,us,usp000enc3,2014-11-07T01:29:37.780Z,"132 km SSW of Trenggalek, Indonesia",earthquake,,,,3,reviewed,us,us
2006-07-11T01:55:39.330Z,-5.101,151.091,35,4.1,mb,10,152.5,,0.61,us,usp000enc2,2014-11-07T01:29:37.778Z,"116 km ENE of Kimbe, Papua New Guinea",earthquake,,,,2,reviewed,us,us
2006-07-11T01:54:16.370Z,-4.877,150.326,35,3.9,mb,15,230.8,,0.8,us,usp000enc1,2014-11-07T01:29:37.776Z,"77 km NNE of Kimbe, Papua New Guinea",earthquake,,,,3,reviewed,us,us
2006-07-11T01:23:30.400Z,38.39,21.93,26,3.1,md,4,121.9,,,us,usp000enc0,2014-11-07T01:29:37.775Z,"8 km E of Náfpaktos, Greece",earthquake,,,,,reviewed,ath,ath
2006-07-11T01:14:28.493Z,51.1624,-179.1464,22.5,2,ml,,,,0.26,ak,ak0068tjv4n5,2019-02-13T05:02:53.762Z,"191 km WSW of Adak, Alaska",earthquake,,0.8,,,reviewed,ak,ak
2006-07-11T01:13:48.083Z,52.1212,177.1936,13.2,2.6,ml,,,,0.64,ak,ak0068tjuyfs,2019-02-13T05:02:52.233Z,"283 km ESE of Attu Station, Alaska",earthquake,,5.6,,,reviewed,ak,ak
2006-07-11T01:10:30.930Z,-4.744,151.798,185.9,5.2,mb,20,177.9,,0.82,us,usp000enbz,2014-11-07T01:29:37.773Z,"68 km SW of Kokopo, Papua New Guinea",earthquake,,18.3,,4,reviewed,us,us
2006-07-11T01:06:03.220Z,4.255,95.096,30,4,mb,17,195.3,,0.42,us,usp000enby,2014-11-07T01:29:37.771Z,"115 km W of Meulaboh, Indonesia",earthquake,,,,3,reviewed,us,us
2006-07-11T01:00:15.940Z,-3.681,130.71,35,4.5,mb,22,164.4,,0.93,us,usp000enbx,2014-11-07T01:29:37.768Z,"202 km E of Amahai, Indonesia",earthquake,,,,9,reviewed,us,us
2006-07-11T00:58:28.690Z,0.738,97.334,46,5.2,mb,211,30.5,,0.77,us,usp000enbw,2014-11-07T01:29:37.752Z,"178 km SSW of Singkil, Indonesia",earthquake,,7.6,,83,reviewed,us,us
2006-07-11T00:53:25.910Z,-5.865,103.782,35,4.4,mb,18,155.6,,0.79,us,usp000enbv,2014-11-07T01:29:37.750Z,"167 km SW of Kotabumi, Indonesia",earthquake,,,,4,reviewed,us,us
2006-07-11T00:41:06.370Z,-3.084,129.791,35,4.3,mb,17,156.3,,0.96,us,usp000enbu,2014-11-07T01:29:37.748Z,"100 km ENE of Amahai, Indonesia",earthquake,,,,5,reviewed,us,us
2006-07-11T00:39:45.640Z,-4.812,150.061,35,3.8,mb,13,152.1,,0.89,us,usp000enbt,2014-11-07T01:29:37.746Z,"82 km N of Kimbe, Papua New Guinea",earthquake,,,,2,reviewed,us,us
2006-07-11T00:16:26.650Z,-4.732,150.988,35,4.3,mb,15,154.8,,0.78,us,usp000enbs,2014-11-07T01:29:37.744Z,"130 km NE of Kimbe, Papua New Guinea",earthquake,,,,5,reviewed,us,us
2006-07-11T00:11:23.040Z,35.0455,-117.6665,-0.952,2.14,ml,19,75,0.1135,0.14,ci,ci14239384,2016-03-09T15:52:08.940Z,"5km NNW of Boron, CA",quarry blast,0.44,31.61,0.152,36,reviewed,ci,ci
2006-07-11T00:07:00.384Z,58.175,-153.4675,39.5,2.3,ml,,,,0.41,ak,ak0068tj84uu,2019-02-13T05:02:40.248Z,"35 km WNW of Aleneva, Alaska",earthquake,,1.7,,,reviewed,ak,ak
2006-07-11T00:05:51.260Z,-5.266,150.353,65.7,4.4,mb,15,128.4,,0.56,us,usp000enbr,2014-11-07T01:29:37.742Z,"39 km NE of Kimbe, Papua New Guinea",earthquake,,16.2,,2,reviewed,us,us
2006-07-11T00:05:44.330Z,-24.572,178.443,602.6,4.6,mb,17,189.8,,0.88,us,usp000enbq,2014-11-07T01:29:37.740Z,"south of the Fiji Islands",earthquake,,23.4,,2,reviewed,us,us
2006-07-11T00:04:42.686Z,59.5584,-152.5891,65.9,2,ml,,,,0.74,ak,ak0068tj7kz0,2019-02-13T05:02:55.145Z,"44 km WNW of Nanwalek, Alaska",earthquake,,0.9,,,reviewed,ak,ak
2006-07-11T00:00:40.865Z,52.0945,177.2322,2.8,3.1,ml,,,,0.67,ak,ak0068tj6pyu,2019-02-13T05:02:39.861Z,"287 km ESE of Attu Station, Alaska",earthquake,,0,,,reviewed,ak,ak
2006-07-10T23:48:05.200Z,-3.2,129.467,35,4.1,mb,16,134.8,,1.17,us,usp000enbp,2014-11-07T01:29:37.738Z,"62 km ENE of Amahai, Indonesia",earthquake,,,,3,reviewed,us,us
2006-07-10T23:30:41.900Z,44.5615,-110.779,4.91,2.88,ml,17,63,0.1065,0.2,uu,uu50318840,2018-08-28T21:54:49.970Z,"28 km ESE of West Yellowstone, Montana",earthquake,0.41,1.05,,5,reviewed,uu,uu
2006-07-10T23:21:31.970Z,-16.953,-172.954,35,4.5,mb,12,325.4,,0.58,us,usp000enbn,2014-11-07T01:29:37.737Z,"142 km SE of Hihifo, Tonga",earthquake,,,,6,reviewed,us,us
2006-07-10T23:18:49.780Z,-18.559,-178.061,659.3,4,mb,16,190.2,,0.51,us,usp000enbm,2014-11-07T01:29:37.734Z,"282 km E of Levuka, Fiji",earthquake,,66.7,,6,reviewed,us,us
2006-07-10T22:51:00.710Z,44.5648333,-110.7828333,7.5,2.03,ml,13,82,0.1077,0.19,uu,uu50318805,2018-08-28T21:54:45.310Z,"27 km ESE of West Yellowstone, Montana",earthquake,0.52,1.56,,3,reviewed,uu,uu
2006-07-10T22:50:14.070Z,51.272,-179.16,44.9,4.8,mwc,323,105.6,,0.82,us,usp000enbk,2019-02-13T05:02:27.287Z,"187 km WSW of Adak, Alaska",earthquake,,,,,reviewed,us,hrv
2006-07-10T22:28:46.000Z,36.8,23.52,25,3.3,ml,12,78.3,,,us,usp000enbj,2014-11-07T01:29:37.708Z,"45 km ENE of Géfyra, Greece",earthquake,,,,,reviewed,ath,ath
2006-07-10T22:26:06.000Z,-5.013,150.616,35,4.2,mb,21,93.7,,0.88,us,usp000enbh,2014-11-07T01:29:37.706Z,"79 km NE of Kimbe, Papua New Guinea",earthquake,,,,7,reviewed,us,us
2006-07-10T22:25:24.420Z,52.0636,177.0286,12,3.1,ml,,,,0.51,ak,ak0068s8w8ey,2019-02-13T05:02:26.910Z,"275 km ESE of Attu Station, Alaska",earthquake,,0.1,,,reviewed,ak,ak
2006-07-10T22:16:50.450Z,44.5618333,-110.783,7.74,2.7,ml,22,83,0.109,0.2,uu,uu50318780,2018-08-28T21:54:41.870Z,"27 km ESE of West Yellowstone, Montana",earthquake,0.46,0.75,,5,reviewed,uu,uu
2006-07-10T22:15:08.066Z,60.391,-151.114,48.2,3,ml,,,,0.51,ak,ak0068s8u1zq,2019-02-13T05:02:26.465Z,"10 km ESE of Kalifornsky, Alaska",earthquake,,0.1,,,reviewed,ak,ak
2006-07-10T22:09:45.860Z,-18.976,169.283,208,4,mb,14,124.5,,0.7,us,usp000enbf,2014-11-07T01:29:37.702Z,"62 km N of Isangel, Vanuatu",earthquake,,16.1,,4,reviewed,us,us
2006-07-10T21:50:26.260Z,44.5603333,-110.7788333,9.58,2.42,ml,13,81,0.1069,0.17,uu,uu50318735,2018-08-28T21:54:35.950Z,"28 km ESE of West Yellowstone, Montana",earthquake,0.47,1.48,,5,reviewed,uu,uu
2006-07-10T21:27:37.715Z,61.6327,-141.8927,4.8,2.5,ml,,,,1.09,ak,ak0068s8b99n,2019-02-13T05:02:26.081Z,"59 km ENE of McCarthy, Alaska",earthquake,,0,,,reviewed,ak,ak
2006-07-10T21:24:51.180Z,46.6996667,-122.742,1.24,2.5,md,9,109,0.04012,0.14,uw,uw10696408,2016-07-22T22:20:00.360Z,"13 km N of Onalaska, Washington",explosion,0.834,0.89,0.03,3,reviewed,uw,uw
2006-07-10T21:19:19.028Z,62.7801,-149.4742,71.4,2,ml,,,,0.54,ak,ak0068s89i3i,2019-02-13T05:02:25.692Z,"48 km NE of Chase, Alaska",earthquake,,0,,,reviewed,ak,ak
2006-07-10T21:07:08.150Z,51.088,-179.092,19.3,3.7,ml,16,214.9,,,us,usp000enbe,2019-02-13T05:02:25.287Z,"191 km WSW of Adak, Alaska",earthquake,,,,,reviewed,aeic,aeic
2006-07-10T20:49:11.560Z,-4.798,150.295,35,4,mb,6,316.6,,1.17,us,usp000enbd,2014-11-07T01:29:37.699Z,"85 km NNE of Kimbe, Papua New Guinea",earthquake,,,,1,reviewed,us,us
2006-07-10T20:38:59.100Z,-35.05,-70.467,18,3.6,md,6,320.6,,,us,usp000enbc,2014-11-07T01:29:37.697Z,"64 km SE of Chimbarongo, Chile",earthquake,,,,,reviewed,guc,guc
2006-07-10T19:39:25.160Z,19.2935,-155.3863333,4.639,2.12,ml,33,114,,0.13,hv,hv5507802,2020-03-31T21:48:17.660Z,"13 km NE of P?hala, Hawaii",earthquake,0.4,1.22,0.17,7,reviewed,hv,hv
2006-07-10T19:34:15.278Z,51.9761,177.2797,2.8,2.5,ml,,,,0.36,ak,ak0068s75uc7,2019-02-13T05:02:38.362Z,"294 km ESE of Attu Station, Alaska",earthquake,,0.3,,,reviewed,ak,ak
2006-07-10T19:15:25.520Z,-23.479,-179.733,515.8,4.5,mb,27,140.3,,0.72,us,usp000enbb,2014-11-07T01:29:37.694Z,"south of the Fiji Islands",earthquake,,13.7,,12,reviewed,us,us
2006-07-10T19:14:48.990Z,43.672,-14.946,10,4.5,m,22,281.4,,0.78,us,usp000enba,2014-11-07T01:29:37.690Z,"North Atlantic Ocean",earthquake,,,,,reviewed,us,mdd
2006-07-10T19:12:25.590Z,-21.351,-178.835,568.2,4.4,mb,30,136.4,,0.85,us,usp000enb9,2014-11-07T01:29:37.687Z,"Fiji region",earthquake,,11.3,,9,reviewed,us,us
2006-07-10T18:41:57.276Z,59.6272,-153.4172,108.5,2.4,ml,,,,0.54,ak,ak0068s6lzzj,2019-02-13T05:02:37.951Z,"42 km ESE of Pedro Bay, Alaska",earthquake,,0.2,,,reviewed,ak,ak
2006-07-10T18:33:29.910Z,-15.267,-174.885,246.1,4.1,mb,21,119.3,,0.7,us,usp000enb8,2014-11-07T01:29:37.685Z,"139 km WNW of Hihifo, Tonga",earthquake,,9.5,,3,reviewed,us,us
2006-07-10T18:20:15.320Z,51.222,-179.098,49.9,4.8,mwc,178,130,,0.82,us,usp000enb7,2019-02-13T05:02:24.091Z,"185 km WSW of Adak, Alaska",earthquake,,4.8,,,reviewed,us,hrv
2006-07-10T18:09:32.410Z,43.697,-105.191,0,3.6,ml,35,143.9,,0.77,rusms,rusms00004146,2022-06-09T21:12:51.701Z,"24 km ESE of Wright, Wyoming",explosion,,,,,reviewed,us,us
2006-07-10T17:03:50.230Z,3.423,126.832,73.9,4.4,mb,12,177.9,,0.73,us,usp000enb6,2014-11-07T01:29:37.658Z,"228 km NW of Tobelo, Indonesia",earthquake,,36.2,,4,reviewed,us,us
2006-07-10T16:45:23.030Z,-5.748,151.157,66.3,4.6,mb,12,208.8,,1.37,us,usp000enb5,2014-11-07T01:29:37.657Z,"115 km E of Kimbe, Papua New Guinea",earthquake,,32.8,,3,reviewed,us,us
2006-07-10T16:18:57.792Z,51.3643,178.7509,41.7,2.5,ml,,,,0.33,ak,ak0068s5a7cj,2019-02-13T05:02:37.178Z,"Rat Islands, Aleutian Islands, Alaska",earthquake,,0.3,,,reviewed,ak,ak
2006-07-10T16:02:47.340Z,-58.723,-25.015,44.8,5.2,mwc,97,45.9,,0.87,us,usp000enb4,2016-11-10T01:25:24.269Z,"South Sandwich Islands region",earthquake,,9.8,,,reviewed,us,hrv
2006-07-10T16:01:09.930Z,42.823,-1.475,3.3,2.7,ml,26,66.6,,,us,usp000enb3,2014-11-07T01:29:37.644Z,"2 km NNW of Lizoáin, Spain",earthquake,,,,,reviewed,mdd,ldg
2006-07-10T15:41:22.770Z,36.3703333,-120.9541667,6.112,2.08,md,33,93,0.05676,0.09,nc,nc21526676,2017-01-14T23:49:39.090Z,"23 km NE of King City, California",earthquake,0.25,0.67,0.23,26,reviewed,nc,nc
2006-07-10T15:30:28.923Z,65.773,-169.6234,9.9,4.9,mw,,,,0.56,ak,ak0068s4ra3w,2019-02-13T05:02:23.677Z,"30 km W of Diomede, Alaska",earthquake,,3.4,,,reviewed,ak,ak
2006-07-10T15:09:10.760Z,36.853,69.995,10.1,4.9,mb,206,131.2,,0.84,us,usp000enb1,2022-05-02T15:33:01.313Z,"33 km NNE of Farkh?r, Afghanistan",earthquake,,20.4,,113,reviewed,us,us
2006-07-10T14:51:15.515Z,60.4922,-152.2872,87.8,2.1,ml,,,,0.46,ak,ak0068s4abi7,2019-02-13T05:02:23.270Z,"54 km WSW of Salamatof, Alaska",earthquake,,0.1,,,reviewed,ak,ak
2006-07-10T14:35:36.271Z,52.0011,177.3804,5.3,2.8,ml,,,,0.61,ak,ak0068s46xnf,2019-02-13T05:02:35.626Z,"Rat Islands, Aleutian Islands, Alaska",earthquake,,3.1,,,reviewed,ak,ak
2006-07-10T14:11:33.273Z,51.224,-179.2235,23.2,2.7,ml,,,,0.71,ak,ak0068s41s8f,2019-02-13T05:02:22.870Z,"193 km WSW of Adak, Alaska",earthquake,,0.2,,,reviewed,ak,ak
2006-07-10T14:02:02.150Z,51.509,178.778,40.8,3.6,ml,16,110.3,,1.24,us,usp000enb0,2019-02-13T05:02:22.461Z,"Rat Islands, Aleutian Islands, Alaska",earthquake,,,,,reviewed,us,aeic
2006-07-10T13:48:39.217Z,60.3817,-150.7562,50.6,2.9,ml,,,,0.5,ak,ak0068s3oakx,2019-02-28T19:48:45.108Z,"13 km S of Funny River, Alaska",earthquake,,0.1,,,reviewed,ak,ak
2006-07-10T13:47:14.520Z,32.1666667,-115.838,5.787,2.62,ml,14,245,0.4845,0.26,ci,ci14239264,2016-03-09T00:51:14.604Z,"52km SSW of Progreso, B.C., MX",earthquake,2.15,31.61,0.144,56,reviewed,ci,ci
2006-07-10T13:43:51.330Z,19.3358333,-155.1058333,6.067,2.24,ml,39,147,,0.11,hv,hv5507742,2020-03-31T21:48:17.160Z,"14 km SSE of Fern Forest, Hawaii",earthquake,0.4,0.49,0.17,10,reviewed,hv,hv
2006-07-10T13:42:57.750Z,-5.667,150.523,79.4,4.3,mb,15,191.9,,0.76,us,usp000enay,2014-11-07T01:29:37.599Z,"44 km ESE of Kimbe, Papua New Guinea",earthquake,,19.2,,6,reviewed,us,us
2006-07-10T13:38:50.720Z,-5.554,150.349,81.2,4.4,mb,10,207.3,,0.86,us,usp000enax,2014-11-07T01:29:37.598Z,"23 km E of Kimbe, Papua New Guinea",earthquake,,23.8,,2,reviewed,us,us
2006-07-10T13:29:16.440Z,-28.872,-177.885,74.7,4.3,mb,10,213.4,,0.53,us,usp000enaw,2014-11-07T01:29:37.596Z,"Kermadec Islands region",earthquake,,9.5,,1,reviewed,us,us
2006-07-10T13:27:41.200Z,-27.712,-70.435,7,2.8,ml,4,194.5,,,us,usp000enav,2014-11-07T01:29:37.595Z,"39 km SSW of Copiapó, Chile",earthquake,,,,,reviewed,guc,guc
2006-07-10T13:27:28.120Z,12.632,58.322,10,4.3,mb,26,105.8,,0.85,us,usp000enau,2014-11-07T01:29:37.592Z,"Owen Fracture Zone region",earthquake,,,,7,reviewed,us,us
2006-07-10T13:10:04.380Z,-21.424,-174.199,29.1,4.8,mb,90,103.7,,0.92,us,usp000enat,2014-11-07T01:29:37.583Z,"78 km E of ‘Ohonua, Tonga",earthquake,,23.4,,35,reviewed,us,us
2006-07-10T13:08:49.828Z,50.8892,-179.1978,4.3,2.1,ml,,,,0.64,ak,ak0068s3fqra,2019-02-13T05:02:28.739Z,"209 km WSW of Adak, Alaska",earthquake,,1.7,,,reviewed,ak,ak
2006-07-10T13:01:34.349Z,59.5897,-152.9499,96.5,2.1,ml,,,,0.52,ak,ak0068s3e7ju,2019-02-13T05:02:21.579Z,"63 km WNW of Nanwalek, Alaska",earthquake,,0.4,,,reviewed,ak,ak
2006-07-10T12:07:03.300Z,43.02,0.02,10,2.9,ml,37,51.9,,,us,usp000enas,2014-11-07T01:29:37.569Z,"9 km SSE of Lourdes, France",earthquake,,,,,reviewed,str,ldg
2006-07-10T11:44:48.316Z,51.7097,-173.3923,10,2.3,ml,,,,0.59,ak,ak0068s2gl7j,2019-02-13T05:02:35.245Z,"77 km SE of Atka, Alaska",earthquake,,0,,,reviewed,ak,ak
2006-07-10T11:23:43.702Z,39.5854,-115.7757,0,2.4,ml,4,197.89,1.23,0.1321,nn,nn00184908,2018-04-24T20:33:42.966Z,"17 km ENE of Eureka, Nevada",earthquake,,0,,,reviewed,nn,nn
2006-07-10T11:07:07.851Z,52.319,-174.1165,6.2,2.2,ml,,,,0.31,ak,ak0068s28kld,2019-02-13T05:02:20.780Z,"14 km NNE of Atka, Alaska",earthquake,,0.2,,,reviewed,ak,ak
2006-07-10T09:58:01.230Z,-5.484,150.777,66,5.1,mwc,44,70,,1.04,us,usp000enar,2016-11-10T01:25:23.275Z,"71 km E of Kimbe, Papua New Guinea",earthquake,,11.6,,,reviewed,us,hrv
2006-07-10T09:40:14.350Z,14.889,120.058,82.4,4.1,mb,15,159.4,,0.69,us,usp000enaq,2014-11-07T01:29:37.563Z,"6 km SSW of San Nicolas, Philippines",earthquake,,14,,2,reviewed,us,us
2006-07-10T09:07:02.680Z,36.3056667,-120.886,4.798,2.17,md,59,65,0.03784,0.09,nc,nc21526646,2017-01-14T23:48:05.060Z,"23 km NNE of San Lucas, California",earthquake,0.21,0.38,0.13,30,reviewed,nc,nc
2006-07-10T09:06:25.750Z,15.557,-104.273,69.8,4.2,mb,37,229.9,,0.89,us,usp000enap,2014-11-07T01:29:37.559Z,"off the coast of Michoacan, Mexico",earthquake,,22.8,,21,reviewed,us,us
2006-07-10T08:54:02.890Z,39.887,28.772,4.5,2.9,md,8,75,,,us,usp000enan,2014-11-07T01:29:37.558Z,"11 km SW of Kar?ncal?, Turkey",earthquake,,,,,reviewed,isk,isk
2006-07-10T08:52:38.020Z,24.243,123.415,35,4.4,mb,17,103.3,,0.76,us,usp000enam,2014-11-07T01:29:37.556Z,"48 km ESE of Yonakuni, Japan",earthquake,,,,6,reviewed,us,us
2006-07-10T08:36:28.051Z,51.1575,-179.0808,10,2.2,ml,,,,0.68,ak,ak0068s0mj3p,2019-02-13T05:02:19.996Z,"187 km WSW of Adak, Alaska",earthquake,,0.2,,,reviewed,ak,ak
2006-07-10T08:29:43.840Z,17.686,-99.466,98.3,3.8,mb,8,228.2,,0.52,us,usp000enak,2014-11-07T01:29:37.555Z,"7 km ENE of Zumpango del Río, Mexico",earthquake,,34,,2,reviewed,us,us
2006-07-10T08:23:49.847Z,51.8171,-174.6883,4.9,2.9,ml,,,,0.28,ak,ak0068s0jsh4,2019-02-13T05:02:33.774Z,"53 km SW of Atka, Alaska",earthquake,,0.4,,,reviewed,ak,ak
2006-07-10T08:22:38.500Z,37.7,20.05,5,4,ml,26,141.1,,,us,usp000enaj,2014-11-07T01:29:37.552Z,"63 km WSW of Katastárion, Greece",earthquake,,,,,reviewed,ath,ath
2006-07-10T08:03:05.806Z,51.1248,-179.0884,19.6,2.1,ml,,,,0.4,ak,ak0068s0fer8,2019-02-13T05:02:28.388Z,"189 km WSW of Adak, Alaska",earthquake,,1.6,,,reviewed,ak,ak
2006-07-10T07:56:00.080Z,-6.06,130.444,15,4,mb,9,155.8,,0.6,us,usp000enah,2014-11-07T01:29:37.550Z,"260 km W of Tual, Indonesia",earthquake,,0,,2,reviewed,us,us
2006-07-10T07:24:36.410Z,18.243,-68.894,127.4,3.7,md,12,183.7,,,us,usp000enag,2014-11-07T01:29:37.548Z,"22 km SSE of La Romana, Dominican Republic",earthquake,,,,,reviewed,rspr,rspr
2006-07-10T07:21:37.880Z,-11.627,-13.432,10,5.5,mwb,201,36.9,,0.89,us,usp000enaf,2022-05-02T18:23:04.662Z,"Ascension Island region",earthquake,,,,,reviewed,us,us
2006-07-10T07:01:30.570Z,-5.491,150.648,64.7,4.9,mwc,18,175.2,,1.14,us,usp000enae,2016-11-10T01:25:22.303Z,"56 km E of Kimbe, Papua New Guinea",earthquake,,23.2,,,reviewed,us,hrv
2006-07-10T06:37:11.805Z,52.1382,177.228,13.8,2.9,ml,,,,0.4,ak,ak0068rzfucs,2019-02-13T05:02:19.596Z,"285 km ESE of Attu Station, Alaska",earthquake,,0.9,,,reviewed,ak,ak
2006-07-10T06:25:39.475Z,51.2004,-174.1057,33.1,2.8,ml,,,,0.83,ak,ak0068rzdbwb,2019-02-13T05:02:33.387Z,"110 km S of Atka, Alaska",earthquake,,2.5,,,reviewed,ak,ak
2006-07-10T06:07:06.586Z,51.0779,-179.0536,10.8,2.6,ml,,,,0.22,ak,ak0068rz9egy,2019-02-13T05:02:19.202Z,"189 km WSW of Adak, Alaska",earthquake,,0.5,,,reviewed,ak,ak
2006-07-10T06:03:11.120Z,51.076,-179.043,38.9,4.1,mb,24,204.6,,1.2,us,usp000enad,2019-02-13T05:02:18.769Z,"189 km WSW of Adak, Alaska",earthquake,,,,10,reviewed,us,us
2006-07-10T05:50:11.200Z,48.175,117.303,10,4.2,mb,10,108.3,,0.98,us,usp000enac,2014-11-07T01:29:37.513Z,"144 km SSW of Jalai Nur, China",earthquake,,0,,1,reviewed,us,us
2006-07-10T05:46:35.984Z,50.9597,-179.1607,4.8,2.2,ml,,,,0.36,ak,ak0068rywe26,2019-02-13T05:02:27.689Z,"203 km WSW of Adak, Alaska",earthquake,,3.1,,,reviewed,ak,ak
2006-07-10T05:26:01.882Z,51.0117,-179.1449,2.9,2,ml,,,,0.56,ak,ak0068rys13w,2019-02-13T05:02:28.039Z,"199 km WSW of Adak, Alaska",earthquake,,0.1,,,reviewed,ak,ak
2006-07-10T05:06:21.580Z,-31.845,-179.92,270.1,4.1,mb,11,135.3,,1.52,us,usp000enaa,2014-11-07T01:29:37.510Z,"Kermadec Islands region",earthquake,,20.2,,6,reviewed,us,us
2006-07-10T04:59:10.690Z,-5.073,150.104,85.5,3.7,mb,6,287.4,,0.3,us,usp000ena9,2014-11-07T01:29:37.509Z,"52 km N of Kimbe, Papua New Guinea",earthquake,,33.8,,1,reviewed,us,us
2006-07-10T04:58:47.639Z,51.4128,178.785,38,2.4,ml,,,,0.35,ak,ak0068rydjy3,2019-02-13T05:02:17.972Z,"Rat Islands, Aleutian Islands, Alaska",earthquake,,0.2,,,reviewed,ak,ak
2006-07-10T04:48:01.910Z,-23.485,-179.865,583.3,4.6,mb,21,135.1,,0.68,us,usp000ena8,2014-11-07T01:29:37.506Z,"south of the Fiji Islands",earthquake,,32.3,,10,reviewed,us,us
2006-07-10T04:17:46.820Z,51.2101,-179.2035,22.7,2.8,ml,,,,0.55,ak,ak0068ry4riy,2019-02-13T05:02:17.583Z,"192 km WSW of Adak, Alaska",earthquake,,0.1,,,reviewed,ak,ak
2006-07-10T03:54:53.550Z,14.945,120.11,71.8,4.9,mwc,82,67.1,,0.81,us,usp000ena7,2016-11-10T01:25:21.810Z,"2 km E of San Antonio, Philippines",earthquake,,6.3,,,reviewed,us,hrv
2006-07-10T03:46:52.172Z,52.0155,-173.6265,1.2,2.6,ml,,,,0.33,ak,ak0068rxpk3l,2019-02-13T05:02:17.296Z,"44 km ESE of Atka, Alaska",earthquake,,0.2,,,reviewed,ak,ak
2006-07-10T03:29:14.170Z,-6.415,129.827,132.2,4.7,mb,9,191.3,,1.11,us,usp000ena5,2014-11-07T01:29:37.480Z,"Banda Sea",earthquake,,33.3,,3,reviewed,us,us
2006-07-10T03:23:13.070Z,-20.549,-177.847,502.8,4.6,mb,31,135.2,,1.06,us,usp000ena4,2014-11-07T01:29:37.475Z,"282 km WNW of Haveluloto, Tonga",earthquake,,13.6,,15,reviewed,us,us
2006-07-10T03:21:46.450Z,35.9288333,-117.6981667,1.193,2.17,ml,26,34,0.04549,0.18,ci,ci14239196,2016-03-09T12:12:43.087Z,"19km E of Little Lake, CA",earthquake,0.34,0.62,0.137,42,reviewed,ci,ci
2006-07-10T03:09:46.444Z,50.962,-179.3137,6.5,2.3,ml,,,,0.6,ak,ak0068rxhm5w,2019-02-13T05:02:16.896Z,"212 km WSW of Adak, Alaska",earthquake,,2.6,,,reviewed,ak,ak
2006-07-10T02:54:59.890Z,14.21,-93.001,35,4.3,mb,27,182.7,,1.29,us,usp000ena3,2014-11-07T01:29:37.471Z,"84 km SW of Puerto Madero, Mexico",earthquake,,,,12,reviewed,us,us
2006-07-10T02:54:43.890Z,33.856,-117.1121667,10.953,3.9,ml,141,41,,0.29,ci,ci14239184,2022-06-15T22:30:16.757Z,"7km NNE of Nuevo, CA",earthquake,0.22,0.41,0.128,383,reviewed,ci,ci
2006-07-10T02:49:13.980Z,34.064,140.732,45,3.9,m,6,226.6,,,us,usp000ena1,2014-11-07T01:29:37.440Z,"125 km SSE of Katsuura, Japan",earthquake,,,,,reviewed,jma,jma
2006-07-10T02:48:11.319Z,60.1426,-152.4734,85.3,2.4,ml,,,,0.51,ak,ak0068rx4grv,2019-02-13T05:02:16.444Z,"45 km WNW of Ninilchik, Alaska",earthquake,,0.2,,,reviewed,ak,ak
2006-07-10T02:28:35.210Z,-4.929,150.331,35,4.2,mb,8,288.2,,0.83,us,usp000ena0,2014-11-07T01:29:37.439Z,"72 km NNE of Kimbe, Papua New Guinea",earthquake,,,,3,reviewed,us,us
2006-07-10T02:25:34.000Z,-35.298,-70.893,105.3,3.3,m,12,204.4,,,us,usp000en9z,2014-11-07T01:29:37.436Z,"40 km ESE of Molina, Chile",earthquake,,,,,reviewed,guc,guc
2006-07-10T02:24:26.360Z,38.818,-122.7938333,2.318,2.28,md,49,34,0.01171,0.08,nc,nc21526616,2017-01-14T23:45:53.350Z,"6 km W of Cobb, California",earthquake,0.18,0.28,0.13,25,reviewed,nc,nc
2006-07-10T02:12:35.800Z,-35.679,-71.343,125,4.3,mb,40,53.3,,,us,usp000en9y,2014-11-07T01:29:37.432Z,"5 km ENE of Colbún, Chile",earthquake,,,,8,reviewed,guc,us
2006-07-10T02:06:07.770Z,51.333,-179.152,48.3,4.4,mb,95,178,,0.92,us,usp000en9x,2019-02-13T05:02:16.002Z,"184 km WSW of Adak, Alaska",earthquake,,6,,35,reviewed,us,us
2006-07-10T01:57:59.989Z,50.8778,-179.1178,11,2.5,ml,,,,0.49,ak,ak0068rwl2da,2019-02-13T05:02:15.596Z,"205 km WSW of Adak, Alaska",earthquake,,0.8,,,reviewed,ak,ak
2006-07-10T01:55:41.143Z,51.1306,-179.21,20.2,2.3,ml,,,,0.59,ak,ak0068rwklhe,2019-02-13T05:02:15.180Z,"197 km WSW of Adak, Alaska",earthquake,,0.2,,,reviewed,ak,ak
2006-07-10T01:51:22.990Z,-12.033,166.819,165.3,4.4,mb,48,48,,1.11,us,usp000en9w,2014-11-07T01:29:37.420Z,"182 km SE of Lata, Solomon Islands",earthquake,,12.9,,8,reviewed,us,us
2006-07-10T01:48:33.541Z,51.9112,-177.5431,104.2,2.1,ml,,,,0.25,ak,ak0068rwj2vu,2019-02-13T05:02:31.115Z,"62 km W of Adak, Alaska",earthquake,,0.3,,,reviewed,ak,ak
2006-07-10T01:31:01.220Z,38.7936667,-122.8001667,3.177,2.13,md,43,34,0.005405,0.07,nc,nc21526614,2017-01-14T23:45:28.650Z,"7 km WSW of Cobb, California",earthquake,0.17,0.32,0.09,20,reviewed,nc,nc
2006-07-10T01:26:37.310Z,-22.319,-67.019,163.7,3.6,mb,16,55.8,,1.3,us,usp000en9v,2014-11-07T01:29:37.418Z,"138 km ENE of San Pedro de Atacama, Chile",earthquake,,10,,2,reviewed,us,us
2006-07-10T01:24:33.120Z,-5.647,150.646,74.4,4.4,mb,25,143.7,,1.04,us,usp000en9u,2014-11-07T01:29:37.415Z,"57 km E of Kimbe, Papua New Guinea",earthquake,,13.1,,9,reviewed,us,us
2006-07-10T00:59:28.018Z,51.0209,-179.2898,9.4,2.4,ml,,,,0.38,ak,ak0068rvzzq9,2019-02-13T05:02:14.386Z,"207 km WSW of Adak, Alaska",earthquake,,0.4,,,reviewed,ak,ak
2006-07-10T00:53:06.430Z,1.497,126.19,10,4.1,mb,17,170.2,,0.77,us,usp000en9t,2014-11-07T01:29:37.413Z,"135 km E of Laikit, Laikit II (Dimembe), Indonesia",earthquake,,0,,9,reviewed,us,us
2006-07-10T00:48:37.400Z,-34.195,-71.124,71.1,4,mb,10,138.8,,,us,usp000en9s,2014-11-07T01:29:37.411Z,"26 km N of San Vicente, Chile",earthquake,,,,4,reviewed,guc,us
2006-07-10T00:38:01.110Z,-5.518,150.653,73.4,5,mwc,46,39,,1.13,us,usp000en9r,2016-11-10T01:25:21.316Z,"57 km E of Kimbe, Papua New Guinea",earthquake,,,,,reviewed,us,hrv
2006-07-10T00:31:34.700Z,-5.812,151.586,35,4.3,mb,11,253.4,,1.38,us,usp000en9q,2014-11-07T01:29:37.405Z,"163 km E of Kimbe, Papua New Guinea",earthquake,,,,3,reviewed,us,us
2006-07-10T00:30:47.200Z,36.11,22.23,8,3.2,md,4,234.1,,,us,usp000en9p,2014-11-07T01:29:37.404Z,"68 km W of Kýthira, Greece",earthquake,,,,,reviewed,ath,ath
2006-07-10T00:09:11.300Z,50.9971,-179.0345,4.4,2.9,ml,,,,0.39,ak,ak0068rvp8my,2019-02-13T05:02:13.962Z,"193 km WSW of Adak, Alaska",earthquake,,0.1,,,reviewed,ak,ak
2006-07-10T00:01:50.520Z,35.9593333,-120.5108333,12.924,2.47,md,58,29,0.01081,0.1,nc,nc21526602,2017-01-14T23:44:27.690Z,"9 km NW of Parkfield, California",earthquake,0.22,0.28,0.1,72,reviewed,nc,nc
2006-07-09T23:58:16.360Z,-32.615,-178.152,35,4.4,mb,12,206.6,,1.24,us,usp000en9n,2014-11-07T01:29:37.402Z,"south of the Kermadec Islands",earthquake,,,,4,reviewed,us,us
2006-07-09T23:56:01.610Z,-19.842,-70.4,71.6,3.7,mb,12,150.4,,1.27,us,usp000en9m,2014-11-07T01:29:37.400Z,"48 km NNW of Iquique, Chile",earthquake,,14.4,,1,reviewed,us,us
2006-07-09T23:51:36.480Z,-19.747,-70.701,26.7,3.6,mb,9,162.4,,1.03,us,usp000en9k,2014-11-07T01:29:37.399Z,"77 km NW of Iquique, Chile",earthquake,,24.2,,2,reviewed,us,us
2006-07-09T23:36:05.840Z,-23.512,-71.217,35,4,mb,18,147.6,,1.32,us,usp000en9j,2014-11-07T01:29:37.397Z,"85 km W of Antofagasta, Chile",earthquake,,,,4,reviewed,us,us
2006-07-09T23:22:14.050Z,-19.821,-70.547,45.7,4.4,mb,30,96.4,,1.12,us,usp000en9h,2014-11-07T01:29:37.393Z,"60 km NW of Iquique, Chile",earthquake,,11,,9,reviewed,us,us
2006-07-09T23:05:06.339Z,51.1179,-179.0436,17.5,2.2,ml,,,,0.45,ak,ak0068qltzt5,2019-02-13T05:01:43.362Z,"187 km WSW of Adak, Alaska",earthquake,,0.2,,,reviewed,ak,ak
2006-07-09T22:30:38.700Z,14.57,-104.218,10,4.9,mwc,37,185.3,,0.89,us,usp000en9g,2016-11-10T01:25:20.822Z,"northern East Pacific Rise",earthquake,,,,,reviewed,us,hrv
2006-07-09T22:28:35.570Z,-18.825,-177.706,617,4.2,mb,23,135,,0.49,us,usp000en9f,2014-11-07T01:29:37.386Z,"Fiji region",earthquake,,26.5,,6,reviewed,us,us
2006-07-09T22:27:32.650Z,-4.969,150.644,35,4.4,mb,9,189.2,,0.56,us,usp000en9e,2014-11-07T01:29:37.385Z,"85 km NE of Kimbe, Papua New Guinea",earthquake,,,,1,reviewed,us,us
2006-07-09T22:27:05.920Z,-4.893,150.594,35,4.3,mb,11,253.6,,0.73,us,usp000en9d,2014-11-07T01:29:37.383Z,"88 km NE of Kimbe, Papua New Guinea",earthquake,,,,4,reviewed,us,us
2006-07-09T22:26:03.210Z,-22.106,-68.844,100.3,3.7,mb,9,148.9,,1.44,us,usp000en9c,2014-11-07T01:29:37.381Z,"39 km NNE of Calama, Chile",earthquake,,10.8,,3,reviewed,us,us
2006-07-09T22:20:01.640Z,36.4685,-121.0483333,5.434,2.15,md,55,57,0.04685,0.05,nc,nc21526592,2017-01-14T23:43:51.780Z,"24 km NE of Greenfield, California",earthquake,0.13,0.39,0.15,42,reviewed,nc,nc
2006-07-09T22:19:08.060Z,32.7433333,-115.81,11.533,2.17,ml,26,82,0.06789,0.28,ci,ci14239116,2016-03-09T00:51:08.758Z,"17km E of Ocotillo, CA",earthquake,0.57,1.23,0.178,66,reviewed,ci,ci
2006-07-09T22:09:10.501Z,52.0124,177.1474,5,2.6,ml,,,,0.6,ak,ak0068ql9fe2,2019-02-13T05:02:13.559Z,"284 km ESE of Attu Station, Alaska",earthquake,,0,,,reviewed,ak,ak
2006-07-09T22:09:04.460Z,43.986,-28.407,10,4.3,mb,25,68.3,,0.84,us,usp000en9b,2014-11-07T01:29:37.379Z,"northern Mid-Atlantic Ridge",earthquake,,,,4,reviewed,us,us
2006-07-09T21:58:52.460Z,51.0621,-179.2075,5.6,2.7,ml,,,,0.52,ak,ak0068qkyl3y,2019-02-13T05:01:42.939Z,"200 km WSW of Adak, Alaska",earthquake,,0.3,,,reviewed,ak,ak
2006-07-09T21:57:43.750Z,-5.498,150.698,81.6,4.5,mb,20,125.5,,0.94,us,usp000en9a,2016-11-09T06:22:16.089Z,"62 km E of Kimbe, Papua New Guinea",earthquake,,19.8,,3,reviewed,us,us
2006-07-09T21:57:28.140Z,-5.45,150.435,58.4,4.8,mwc,27,61.4,,1.33,us,usp000en99,2014-11-07T01:29:37.373Z,"34 km ENE of Kimbe, Papua New Guinea",earthquake,,,,,reviewed,us,hrv
2006-07-09T21:53:04.230Z,6.678,126.742,254.2,4.7,mb,22,176,,0.82,us,usp000en98,2014-11-07T01:29:37.371Z,"50 km ESE of Bobon, Philippines",earthquake,,8.3,,3,reviewed,us,us
2006-07-09T21:28:34.750Z,-5.236,150.907,35,4.2,mb,13,151.4,,0.72,us,usp000en97,2014-11-07T01:29:37.369Z,"92 km ENE of Kimbe, Papua New Guinea",earthquake,,,,4,reviewed,us,us
2006-07-09T21:27:39.644Z,51.168,-179.2023,20,2.4,ml,,,,0.31,ak,ak0068qkrwx8,2019-02-13T05:01:42.578Z,"194 km WSW of Adak, Alaska",earthquake,,0.5,,,reviewed,ak,ak
2006-07-09T21:01:35.600Z,-41.67,174.15,9,4.1,ml,39,75.2,,,us,usp000en96,2014-11-07T01:29:37.366Z,"23 km SE of Blenheim, New Zealand",earthquake,,,,,reviewed,wel,wel
2006-07-09T20:57:59.440Z,-20.887,-67.571,171.7,4.1,mb,17,97.7,,1.39,us,usp000en95,2014-11-07T01:29:37.364Z,"90 km WSW of Uyuni, Bolivia",earthquake,,10.1,,4,reviewed,us,us
2006-07-09T20:47:39.500Z,-5.598,150.845,58.9,4.3,mb,21,151.7,,0.66,us,usp000en94,2014-11-07T01:29:37.361Z,"78 km E of Kimbe, Papua New Guinea",earthquake,,16.4,,3,reviewed,us,us
2006-07-09T20:42:05.860Z,34.02,33.996,30,3.3,ml,6,301,,,us,usp000en93,2014-11-07T01:29:37.360Z,"Cyprus region",earthquake,,,,,reviewed,nic,nic
2006-07-09T20:39:17.600Z,-30.83,-71.76,15,3.7,ml,7,216.3,,,us,usp000en92,2014-11-07T01:29:37.358Z,"59 km WSW of Ovalle, Chile",earthquake,,,,,reviewed,guc,guc
2006-07-09T20:37:11.120Z,-5.032,150.32,60.3,4.3,mb,15,151.6,,0.9,us,usp000en91,2014-11-07T01:29:37.357Z,"60 km NNE of Kimbe, Papua New Guinea",earthquake,,20.4,,3,reviewed,us,us
2006-07-09T20:23:02.479Z,51.0744,-179.0501,15.2,2.1,ml,,,,0.35,ak,ak0068qk5jl3,2019-02-13T05:02:06.550Z,"189 km WSW of Adak, Alaska",earthquake,,2,,,reviewed,ak,ak
2006-07-09T20:21:49.400Z,37.238,-7.428,2.7,2.7,mblg,38,171,,,us,usp000en90,2014-11-07T01:29:37.350Z,"2 km NE of Castro Marim, Portugal",earthquake,,,,,reviewed,mdd,mdd
2006-07-09T20:18:17.500Z,-19.755,-70.578,33.5,4.2,mb,30,119.5,,0.9,us,usp000en8z,2014-11-07T01:29:37.346Z,"Near the coast of Tarapaca, Chile",earthquake,,13.3,,7,reviewed,us,us
2006-07-09T20:10:55.786Z,51.1537,-179.1832,15.8,2.7,ml,,,,0.36,ak,ak0068qk2ve2,2019-02-13T05:01:41.875Z,"194 km WSW of Adak, Alaska",earthquake,,0.3,,,reviewed,ak,ak
2006-07-09T20:05:41.700Z,-24.376,-67.372,205,4.3,m,12,81.7,,,us,usp000en8y,2014-11-07T01:29:37.344Z,"108 km W of San Antonio de los Cobres, Argentina",earthquake,,,,,reviewed,guc,guc
2006-07-09T20:02:16.500Z,51.43,-179.369,14.6,4.8,mb,209,128.6,,0.79,us,usp000en8x,2019-02-13T05:01:41.472Z,"195 km WSW of Adak, Alaska",earthquake,,,,108,reviewed,us,us
2006-07-09T20:00:12.096Z,59.4195,-152.9917,75.7,3.5,ml,,,,0.74,ak,ak0068qk0mux,2019-02-13T05:01:40.931Z,"61 km W of Nanwalek, Alaska",earthquake,,0.1,,,reviewed,ak,ak
2006-07-09T19:45:32.130Z,-19.848,-70.401,75,4.1,mb,16,129.3,,1.43,us,usp000en8v,2014-11-07T01:29:37.322Z,"48 km NNW of Iquique, Chile",earthquake,,16.2,,1,reviewed,us,us
2006-07-09T19:44:45.170Z,-20.091,-177.542,449.4,4.5,mb,32,78.6,,1.44,us,usp000en8u,2014-11-07T01:29:37.319Z,"269 km WNW of Haveluloto, Tonga",earthquake,,18.5,,12,reviewed,us,us
2006-07-09T19:42:44.050Z,-5.978,151.98,37.4,4.5,mb,11,121.7,,1.45,us,usp000en8t,2014-11-07T01:29:37.317Z,"183 km S of Kokopo, Papua New Guinea",earthquake,,33.9,,2,reviewed,us,us
2006-07-09T19:16:06.870Z,-18.099,-175.527,80.5,4.3,mb,10,142.8,,1.06,us,usp000en8s,2014-11-07T01:29:37.316Z,"174 km WNW of Neiafu, Tonga",earthquake,,32.4,,2,reviewed,us,us
2006-07-09T18:50:59.500Z,38.64,22.11,15,3.2,ml,10,92.5,,,us,usp000en8r,2014-11-07T01:29:37.314Z,"15 km NNW of Lidoríki, Greece",earthquake,,,,,reviewed,ath,ath
2006-07-09T18:47:53.490Z,-5.052,150.703,35,4.5,mb,9,292,,0.75,us,usp000en8q,2014-11-07T01:29:37.313Z,"83 km NE of Kimbe, Papua New Guinea",earthquake,,,,1,reviewed,us,us
2006-07-09T18:28:07.340Z,-17.6,-70.503,76.7,4.4,mb,29,98.1,,0.73,us,usp000en8p,2014-11-07T01:29:37.309Z,"19 km S of Ilabaya, Peru",earthquake,,,,8,reviewed,us,us
2006-07-09T18:22:53.020Z,-5.609,150.889,71.1,4.8,mwc,24,58,,1.12,us,usp000en8n,2016-11-10T01:25:20.301Z,"83 km E of Kimbe, Papua New Guinea",earthquake,,21.8,,,reviewed,us,hrv
2006-07-09T18:22:12.500Z,-5.691,150.634,81.8,4.3,mb,14,151.3,,1.04,us,usp000en8m,2014-11-07T01:29:37.304Z,"57 km ESE of Kimbe, Papua New Guinea",earthquake,,25.2,,3,reviewed,us,us
2006-07-09T18:05:56.950Z,-4.835,150.274,35,4.5,mb,10,267.1,,0.92,us,usp000en8k,2014-11-07T01:29:37.302Z,"New Britain region, Papua New Guinea",earthquake,,,,2,reviewed,us,us
2006-07-09T17:59:15.061Z,51.0816,-179.0478,15.6,2.7,ml,,,,0.45,ak,ak0068qikziq,2019-02-13T05:01:40.184Z,"189 km WSW of Adak, Alaska",earthquake,,0.4,,,reviewed,ak,ak
2006-07-09T17:48:43.780Z,33.0055,-117.7851667,5.705,2.22,ml,17,265,0.4896,0.19,ci,ci14239064,2016-03-09T09:22:45.289Z,"44km WSW of Carlsbad, CA",earthquake,0.68,31.61,0.139,73,reviewed,ci,ci
2006-07-09T17:46:40.200Z,34.79,25.39,37,3.1,md,4,201.8,,,us,usp000en8g,2014-11-07T01:29:37.299Z,"32 km SE of Pýrgos, Greece",earthquake,,,,,reviewed,ath,ath
2006-07-09T17:18:17.900Z,37.55,21,5,3.4,md,5,267.1,,,us,usp000en8e,2014-11-07T01:29:37.297Z,"24 km SE of Lithakiá, Greece",earthquake,,,,,reviewed,ath,ath
2006-07-09T17:17:22.395Z,57.2162,-156.603,0.7,2.2,ml,,,,0.44,ak,ak0068qic00f,2019-02-13T05:01:39.436Z,"58 km SE of Ugashik, Alaska",earthquake,,0.1,,,reviewed,ak,ak
2006-07-09T17:11:06.500Z,37.37,21.52,12,3.3,ml,9,225.2,,,us,usp000en8d,2014-11-07T01:29:37.295Z,"17 km SW of Zacháro, Greece",earthquake,,,,,reviewed,ath,ath
2006-07-09T17:10:47.110Z,-5.512,150.781,53.5,4.8,mwc,25,128.5,,1.15,us,usp000en8c,2016-11-10T01:25:19.773Z,"71 km E of Kimbe, Papua New Guinea",earthquake,,14.8,,,reviewed,us,hrv
2006-07-09T17:04:45.890Z,-19.736,-70.71,10,4.7,mb,38,99.4,,1.25,us,usp000en8b,2014-11-07T01:29:37.286Z,"78 km NW of Iquique, Chile",earthquake,,,,4,reviewed,us,us
2006-07-09T17:02:05.130Z,-19.801,-70.599,29.3,4.2,mb,25,96.4,,0.94,us,usp000en8a,2014-11-07T01:29:37.283Z,"65 km NW of Iquique, Chile",earthquake,,17.1,,5,reviewed,us,us
2006-07-09T17:01:30.488Z,57.3152,-154.7301,13.9,2,ml,,,,0.44,ak,ak0068qi8l6g,2019-02-13T05:01:39.062Z,"32 km SSW of Karluk, Alaska",earthquake,,0.1,,,reviewed,ak,ak
2006-07-09T16:55:04.023Z,50.9801,-179.053,0.6,2.4,ml,,,,0.61,ak,ak0068qhyo76,2019-02-13T05:01:38.686Z,"195 km WSW of Adak, Alaska",earthquake,,0.4,,,reviewed,ak,ak
2006-07-09T16:50:53.198Z,52.1335,177.2041,16,2.6,ml,,,,0.49,ak,ak0068qhxpev,2019-02-13T05:02:10.996Z,"284 km ESE of Attu Station, Alaska",earthquake,,1.3,,,reviewed,ak,ak
2006-07-09T16:37:08.000Z,-19.703,-70.624,17.7,5.2,mwc,74,96.4,,0.91,us,usp000en89,2016-11-10T01:25:19.270Z,"75 km NW of Iquique, Chile",earthquake,,15.7,,,reviewed,us,hrv
2006-07-09T16:33:38.200Z,37.78,21.19,14,3.1,md,5,247.6,,,us,usp000en87,2014-11-07T01:29:37.273Z,"9 km S of Vartholomió, Greece",earthquake,,,,,reviewed,ath,ath
2006-07-09T16:08:16.840Z,-5.565,150.725,74,4.8,mwc,23,97.7,,1.16,us,usp000en86,2016-11-10T01:25:18.767Z,"65 km E of Kimbe, Papua New Guinea",earthquake,,20.9,,,reviewed,us,hrv
2006-07-09T16:01:46.129Z,50.9971,-179.2659,6.5,2.2,ml,,,,0.48,ak,ak0068qhn6s4,2019-02-13T05:01:38.387Z,"207 km WSW of Adak, Alaska",earthquake,,0.8,,,reviewed,ak,ak
2006-07-09T15:58:15.860Z,51.59,-179.297,10,3.2,ml,6,184.8,,0.22,us,usp000en85,2019-02-13T05:01:37.981Z,"186 km W of Adak, Alaska",earthquake,,,,,reviewed,us,aeic
2006-07-09T15:56:15.870Z,51.303,-179.23,25.2,3.5,ml,11,203.3,,0.68,us,usp000en84,2019-02-13T05:01:37.570Z,"190 km WSW of Adak, Alaska",earthquake,,13.5,,,reviewed,us,aeic
2006-07-09T15:53:09.160Z,-4.018,68.383,10,5,mwc,31,80.4,,1.1,us,usp000en83,2016-11-10T01:25:18.276Z,"Chagos Archipelago region",earthquake,,,,,reviewed,us,hrv
2006-07-09T15:36:22.200Z,-33.305,-71.081,58.2,3.2,md,6,167.1,,,us,usp000en82,2014-11-07T01:29:37.260Z,"19 km W of Lampa, Chile",earthquake,,,,,reviewed,guc,guc
2006-07-09T15:30:33.630Z,-20.3,-177.118,415.4,4,mb,26,119.2,,0.87,us,usp000en81,2014-11-07T01:29:37.257Z,"219 km WNW of Haveluloto, Tonga",earthquake,,28.8,,11,reviewed,us,us
2006-07-09T15:12:42.944Z,58.5145,-150.5824,12.8,2,ml,,,,0.86,ak,ak0068qh43t2,2019-02-13T05:02:10.632Z,"117 km SE of Port Graham, Alaska",earthquake,,0.5,,,reviewed,ak,ak
2006-07-09T15:00:20.019Z,50.943,-179.1562,9,2.8,ml,,,,0.49,ak,ak0068qh1hg1,2019-02-13T05:01:37.167Z,"203 km WSW of Adak, Alaska",earthquake,,0.4,,,reviewed,ak,ak
2006-07-09T14:54:14.390Z,51.2497,-177.2308,33,2.4,ml,,,,0.22,ak,ak0068qgrm2n,2019-02-13T05:02:10.260Z,"80 km SSW of Adak, Alaska",earthquake,,0.2,,,reviewed,ak,ak
2006-07-09T14:52:10.150Z,47.093,153.965,10,4.9,mb,144,104,,0.86,us,usp000en80,2014-11-07T01:29:37.235Z,"Kuril Islands",earthquake,,,,70,reviewed,us,us
2006-07-09T14:47:03.500Z,35.21,28.05,26,3.7,md,26,102.3,,,us,usp000en7z,2014-11-07T01:29:37.232Z,"82 km ESE of Karpathos, Greece",earthquake,,,,,reviewed,ath,ath
2006-07-09T14:45:56.500Z,37.59,21.6,29,3.3,md,5,199.8,,,us,usp000en7y,2014-11-07T01:29:37.231Z,"1 km W of Kréstena, Greece",earthquake,,,,,reviewed,ath,ath
2006-07-09T14:33:01.000Z,16.89,-94.604,124.5,4,md,5,285.8,,,us,usp000en7x,2014-11-07T01:29:37.229Z,"8 km ESE of Santa María Chimalapa, Mexico",earthquake,,,,,reviewed,unm,unm
2006-07-09T14:25:22.700Z,37.75,22.15,24,2.9,md,5,112,,,us,usp000en7w,2014-11-07T01:29:37.228Z,"13 km NE of Langádhia, Greece",earthquake,,,,,reviewed,ath,ath
2006-07-09T14:25:05.839Z,50.9769,-179.0447,13.5,2.3,ml,,,,0.61,ak,ak0068qgldnb,2019-02-13T05:02:05.388Z,"195 km WSW of Adak, Alaska",earthquake,,2.1,,,reviewed,ak,ak
2006-07-09T14:04:51.499Z,50.9701,-179.1892,8.9,2.2,ml,,,,0.42,ak,ak0068qggz4t,2019-02-13T05:02:05.008Z,"204 km WSW of Adak, Alaska",earthquake,,0.7,,,reviewed,ak,ak
2006-07-09T14:00:24.170Z,46.1968333,-122.1913333,-1.824,2.1,md,12,101,,0.13,uw,uw10696028,2016-07-22T22:19:56.380Z,"37 km NNE of Amboy, Washington",earthquake,0.022,0.32,0.03,2,reviewed,uw,uw
2006-07-09T13:57:45.045Z,50.9498,-179.2431,3.1,2.6,ml,,,,0.41,ak,ak0068qg6vzc,2019-02-13T05:01:36.385Z,"208 km WSW of Adak, Alaska",earthquake,,0.3,,,reviewed,ak,ak
2006-07-09T13:57:01.710Z,55.021,-161.721,90.4,2.8,m,4,186.3,,,us,usp000en7v,2019-02-13T05:01:35.945Z,"38 km E of King Cove, Alaska",earthquake,,,,,reviewed,aeic,aeic
2006-07-09T13:53:04.362Z,51.0354,-179.1032,4.2,2.4,ml,,,,0.16,ak,ak0068qg5xz8,2019-02-13T05:01:35.558Z,"195 km WSW of Adak, Alaska",earthquake,,0.1,,,reviewed,ak,ak
2006-07-09T13:12:20.182Z,50.9529,-179.1155,8.6,2.1,ml,,,,0.53,ak,ak0068qfx6ua,2019-02-13T05:01:34.758Z,"200 km WSW of Adak, Alaska",earthquake,,0.3,,,reviewed,ak,ak
2006-07-09T12:56:35.430Z,46.1996667,-122.1901667,-1.834,3.2,md,13,77,,0.35,uw,uw10695973,2016-07-22T22:19:55.360Z,"37 km NNE of Amboy, Washington",earthquake,,,0.05,6,reviewed,uw,uw
2006-07-09T12:20:08.910Z,-19.974,66.264,10,5,mwc,72,60,,1.08,us,usp000en7t,2016-11-10T01:25:17.762Z,"Mauritius - Reunion region",earthquake,,0,,,reviewed,us,hrv
2006-07-09T12:10:42.040Z,40.876,-124.284,19.119,3.09,md,23,175,0.2018,0.06,nc,nc21526526,2017-01-14T23:41:00.409Z,"10 km NW of Samoa, California",earthquake,0.39,0.41,0.09,18,reviewed,nc,nc
2006-07-09T11:24:46.134Z,51.007,-179.1398,13.7,2.1,ml,,,,0.34,ak,ak0068qesy85,2019-02-13T05:02:03.933Z,"199 km WSW of Adak, Alaska",earthquake,,1.5,,,reviewed,ak,ak
2006-07-09T11:16:42.770Z,51.599,16.102,5,3.4,ml,49,65.9,,1.4,us,usp000en7r,2014-11-07T01:29:37.208Z,"4 km W of Gr?bocice, Poland",earthquake,,,,,reviewed,us,ldg
2006-07-09T11:04:10.320Z,1.96,97.785,51.7,4.6,mb,13,183.9,,0.29,us,usp000en7q,2014-11-07T01:29:37.206Z,"36 km S of Singkil, Indonesia",earthquake,,,,3,reviewed,us,us
2006-07-09T11:00:51.344Z,65.1966,-148.7587,14.9,2,ml,,,,0.77,ak,ak0068qentfy,2019-02-13T05:01:34.353Z,"28 km E of Minto, Alaska",earthquake,,0.1,,,reviewed,ak,ak
2006-07-09T10:55:10.097Z,51.046,-179.1702,3.7,2,ml,,,,0.57,ak,ak0068qee31d,2019-02-13T05:02:03.157Z,"198 km WSW of Adak, Alaska",earthquake,,2.1,,,reviewed,ak,ak
2006-07-09T10:40:17.662Z,50.9028,-179.1577,2.9,2.1,ml,,,,0.47,ak,ak0068qeavvq,2019-02-13T05:01:34.050Z,"206 km WSW of Adak, Alaska",earthquake,,0.3,,,reviewed,ak,ak
2006-07-09T10:37:18.790Z,51.573,-179.197,10,3.2,ml,8,182.3,,1.11,us,usp000en7p,2019-02-13T05:01:33.622Z,"180 km WSW of Adak, Alaska",earthquake,,,,,reviewed,us,aeic
2006-07-09T10:28:10.904Z,65.2059,-148.6538,18.6,2.2,ml,,,,0.61,ak,ak0068qe8arm,2019-02-13T05:01:33.202Z,"33 km E of Minto, Alaska",earthquake,,0.2,,,reviewed,ak,ak
2006-07-09T10:18:27.982Z,60.2865,-152.1623,92.8,3.5,ml,,,,0.65,ak,ak0068qe66xa,2019-02-13T05:01:32.628Z,"38 km NW of Ninilchik, Alaska",earthquake,,0.1,,,reviewed,ak,ak
2006-07-09T10:17:49.190Z,51.412,-179.083,10,4.3,mb,44,185.9,,0.96,us,usp000en7m,2019-02-13T05:02:01.110Z,"177 km WSW of Adak, Alaska",earthquake,,,,22,reviewed,us,us
2006-07-09T10:14:12.816Z,55.298,-159.2949,47.4,2.2,ml,,,,0.36,ak,ak0068qe5aw1,2019-02-28T19:48:42.028Z,"68 km S of Ivanof Bay, Alaska",earthquake,,0.7,,,reviewed,ak,ak
2006-07-09T10:02:57.080Z,-29.457,43.932,10,4.2,mb,8,134.4,,1,us,usp000en7k,2014-11-07T01:29:37.196Z,"South Indian Ocean",earthquake,,,,1,reviewed,us,us
2006-07-09T10:00:35.900Z,45.65,-0.97,5,2.8,ml,20,158.4,,,us,usp000en7j,2014-11-07T01:29:37.191Z,"0 km NNW of Médis, France",earthquake,,,,,reviewed,str,str
2006-07-09T09:48:49.090Z,-1.513,99.431,30.1,4.4,mb,34,54.9,,0.59,us,usp000en7h,2014-11-07T01:29:37.188Z,"120 km WSW of Padang, Indonesia",earthquake,,19.8,,6,reviewed,us,us
2006-07-09T09:45:26.628Z,52.0069,177.2285,10.5,2.5,ml,,,,0.63,ak,ak0068qdqjjq,2019-02-13T05:02:08.379Z,"290 km ESE of Attu Station, Alaska",earthquake,,2,,,reviewed,ak,ak
2006-07-09T09:31:46.421Z,51.0955,-179.1485,19.7,2.3,ml,,,,0.61,ak,ak0068qdnl1u,2019-02-13T05:01:32.232Z,"194 km WSW of Adak, Alaska",earthquake,,0.5,,,reviewed,ak,ak
2006-07-09T09:24:28.310Z,40.2646667,-124.558,12.954,2.25,md,8,273,0.2703,0.05,nc,nc21526518,2017-01-14T23:40:33.744Z,"42 km SW of Ferndale, California",earthquake,1.3,1.91,0.05,3,reviewed,nc,nc
2006-07-09T09:18:36.430Z,51.208,-179.151,46.8,4.8,mwc,284,127,,0.81,us,usp000en7g,2019-02-13T05:01:31.385Z,"189 km WSW of Adak, Alaska",earthquake,,,,,reviewed,us,hrv
2006-07-09T09:15:58.122Z,52.1105,177.213,11.3,2.6,ml,,,,0.59,ak,ak0068qdk6hw,2019-02-13T05:01:31.833Z,"285 km ESE of Attu Station, Alaska",earthquake,,0.7,,,reviewed,ak,ak
2006-07-09T09:04:20.416Z,50.914,-179.0515,10.4,2.2,ml,,,,0.41,ak,ak0068qdhqpl,2019-02-13T05:01:30.981Z,"199 km WSW of Adak, Alaska",earthquake,,2.2,,,reviewed,ak,ak
2006-07-09T08:59:15.370Z,18.8,-67.288,16.5,3.1,md,7,303.1,,,us,usp000en7f,2014-11-07T01:29:37.165Z,"39 km NNW of San Antonio, Puerto Rico",earthquake,,,,,reviewed,rspr,rspr
2006-07-09T08:49:28.520Z,33.9686667,-117.1896667,12.796,2.1,ml,58,40,0.09252,0.19,ci,ci14239008,2016-03-09T10:45:33.635Z,"6km NE of Moreno Valley, CA",earthquake,0.27,0.5,0.175,137,reviewed,ci,ci
2006-07-09T08:48:17.560Z,35.274,139.103,53.2,4.7,mwr,72,234.7,,0.64,us,usp000en7e,2014-11-07T01:29:37.150Z,"5 km WNW of Odawara, Japan",earthquake,,,,,reviewed,us,nied
2006-07-09T08:34:16.058Z,51.053,-179.1213,5.1,2.1,ml,,,,0.34,ak,ak0068qd2q91,2019-02-13T05:01:30.261Z,"195 km WSW of Adak, Alaska",earthquake,,1.1,,,reviewed,ak,ak
2006-07-09T08:25:15.506Z,51.2149,179.4496,40.6,2.1,ml,,,,0.26,ak,ak0068qd0sri,2019-02-13T05:01:29.876Z,"281 km WSW of Adak, Alaska",earthquake,,0.3,,,reviewed,ak,ak
2006-07-09T08:12:15.100Z,15.834,-95.448,16.1,3.6,md,4,240.9,,,us,usp000en7d,2014-11-07T01:29:37.148Z,"26 km SSW of El Carrizal, Mexico",earthquake,,,,,reviewed,unm,unm
2006-07-09T08:00:05.742Z,50.9359,-179.142,3.9,2.5,ml,,,,0.45,ak,ak0068qcvf3y,2019-02-13T05:01:29.141Z,"203 km WSW of Adak, Alaska",earthquake,,0.5,,,reviewed,ak,ak
2006-07-09T07:55:25.600Z,36.593,-121.1903333,4.773,2.85,md,79,35,0.01802,0.05,nc,nc21526510,2017-01-14T23:39:57.720Z,"22 km NNE of Soledad, California",earthquake,0.09,0.26,0.12,109,reviewed,nc,nc
2006-07-09T07:52:38.445Z,51.037,-179.2739,13.2,2.2,ml,,,,0.74,ak,ak0068qcl79g,2019-02-13T05:01:58.698Z,"205 km WSW of Adak, Alaska",earthquake,,2.7,,,reviewed,ak,ak
2006-07-09T07:38:57.475Z,51.0266,-179.3002,7.3,2.2,ml,,,,0.58,ak,ak0068qci8pf,2019-02-13T05:01:28.714Z,"207 km WSW of Adak, Alaska",earthquake,,0.9,,,reviewed,ak,ak
2006-07-09T07:33:48.000Z,17.726,-62.253,67,3.7,md,14,170.5,,,us,usp000en7b,2014-11-07T01:29:37.145Z,"45 km WNW of Codrington, Antigua and Barbuda",earthquake,,,,,reviewed,trn,rspr
2006-07-09T07:28:56.930Z,19.528,-76.053,15,4.3,mb,14,174.8,,0.7,us,usp000en7a,2014-11-07T01:29:37.143Z,"58 km S of El Cobre, Cuba",earthquake,,0,,5,reviewed,us,us
2006-07-09T07:21:59.321Z,50.9703,-179.3153,8.2,3.1,ml,,,,0.48,ak,ak0068qceloc,2019-02-13T05:01:28.285Z,"211 km WSW of Adak, Alaska",earthquake,,0.6,,,reviewed,ak,ak
2006-07-09T07:20:00.040Z,-5.452,150.803,35,4.7,mb,17,86.7,,1.29,us,usp000en79,2014-11-07T01:29:37.141Z,"74 km E of Kimbe, Papua New Guinea",earthquake,,,,8,reviewed,us,us
2006-07-09T07:18:43.700Z,-5.297,150.583,35,4.1,mb,8,210.2,,1.12,us,usp000en78,2014-11-07T01:29:37.139Z,"56 km ENE of Kimbe, Papua New Guinea",earthquake,,,,1,reviewed,us,us
2006-07-09T07:04:01.315Z,51.4105,178.8115,41.9,2.2,ml,,,,0.29,ak,ak0068qcau0z,2019-02-28T19:48:41.077Z,"Rat Islands, Aleutian Islands, Alaska",earthquake,,0.4,,,reviewed,ak,ak
2006-07-09T06:57:45.869Z,50.95,-179.1568,13.1,2.1,ml,,,,0.65,ak,ak0068qc0ut6,2019-02-13T05:01:27.639Z,"203 km WSW of Adak, Alaska",earthquake,,0.9,,,reviewed,ak,ak
2006-07-09T06:48:30.232Z,50.9451,-179.3188,4.8,2.9,ml,,,,0.56,ak,ak0068qbyw5r,2019-02-13T05:01:27.265Z,"213 km WSW of Adak, Alaska",earthquake,,0.8,,,reviewed,ak,ak
2006-07-09T06:44:31.220Z,51.407,-179.136,15.6,4.2,mb,45,139.5,,1.02,us,usp000en77,2019-02-13T05:01:26.931Z,"180 km WSW of Adak, Alaska",earthquake,,14.4,,7,reviewed,us,us
2006-07-09T06:41:36.829Z,50.9836,-179.1348,8.3,2,ml,,,,0.63,ak,ak0068qbxenm,2019-02-13T05:01:26.559Z,"200 km WSW of Adak, Alaska",earthquake,,1.2,,,reviewed,ak,ak
2006-07-09T06:37:20.394Z,50.9958,-179.1962,9.8,2,ml,,,,0.42,ak,ak0068qbwiiv,2019-02-13T05:01:57.969Z,"203 km WSW of Adak, Alaska",earthquake,,3.5,,,reviewed,ak,ak
2006-07-09T06:33:54.280Z,51.0345,-179.203,0.6,2.1,ml,,,,0.64,ak,ak0068qbvq9w,2019-02-13T05:01:58.322Z,"201 km WSW of Adak, Alaska",earthquake,,1.3,,,reviewed,ak,ak
2006-07-09T06:30:50.050Z,51.543,178.764,42.1,4.7,mb,24,178.4,,0.87,us,usp000en76,2019-02-13T05:01:26.163Z,"Rat Islands, Aleutian Islands, Alaska",earthquake,,,,3,reviewed,us,us
2006-07-09T06:24:08.447Z,50.9809,-179.1808,1.9,2,ml,,,,0.33,ak,ak0068qbtpak,2019-02-13T05:01:57.274Z,"203 km WSW of Adak, Alaska",earthquake,,1,,,reviewed,ak,ak
2006-07-09T06:18:14.700Z,51.281,-179.24,45.8,5.2,mwc,442,98.1,,0.79,us,usp000en75,2022-05-02T15:32:56.182Z,"192 km WSW of Adak, Alaska",earthquake,,,,,reviewed,us,hrv
2006-07-09T06:17:51.552Z,51.0047,-179.0353,5.9,5,ml,,,,0.55,ak,ak0068qbsalv,2019-02-13T05:01:25.779Z,"192 km WSW of Adak, Alaska",earthquake,,0.9,,,reviewed,ak,ak
2006-07-09T06:16:29.002Z,51.0339,-179.0035,17.1,3,ml,,,,0.48,ak,ak0068qbs15g,2019-02-13T05:01:24.988Z,"189 km WSW of Adak, Alaska",earthquake,,0.4,,,reviewed,ak,ak
2006-07-09T06:10:40.931Z,60.3946,-146.4775,19.2,2.3,ml,,,,0.5,ak,ak0068qbqrrx,2019-02-13T05:01:24.211Z,"42 km WSW of Cordova, Alaska",earthquake,,0.1,,,reviewed,ak,ak
2006-07-09T06:09:30.410Z,50.94,-179.247,4.9,3.4,ml,7,224.6,,,us,usp000en74,2019-02-13T05:01:23.422Z,"209 km WSW of Adak, Alaska",earthquake,,,,,reviewed,aeic,aeic
2006-07-09T06:03:35.061Z,63.4832,-152.5547,6.5,2.1,ml,,,,0.47,ak,ak0068qbp9b6,2019-02-13T05:01:23.833Z,"41 km W of Denali National Park, Alaska",earthquake,,0.3,,,reviewed,ak,ak
2006-07-09T06:01:10.156Z,57.1189,-156.8918,92.6,2.8,ml,,,,0.32,ak,ak0068qboryf,2019-02-13T05:01:23.016Z,"53 km SE of Ugashik, Alaska",earthquake,,0.5,,,reviewed,ak,ak
2006-07-09T05:58:46.720Z,52.358,179.865,199.5,4.1,mb,67,94.4,,1.14,us,usp000en72,2019-02-13T05:01:22.587Z,"245 km WNW of Adak, Alaska",earthquake,,,,28,reviewed,us,us
2006-07-09T05:55:58.648Z,51.0082,-179.2585,4.9,2.7,ml,,,,0.51,ak,ak0068qbf0rc,2019-02-13T05:01:22.170Z,"Andreanof Islands, Aleutian Islands, Alaska",earthquake,,0.8,,,reviewed,ak,ak
2006-07-09T05:54:37.841Z,50.9396,-179.2975,13,2,ml,,,,0.31,ak,ak0068qberfs,2019-02-13T05:01:56.905Z,"212 km WSW of Adak, Alaska",earthquake,,3.1,,,reviewed,ak,ak
2006-07-09T05:48:56.359Z,51.0854,-179.1948,2.2,3.3,ml,,,,0.43,ak,ak0068qbdikj,2019-02-13T05:01:56.553Z,"198 km WSW of Adak, Alaska",earthquake,,1.9,,,reviewed,ak,ak
2006-07-09T05:46:46.420Z,50.927,-179.178,4.7,5.4,mwc,437,39.7,,,us,usp000en71,2022-05-02T15:32:50.369Z,"205 km WSW of Adak, Alaska",earthquake,,,,,reviewed,aeic,hrv
2006-07-09T05:44:33.020Z,50.97,-179.018,2.6,4.7,mb,150,139.1,,,us,usp000en70,2019-02-13T05:01:21.303Z,"193 km WSW of Adak, Alaska",earthquake,,,,77,reviewed,aeic,us
2006-07-09T05:43:17.140Z,35.1143333,-117.5493333,0.237,2.75,ml,45,52,0.2163,0.17,ci,ci14238988,2016-03-09T14:00:35.096Z,"16km NE of Boron, CA",earthquake,0.26,0.64,0.123,181,reviewed,ci,ci
2006-07-09T05:42:01.820Z,51.005,-179.002,14.5,4.5,mb,66,103,,,us,usp000en6z,2019-02-13T05:01:20.965Z,"190 km WSW of Adak, Alaska",earthquake,,,,28,reviewed,aeic,us
2006-07-09T05:36:17.480Z,-20.334,-178.388,671.2,4.1,mb,13,200.5,,0.77,us,usp000en6y,2014-11-07T01:29:37.023Z,"Fiji region",earthquake,,58.6,,5,reviewed,us,us
2006-07-09T05:30:49.174Z,51.1283,-179.166,18.5,2,ml,,,,0.59,ak,ak0068qb9n4l,2019-02-13T05:01:56.191Z,"194 km WSW of Adak, Alaska",earthquake,,3.3,,,reviewed,ak,ak
2006-07-09T05:25:54.400Z,50.9452,-179.1275,5,2.5,ml,,,,0.6,ak,ak0068qb8ky8,2019-02-13T05:01:20.562Z,"201 km WSW of Adak, Alaska",earthquake,,0.5,,,reviewed,ak,ak
2006-07-09T05:11:26.790Z,-10.467,120.126,36.6,4,mb,9,156.8,,1.16,us,usp000en6x,2014-11-07T01:29:37.022Z,"90 km S of Waingapu, Indonesia",earthquake,,31.8,,1,reviewed,us,us
2006-07-09T05:09:57.120Z,1.846,96.666,30,4.2,mb,10,210.3,,0.45,us,usp000en6w,2014-11-07T01:29:37.020Z,"77 km SSE of Sinabang, Indonesia",earthquake,,,,4,reviewed,us,us
2006-07-09T05:06:57.660Z,35.1156667,-117.5518333,0.357,2.52,ml,38,52,0.2163,0.16,ci,ci14238984,2016-03-08T20:26:16.531Z,"16km NE of Boron, CA",earthquake,0.29,0.65,0.164,127,reviewed,ci,ci
2006-07-09T05:04:16.350Z,35.1161667,-117.55,0.447,2.22,ml,30,67,0.2175,0.14,ci,ci14238980,2016-03-08T18:39:56.777Z,"16km NE of Boron, CA",earthquake,0.26,0.59,0.166,92,reviewed,ci,ci
2006-07-09T04:54:23.710Z,50.979,-179.208,12,3.1,ml,11,222,,,us,usp000en6v,2019-02-13T05:01:20.126Z,"204 km WSW of Adak, Alaska",earthquake,,,,,reviewed,aeic,aeic
2006-07-09T04:37:25.106Z,51.0363,-179.2196,3.8,2.1,ml,,,,0.65,ak,ak0068qapnoe,2019-02-13T05:01:19.727Z,"202 km WSW of Adak, Alaska",earthquake,,0.2,,,reviewed,ak,ak
2006-07-09T04:33:49.588Z,50.9248,-179.1396,3.6,2.7,ml,,,,0.57,ak,ak0068qaoupa,2019-02-13T05:01:19.325Z,"203 km WSW of Adak, Alaska",earthquake,,0.5,,,reviewed,ak,ak
2006-07-09T04:31:33.079Z,63.2708,-151.4146,7.7,3.5,ml,,,,0.64,ak,ak0068qaodzv,2019-02-13T05:01:18.821Z,"33 km SSE of Denali National Park, Alaska",earthquake,,0,,,reviewed,ak,ak
2006-07-09T04:28:28.620Z,-32.671,179.955,400,4.3,mb,18,271.4,,0.71,us,usp000en6t,2014-11-07T01:29:37.014Z,"south of the Kermadec Islands",earthquake,,,,2,reviewed,us,us
2006-07-09T04:26:27.899Z,51.0114,-179.0738,10.6,3.1,ml,,,,0.5,ak,ak0068qanb0l,2019-02-13T05:01:54.059Z,"194 km WSW of Adak, Alaska",earthquake,,0.4,,,reviewed,ak,ak
2006-07-09T04:16:20.110Z,51.044,-179.17,19.6,5.4,mwc,401,72.9,,,us,usp000en6s,2022-05-02T18:23:02.903Z,"198 km WSW of Adak, Alaska",earthquake,,,,,reviewed,aeic,hrv
2006-07-09T03:58:48.520Z,-5.431,146.203,71.4,4.2,mb,18,155.8,,0.92,us,usp000en6r,2014-11-07T01:29:36.974Z,"51 km ESE of Madang, Papua New Guinea",earthquake,,15.7,,6,reviewed,us,us
2006-07-09T03:48:43.484Z,51.5483,-179.4848,64.2,2.8,ml,,,,0.36,ak,ak0068qa6md8,2019-02-13T05:01:17.962Z,"200 km WSW of Adak, Alaska",earthquake,,0.4,,,reviewed,ak,ak
2006-07-09T03:26:41.490Z,51.1044,-179.2108,18.1,2.4,ml,,,,0.43,ak,ak0068qa1wgl,2019-02-28T19:48:39.874Z,"198 km WSW of Adak, Alaska",earthquake,,0.5,,,reviewed,ak,ak
2006-07-09T03:26:11.020Z,-5.752,150.748,87.5,4.4,mb,16,116,,1.04,us,usp000en6q,2014-11-07T01:29:36.971Z,"71 km ESE of Kimbe, Papua New Guinea",earthquake,,20.4,,4,reviewed,us,us
2006-07-09T03:24:24.976Z,50.9693,-179.153,7.1,2.3,ml,,,,0.39,ak,ak0068qa1fr5,2019-02-13T05:01:16.737Z,"202 km WSW of Adak, Alaska",earthquake,,0.5,,,reviewed,ak,ak
2006-07-09T03:12:53.700Z,36.52,27.22,119,4.1,mb,183,47.4,,,us,usp000en6p,2014-11-07T01:29:36.958Z,"12 km SE of Mandráki, Greece",earthquake,,,,86,reviewed,ath,us
2006-07-09T03:10:20.066Z,50.9403,-179.2156,7.5,3.2,ml,,,,0.46,ak,ak0068q9yfcm,2019-02-13T05:01:16.305Z,"207 km WSW of Adak, Alaska",earthquake,,0.3,,,reviewed,ak,ak
2006-07-09T02:49:19.180Z,-16.651,-174.96,146.8,4.1,mb,17,129.7,,0.94,us,usp000en6n,2014-11-07T01:29:36.955Z,"146 km WSW of Hihifo, Tonga",earthquake,,52.7,,3,reviewed,us,us
2006-07-09T02:47:50.340Z,34.861,32.623,20,3.2,ml,5,193.4,,,us,usp000en6m,2014-11-07T01:29:36.954Z,"10 km ESE of Polémi, Cyprus",earthquake,,,,,reviewed,nic,nic
2006-07-09T02:41:31.864Z,51.0402,-178.9938,14,2.1,ml,,,,0.7,ak,ak0068q9jnuq,2019-02-13T05:01:51.366Z,"188 km WSW of Adak, Alaska",earthquake,,1.2,,,reviewed,ak,ak
2006-07-09T02:24:38.149Z,51.1655,-179.1329,10,2.5,ml,,,,0.73,ak,ak0068q9g15y,2019-02-28T19:48:38.830Z,"190 km WSW of Adak, Alaska",earthquake,,0.3,,,reviewed,ak,ak
2006-07-09T02:19:39.763Z,51.0853,-179.2165,2.1,2,ml,,,,0.46,ak,ak0068q9eypk,2019-02-13T05:01:15.483Z,"199 km WSW of Adak, Alaska",earthquake,,0.1,,,reviewed,ak,ak
2006-07-09T02:11:40.300Z,15.889,-95.061,6.2,4,md,5,181.7,,,us,usp000en6k,2014-11-07T01:29:36.953Z,"34 km SSE of Salina Cruz, Mexico",earthquake,,,,,reviewed,unm,unm
2006-07-09T02:11:20.584Z,51.0253,-179.1132,4.8,2.2,ml,,,,0.4,ak,ak0068q9d7i2,2019-02-13T05:01:15.074Z,"196 km WSW of Adak, Alaska",earthquake,,0.2,,,reviewed,ak,ak
2006-07-09T02:08:32.917Z,51.0597,-179.1747,14.4,2.4,ml,,,,0.44,ak,ak0068q9claz,2019-02-13T05:01:14.652Z,"198 km WSW of Adak, Alaska",earthquake,,0.4,,,reviewed,ak,ak
2006-07-09T02:04:17.400Z,17.144,-94.738,139.9,3.8,md,4,315.6,,,us,usp000en6j,2014-11-07T01:29:36.952Z,"16 km ENE of Cuauhtémoc, Mexico",earthquake,,,,,reviewed,unm,unm
2006-07-09T02:01:36.996Z,50.9633,-179.1667,6.5,2.1,ml,,,,0.47,ak,ak0068q9b3lv,2019-02-13T05:01:14.229Z,"203 km WSW of Adak, Alaska",earthquake,,1.2,,,reviewed,ak,ak
2006-07-09T01:37:47.610Z,50.9335,-179.1939,4.8,2,ml,,,,0.56,ak,ak0068q8xell,2019-02-13T05:01:49.451Z,"206 km WSW of Adak, Alaska",earthquake,,4,,,reviewed,ak,ak
2006-07-09T01:36:05.320Z,38.8053333,-122.7725,0.808,2.28,md,55,44,0.00991,0.07,nc,nc21526444,2017-01-14T23:38:10.970Z,"4 km WSW of Cobb, California",earthquake,0.13,0.19,0.13,32,reviewed,nc,nc
2006-07-09T01:34:17.919Z,51.1529,-179.0861,15.8,2,ml,,,,0.31,ak,ak0068q8wp5r,2019-02-13T05:01:49.154Z,"188 km WSW of Adak, Alaska",earthquake,,2,,,reviewed,ak,ak
2006-07-09T01:26:28.000Z,41.644,13.985,19.4,2.5,md,14,112.4,,,us,usp000en6h,2014-11-07T01:29:36.950Z,"5 km SW of Pizzone, Italy",earthquake,,,,,reviewed,rom,rom
2006-07-09T01:17:10.494Z,51.0054,-179.1786,3.5,2.1,ml,,,,0.57,ak,ak0068q8t1ex,2019-02-28T19:48:37.057Z,"201 km WSW of Adak, Alaska",earthquake,,1.6,,,reviewed,ak,ak
2006-07-09T01:13:28.630Z,50.91,-179.189,6.7,3.8,ml,9,225.2,,,us,usp000en6g,2019-02-13T05:01:12.994Z,"207 km WSW of Adak, Alaska",earthquake,,,,,reviewed,aeic,aeic
2006-07-09T01:08:33.400Z,-31.24,-69.53,160,3.7,m,15,183,,,us,usp000en6f,2014-11-07T01:29:36.945Z,"14 km NW of Calingasta, Argentina",earthquake,,,,,reviewed,guc,guc
2006-07-09T01:06:31.132Z,51.0943,-179.2698,0.5,2,ml,,,,0.5,ak,ak0068q8qq4p,2019-02-13T05:01:47.573Z,"202 km WSW of Adak, Alaska",earthquake,,1.6,,,reviewed,ak,ak
2006-07-09T01:05:54.489Z,50.985,-179.194,1.7,2.5,ml,,,,0.49,ak,ak0068q8qk7s,2019-02-13T05:01:12.689Z,"203 km WSW of Adak, Alaska",earthquake,,0.1,,,reviewed,ak,ak
2006-07-09T01:04:14.597Z,51.183,-179.2453,7.3,2.3,ml,,,,0.62,ak,ak0068q8q9f7,2019-02-13T05:01:47.175Z,"196 km WSW of Adak, Alaska",earthquake,,3.5,,,reviewed,ak,ak
2006-07-09T01:03:50.905Z,51.0548,-179.184,3.8,2.4,ml,,,,0.47,ak,ak0068q8q4ia,2019-02-13T05:01:46.381Z,"199 km WSW of Adak, Alaska",earthquake,,1,,,reviewed,ak,ak
2006-07-09T01:00:42.437Z,50.9851,-179.186,3.7,2.8,ml,,,,0.4,ak,ak0068q8pgpf,2019-02-13T05:01:46.784Z,"203 km WSW of Adak, Alaska",earthquake,,1.2,,,reviewed,ak,ak
2006-07-09T00:58:21.000Z,51.312,-179.291,47.9,5.3,mwc,247,94.5,,1.15,us,usp000en6e,2022-05-02T15:32:44.086Z,"194 km WSW of Adak, Alaska",earthquake,,5.7,,,reviewed,us,hrv
2006-07-09T00:55:26.492Z,61.7489,-147.1033,26.3,2.5,ml,,,,0.57,ak,ak0068q8fs95,2019-02-13T05:01:11.871Z,"21 km S of Eureka Roadhouse, Alaska",earthquake,,0.1,,,reviewed,ak,ak
2006-07-09T00:54:54.650Z,-3.637,131.325,35,4.3,mb,13,159.6,,1.06,us,usp000en6c,2014-11-07T01:29:36.923Z,"269 km E of Amahai, Indonesia",earthquake,,,,2,reviewed,us,us
2006-07-09T00:54:25.252Z,50.9308,-179.2563,2.9,2.1,ml,,,,0.42,ak,ak0068q8fkfx,2019-02-13T05:01:45.987Z,"210 km WSW of Adak, Alaska",earthquake,,1.6,,,reviewed,ak,ak
2006-07-09T00:53:28.644Z,51.1468,-179.2641,4.7,2.5,ml,,,,0.77,ak,ak0068q8fczk,2019-02-13T05:01:11.562Z,"199 km WSW of Adak, Alaska",earthquake,,0.5,,,reviewed,ak,ak
2006-07-09T00:44:00.488Z,50.9455,-179.1122,4.6,2.2,ml,,,,0.54,ak,ak0068q8dddc,2019-02-13T05:01:11.189Z,"200 km WSW of Adak, Alaska",earthquake,,0.2,,,reviewed,ak,ak
2006-07-09T00:43:20.256Z,63.2328,-149.1146,86,2,ml,,,,0.45,ak,ak0068q8d76h,2019-02-13T05:01:10.790Z,"19 km SSW of Cantwell, Alaska",earthquake,,0,,,reviewed,ak,ak
2006-07-09T00:40:43.430Z,38.8115,-122.793,2.524,2.61,md,56,33,0.01802,0.07,nc,nc21526434,2017-01-14T23:37:27.210Z,"6 km W of Cobb, California",earthquake,0.14,0.25,0.14,46,reviewed,nc,nc
2006-07-09T00:36:51.397Z,50.8448,-179.13,4.7,2.4,ml,,,,0.55,ak,ak0068q8brkj,2019-02-13T05:01:10.422Z,"208 km SW of Adak, Alaska",earthquake,,0.3,,,reviewed,ak,ak
2006-07-09T00:25:22.174Z,50.9796,-179.2418,9.9,2.2,ml,,,,0.5,ak,ak0068q89cft,2019-02-13T05:01:10.056Z,"206 km WSW of Adak, Alaska",earthquake,,1.2,,,reviewed,ak,ak
2006-07-09T00:21:40.093Z,51.0178,-179.1855,5.1,2.8,ml,,,,0.53,ak,ak0068q88iyh,2019-02-13T05:01:09.681Z,"201 km WSW of Adak, Alaska",earthquake,,0.4,,,reviewed,ak,ak
2006-07-09T00:20:46.411Z,51.1439,-179.295,2.8,2.6,ml,,,,0.65,ak,ak0068q88bq9,2019-02-13T05:01:09.298Z,"201 km WSW of Adak, Alaska",earthquake,,0.3,,,reviewed,ak,ak
2006-07-09T00:16:28.180Z,-24.706,-177.159,238.3,4.5,mb,8,162.1,,0.98,us,usp000en6b,2014-11-07T01:29:36.922Z,"south of the Fiji Islands",earthquake,,18,,1,reviewed,us,us
2006-07-09T00:11:46.530Z,-4.912,151.428,169.6,4,mb,18,89.1,,1.1,us,usp000en6a,2014-11-07T01:29:36.920Z,"New Britain region, Papua New Guinea",earthquake,,24.4,,3,reviewed,us,us
2006-07-09T00:06:54.866Z,51.2258,-179.2033,23.4,2.1,ml,,,,0.84,ak,ak0068q85ccu,2019-02-13T05:01:44.434Z,"192 km WSW of Adak, Alaska",earthquake,,0.4,,,reviewed,ak,ak
2006-07-09T00:06:19.560Z,35.515,139.947,24.1,4.7,mb,14,141.9,,,us,usp000en69,2014-11-07T01:29:36.918Z,"12 km W of Ichihara, Japan",earthquake,,,,4,reviewed,jma,us
2006-07-09T00:03:17.900Z,-37.47,176.6,211,4.3,m,34,232.4,,,us,usp000en68,2014-11-07T01:29:36.915Z,"35 km NNE of Maketu, New Zealand",earthquake,,,,,reviewed,wel,wel
2006-07-08T23:59:15.710Z,50.9408,-179.0834,4.5,2,ml,,,,0.29,ak,ak0068oym8pf,2019-02-13T05:00:58.962Z,"199 km WSW of Adak, Alaska",earthquake,,2.9,,,reviewed,ak,ak
2006-07-08T23:55:25.163Z,50.9255,-179.0266,4.7,3.3,ml,,,,0.68,ak,ak0068oylekk,2019-02-13T05:00:37.076Z,"197 km WSW of Adak, Alaska",earthquake,,0.9,,,reviewed,ak,ak
2006-07-08T23:53:13.260Z,51.1154,-179.1365,26.6,2,ml,,,,0.76,ak,ak0068oyky7y,2019-02-13T05:00:57.767Z,"193 km WSW of Adak, Alaska",earthquake,,4.1,,,reviewed,ak,ak
2006-07-08T23:51:03.380Z,50.971,-179.126,6.6,3.2,ml,10,221.3,,,us,usp000en67,2019-02-13T05:00:36.665Z,"200 km WSW of Adak, Alaska",earthquake,,,,,reviewed,aeic,aeic
2006-07-08T23:46:02.293Z,51.0089,-179.2289,12.5,2.9,ml,,,,0.58,ak,ak0068oyjfd1,2019-02-13T05:00:36.231Z,"204 km WSW of Adak, Alaska",earthquake,,0.4,,,reviewed,ak,ak
2006-07-08T23:40:09.010Z,51.0341,-179.0871,14.3,2.7,ml,,,,0.36,ak,ak0068oyi5l1,2019-02-13T05:00:57.394Z,"194 km WSW of Adak, Alaska",earthquake,,1.9,,,reviewed,ak,ak
2006-07-08T23:39:15.479Z,50.9335,-179.135,7.5,2.9,ml,,,,0.54,ak,ak0068oyhyd7,2019-02-13T05:00:35.794Z,"203 km WSW of Adak, Alaska",earthquake,,0.9,,,reviewed,ak,ak
2006-07-08T23:35:33.792Z,51.1357,-179.1772,21.8,3,ml,,,,0.53,ak,ak0068oyh4wz,2019-02-13T05:00:35.359Z,"194 km WSW of Adak, Alaska",earthquake,,0.4,,,reviewed,ak,ak
2006-07-08T23:31:45.557Z,51.0115,-179.2397,3.6,2.7,ml,,,,0.63,ak,ak0068oygayj,2019-02-13T05:00:34.962Z,"204 km WSW of Adak, Alaska",earthquake,,0.6,,,reviewed,ak,ak
2006-07-08T23:28:34.000Z,51.0211,-179.238,5.7,3.1,ml,,,,0.58,ak,ak0062exkcci4,2019-02-13T05:00:34.584Z,"204 km WSW of Adak, Alaska",earthquake,,0.5,,,reviewed,ak,ak
2006-07-08T23:28:05.234Z,51.0212,-179.0868,14,2.5,ml,,,,0.48,ak,ak0068oyfkp7,2019-02-13T05:00:56.679Z,"195 km WSW of Adak, Alaska",earthquake,,1.8,,,reviewed,ak,ak
2006-07-08T23:22:05.101Z,51.0535,-179.2619,7.8,2.3,ml,,,,0.76,ak,ak0068oyeae6,2019-02-13T05:00:56.039Z,"204 km WSW of Adak, Alaska",earthquake,,3.6,,,reviewed,ak,ak
2006-07-08T23:18:11.300Z,-44.51,167.79,10,3.8,ml,14,203.4,,,us,usp000en66,2014-11-07T01:29:36.912Z,"90 km NW of Queenstown, New Zealand",earthquake,,,,,reviewed,wel,wel
2006-07-08T23:14:16.080Z,50.9332,-179.174,3.8,2.4,ml,,,,0.34,ak,ak0068oyclig,2019-02-13T05:00:55.683Z,"205 km WSW of Adak, Alaska",earthquake,,2,,,reviewed,ak,ak
2006-07-08T23:13:10.624Z,51.0362,-179.273,4.5,3.2,ml,,,,0.67,ak,ak0068oycddi,2019-02-13T05:00:54.277Z,"205 km WSW of Adak, Alaska",earthquake,,1.6,,,reviewed,ak,ak
2006-07-08T23:11:59.150Z,51.02,-179.307,13.2,3.9,ml,15,221.2,,,us,usp000en65,2019-03-20T19:44:12.734Z,"Andreanof Islands, Aleutian Islands, Alaska",earthquake,,,,,reviewed,aeic,aeic
2006-07-08T23:11:52.779Z,50.9748,-179.1841,7,3.8,ml,,,,0.41,ak,ak0068oyc171,2019-02-13T05:00:34.301Z,"203 km WSW of Adak, Alaska",earthquake,,2.1,,,reviewed,ak,ak
2006-07-08T23:11:18.023Z,51.0963,-179.1504,14.6,2.2,ml,,,,0.43,ak,ak0068oybyii,2019-02-13T05:00:54.646Z,"195 km WSW of Adak, Alaska",earthquake,,2,,,reviewed,ak,ak
2006-07-08T23:05:22.680Z,50.9879,-179.2596,31.9,2.2,ml,,,,0.59,ak,ak0068oyaoks,2019-02-13T05:00:53.168Z,"207 km WSW of Adak, Alaska",earthquake,,4.4,,,reviewed,ak,ak
2006-07-08T23:03:17.668Z,50.9805,-179.2206,5.2,3.5,ml,,,,0.8,ak,ak0068oya8ra,2019-02-13T05:00:53.534Z,"205 km WSW of Adak, Alaska",earthquake,,3.1,,,reviewed,ak,ak
2006-07-08T23:00:40.890Z,51.001,-179.314,5.9,4.8,mb,179,129,,,us,usp000en64,2019-02-13T05:00:33.905Z,"210 km WSW of Adak, Alaska",earthquake,,,,81,reviewed,aeic,us
2006-07-08T22:54:42.987Z,51.044,-179.2973,13.2,2.2,ml,,,,0.68,ak,ak0068oxzsmi,2019-02-13T05:00:52.873Z,"206 km WSW of Adak, Alaska",earthquake,,1.9,,,reviewed,ak,ak
2006-07-08T22:49:29.958Z,51.169,-179.141,20.6,2.4,ml,,,,0.66,ak,ak0068oxyp1f,2019-02-13T05:00:51.750Z,"190 km WSW of Adak, Alaska",earthquake,,1,,,reviewed,ak,ak
2006-07-08T22:46:42.166Z,51.1902,-179.1137,48.3,2,ml,,,,0.45,ak,ak0068oxy2u0,2019-02-13T05:00:52.141Z,"188 km WSW of Adak, Alaska",earthquake,,4.2,,,reviewed,ak,ak
2006-07-08T22:44:30.799Z,51.0385,-179.0229,18.6,2.4,ml,,,,0.48,ak,ak0068oxxmiv,2019-02-13T05:00:33.545Z,"190 km WSW of Adak, Alaska",earthquake,,0.3,,,reviewed,ak,ak
2006-07-08T22:40:19.600Z,38.33,20.44,7,3.7,md,7,206.5,,,us,usp000en63,2014-11-07T01:29:36.896Z,"14 km N of Lixoúri, Greece",earthquake,,,,,reviewed,ath,ath
2006-07-08T22:34:32.735Z,51.0826,-179.2634,19.3,2.2,ml,,,,0.62,ak,ak0068oxvhih,2019-02-13T05:00:32.813Z,"202 km WSW of Adak, Alaska",earthquake,,1.4,,,reviewed,ak,ak
2006-07-08T22:33:21.433Z,51.1582,-179.111,25.2,2,ml,,,,0.58,ak,ak0068oxv8xb,2019-02-13T05:00:51.382Z,"189 km WSW of Adak, Alaska",earthquake,,0.7,,,reviewed,ak,ak
2006-07-08T22:32:15.713Z,51.1192,-179.0889,20.5,2.5,ml,,,,0.72,ak,ak0068oxv0rn,2019-02-13T05:00:33.183Z,"190 km WSW of Adak, Alaska",earthquake,,0.3,,,reviewed,ak,ak
2006-07-08T22:31:23.731Z,51.0294,-179.3346,6.9,2.6,ml,,,,0.64,ak,ak0068oxuto5,2019-02-13T05:00:32.435Z,"209 km WSW of Adak, Alaska",earthquake,,0.9,,,reviewed,ak,ak
2006-07-08T22:30:54.410Z,-7.548,148.287,42.6,4.5,mb,19,121.6,,1.07,us,usp000en62,2014-11-07T01:29:36.894Z,"119 km SSE of Finschhafen, Papua New Guinea",earthquake,,21.8,,7,reviewed,us,us
2006-07-08T22:28:23.308Z,50.9977,-179.148,11.8,2.1,ml,,,,0.71,ak,ak0068oxu6hm,2019-02-13T05:00:50.638Z,"200 km WSW of Adak, Alaska",earthquake,,2,,,reviewed,ak,ak
2006-07-08T22:28:05.040Z,52.9045,-167.4157,25.7,2.5,ml,,,,0.48,ak,ak0068oxu52w,2019-02-13T05:01:08.619Z,"97 km E of Nikolski, Alaska",earthquake,,1.1,,,reviewed,ak,ak
2006-07-08T22:21:52.999Z,51.1505,-179.1598,21.8,2,ml,,,,0.52,ak,ak0068oxsqrn,2019-02-13T05:00:49.512Z,"192 km WSW of Adak, Alaska",earthquake,,1.4,,,reviewed,ak,ak
2006-07-08T22:14:03.938Z,51.0828,-179.2059,17.4,2.6,ml,,,,0.63,ak,ak0068oxr4yx,2019-02-13T05:00:32.056Z,"199 km WSW of Adak, Alaska",earthquake,,0.7,,,reviewed,ak,ak
2006-07-08T22:12:24.733Z,51.0772,-179.0206,16.4,2.6,ml,,,,0.51,ak,ak0068oxqr55,2019-02-13T05:00:31.667Z,"188 km WSW of Adak, Alaska",earthquake,,0.4,,,reviewed,ak,ak
2006-07-08T22:07:13.230Z,51.166,-179.212,22.4,3.6,ml,14,211.6,,,us,usp000en61,2019-02-13T05:00:31.248Z,"Andreanof Islands, Aleutian Islands, Alaska",earthquake,,,,,reviewed,aeic,aeic
2006-07-08T22:00:55.000Z,-44.51,167.8,10,4,mb,28,73.1,,,us,usp000en60,2014-11-07T01:29:36.889Z,"89 km NW of Queenstown, New Zealand",earthquake,,,,2,reviewed,wel,us
2006-07-08T21:56:01.476Z,50.9351,-179.2068,4.7,2.9,ml,,,,0.87,ak,ak0068oxep8z,2019-02-13T05:00:30.858Z,"207 km WSW of Adak, Alaska",earthquake,,1.5,,,reviewed,ak,ak
2006-07-08T21:55:04.499Z,51.0563,-179.0587,18.6,2.6,ml,,,,0.69,ak,ak0068oxehrl,2019-02-13T05:00:30.483Z,"191 km WSW of Adak, Alaska",earthquake,,0.3,,,reviewed,ak,ak
2006-07-08T21:54:21.334Z,51.1426,-179.1589,21.2,2,ml,,,,0.45,ak,ak0068oxebcl,2019-02-13T05:00:48.397Z,"193 km WSW of Adak, Alaska",earthquake,,1.9,,,reviewed,ak,ak
2006-07-08T21:52:40.182Z,51.035,-179.1668,4.6,3,ml,,,,0.76,ak,ak0068oxdxde,2019-02-13T05:00:30.164Z,"199 km WSW of Adak, Alaska",earthquake,,0.6,,,reviewed,ak,ak
2006-07-08T21:51:18.220Z,51.0114,-179.0788,11.9,2.3,ml,,,,0.7,ak,ak0068oxdnym,2019-02-13T05:00:47.730Z,"195 km WSW of Adak, Alaska",earthquake,,2.6,,,reviewed,ak,ak
2006-07-08T21:49:44.552Z,50.9008,-179.1103,0.8,2.7,ml,,,,0.33,ak,ak0068oxdak7,2019-02-13T05:00:47.363Z,"203 km WSW of Adak, Alaska",earthquake,,2.3,,,reviewed,ak,ak
2006-07-08T21:47:30.880Z,51.008,-179.209,4.4,4.8,mb,133,105.4,,,us,usp000en5z,2019-02-13T05:00:29.740Z,"203 km WSW of Adak, Alaska",earthquake,,,,68,reviewed,aeic,us
2006-07-08T21:44:50.910Z,51.105,-179.159,20.4,3.6,ml,19,204.1,,,us,usp000en5y,2019-02-13T05:00:29.321Z,"195 km WSW of Adak, Alaska",earthquake,,,,,reviewed,aeic,aeic
2006-07-08T21:40:42.988Z,51.1013,-179.2091,14.7,3,ml,,,,0.64,ak,ak0068oxbczu,2019-02-13T05:00:29.000Z,"198 km WSW of Adak, Alaska",earthquake,,0.3,,,reviewed,ak,ak
2006-07-08T21:38:36.518Z,51.1704,-179.2016,22.1,2.7,ml,,,,0.72,ak,ak0068oxax2b,2019-02-13T05:00:46.237Z,"194 km WSW of Adak, Alaska",earthquake,,1.2,,,reviewed,ak,ak
2006-07-08T21:38:25.280Z,3.752,97.254,86.4,4.9,mb,152,46.5,,0.8,us,usp000en5x,2014-11-07T01:29:36.865Z,"112 km SW of Langsa, Indonesia",earthquake,,,,54,reviewed,us,us
2006-07-08T21:37:36.033Z,51.0411,-179.0208,17.2,2.8,ml,,,,0.52,ak,ak0068oxapb7,2019-02-13T05:00:46.610Z,"190 km WSW of Adak, Alaska",earthquake,,1.4,,,reviewed,ak,ak
2006-07-08T21:35:37.000Z,51.126,-179.179,19.9,4.6,mb,56,153.9,,,us,usp000en5w,2019-02-13T05:00:28.582Z,"195 km WSW of Adak, Alaska",earthquake,,,,11,reviewed,aeic,us
2006-07-08T21:33:43.560Z,51.012,-179.173,17.3,4.6,mb,105,140.1,,,us,usp000en5v,2019-02-13T05:00:28.243Z,"Andreanof Islands, Aleutian Islands, Alaska",earthquake,,,,36,reviewed,aeic,us
2006-07-08T21:31:49.900Z,38.17,24.18,14,2.7,ml,4,337.2,,,us,usp000en5u,2014-11-07T01:29:36.852Z,"2 km WSW of Néa Stíra, Greece",earthquake,,,,,reviewed,ath,ath
2006-07-08T21:30:46.720Z,51.018,-179.207,13.1,3.7,ml,20,219.9,,,us,usp000en5t,2019-02-13T05:00:27.814Z,"203 km WSW of Adak, AK",earthquake,,,,,reviewed,aeic,aeic
2006-07-08T21:27:58.329Z,51.214,-179.1395,22.2,2.5,ml,,,,0.64,ak,ak0068ox8lvc,2019-02-13T05:00:45.852Z,"188 km WSW of Adak, Alaska",earthquake,,1.4,,,reviewed,ak,ak
2006-07-08T21:26:42.100Z,51.047,-179.269,10.4,3.2,ml,8,219.2,,,us,usp000en5s,2019-02-13T05:00:27.389Z,"204 km WSW of Adak, Alaska",earthquake,,,,,reviewed,aeic,aeic
2006-07-08T21:21:37.808Z,51.1124,-179.1465,20.6,2.7,ml,,,,0.44,ak,ak0068ox79zo,2019-02-13T05:00:26.596Z,"193 km WSW of Adak, Alaska",earthquake,,0.6,,,reviewed,ak,ak
2006-07-08T21:20:04.990Z,51.114,-179.129,18.6,3.2,ml,6,236.6,,,us,usp000en5r,2019-02-13T05:00:26.989Z,"192 km WSW of Adak, Alaska",earthquake,,,,,reviewed,aeic,aeic
2006-07-08T21:19:14.848Z,51.1211,-179.1536,20.6,2.9,ml,,,,0.48,ak,ak0068ox6ssc,2019-02-13T05:00:45.467Z,"193 km WSW of Adak, Alaska",earthquake,,2.2,,,reviewed,ak,ak
2006-07-08T21:19:01.172Z,51.0384,-179.15,14.4,2.8,ml,,,,0.48,ak,ak0068ox6rqd,2019-02-13T05:00:26.202Z,"198 km WSW of Adak, Alaska",earthquake,,0.5,,,reviewed,ak,ak
2006-07-08T21:15:04.880Z,51.05,-179.221,11.1,4.5,mb,25,131,,,us,usp000en5q,2019-02-13T05:00:25.886Z,"201 km WSW of Adak, Alaska",earthquake,,,,5,reviewed,aeic,us
2006-07-08T21:13:02.060Z,51.037,-179.174,19.5,4.7,mb,114,116.5,,,us,usp000en5p,2019-02-13T05:00:25.438Z,"199 km WSW of Adak, Alaska",earthquake,,,,37,reviewed,aeic,us
2006-07-08T21:08:32.424Z,51.1429,-179.1301,21.5,3,ml,,,,0.5,ak,ak0068ox4h9m,2019-02-13T05:00:25.028Z,"191 km WSW of Adak, Alaska",earthquake,,0.4,,,reviewed,ak,ak
2006-07-08T21:07:34.845Z,51.1268,-179.204,20.7,2.1,ml,,,,0.57,ak,ak0068ox49qk,2019-02-13T05:00:44.716Z,"196 km WSW of Adak, Alaska",earthquake,,2.9,,,reviewed,ak,ak
2006-07-08T21:05:34.800Z,51.0673,-179.059,7.8,3.1,ml,,,,0.97,ak,ak0068ox3uaw,2019-02-13T05:00:24.705Z,"190 km WSW of Adak, Alaska",earthquake,,0.5,,,reviewed,ak,ak
2006-07-08T21:04:49.491Z,51.026,-179.0518,13.7,2.6,ml,,,,0.62,ak,ak0068ox3npx,2019-02-13T05:00:24.298Z,"192 km WSW of Adak, Alaska",earthquake,,0.8,,,reviewed,ak,ak
2006-07-08T21:03:34.628Z,51.0714,-179.1807,13.4,2.1,ml,,,,0.79,ak,ak0068ox3euu,2019-02-13T05:00:44.339Z,"198 km WSW of Adak, Alaska",earthquake,,2.6,,,reviewed,ak,ak
2006-07-08T21:02:12.404Z,51.1942,-179.2477,15,2.5,ml,,,,0.54,ak,ak0068ox35fc,2019-02-13T05:00:43.972Z,"196 km WSW of Adak, Alaska",earthquake,,1.3,,,reviewed,ak,ak
2006-07-08T21:01:00.281Z,51.001,-179.0726,5.6,2.8,ml,,,,0.7,ak,ak0068ox2wrw,2019-02-13T05:00:23.891Z,"195 km WSW of Adak, Alaska",earthquake,,2.1,,,reviewed,ak,ak
2006-07-08T21:00:54.940Z,29.156,58.574,9.2,4.3,mb,67,45.8,,1.29,us,usp000en5n,2014-11-07T01:29:36.830Z,"22 km ENE of Bam, Iran",earthquake,,8.7,,19,reviewed,us,us
2006-07-08T20:59:33.039Z,51.0923,-179.1204,19.7,2.1,ml,,,,0.6,ak,ak0068owtz87,2019-02-13T05:00:43.598Z,"193 km WSW of Adak, Alaska",earthquake,,1.6,,,reviewed,ak,ak
2006-07-08T20:57:55.146Z,51.0889,-179.0571,24.5,2.5,ml,,,,0.75,ak,ak0068owtli2,2019-02-13T05:00:43.227Z,"189 km WSW of Adak, Alaska",earthquake,,1,,,reviewed,ak,ak
2006-07-08T20:57:06.883Z,51.1658,-179.1292,5,5.3,mb,,,,0.61,ak,ak0068owths0,2019-02-13T05:00:42.858Z,"190 km WSW of Adak, Alaska",earthquake,,5.5,,,reviewed,ak,ak
2006-07-08T20:56:27.820Z,-24.686,179.97,534.1,4.4,mb,21,198.6,,0.89,us,usp000en5m,2014-11-07T01:29:36.828Z,"south of the Fiji Islands",earthquake,,20,,7,reviewed,us,us
2006-07-08T20:55:00.995Z,51.1508,-179.0363,26.4,2.7,ml,,,,0.83,ak,ak0068owt1w3,2019-02-13T05:00:42.480Z,"185 km WSW of Adak, Alaska",earthquake,,6.2,,,reviewed,ak,ak
2006-07-08T20:50:16.130Z,51.043,-179.2,4.8,5.3,mb,278,88.6,,,us,usp000en5k,2022-05-02T15:32:42.289Z,"Andreanof Islands, Aleutian Islands, Alaska",earthquake,,,,111,reviewed,aeic,us
2006-07-08T20:48:44.280Z,50.919,-179.148,35,4.8,mb,15,215.8,,1.45,us,usp000en5j,2014-11-07T01:29:36.799Z,"Andreanof Islands, Aleutian Islands, Alaska",earthquake,,,,3,reviewed,us,us
2006-07-08T20:48:08.800Z,51.0566,-179.1988,11.3,4.8,mb,,,,0.55,ak,ak0068owrkhc,2019-02-13T05:00:41.711Z,"200 km WSW of Adak, Alaska",earthquake,,3.2,,,reviewed,ak,ak
2006-07-08T20:45:21.230Z,51.11,-179.066,22.9,5.2,mb,83,132.4,,,us,usp000en5h,2019-02-13T05:00:42.081Z,"189 km WSW of Adak, Alaska",earthquake,,,,41,reviewed,aeic,us
2006-07-08T20:44:51.600Z,37.74,20.87,18,3.8,ml,53,90,,,us,usp000en5g,2014-11-07T01:29:36.787Z,"Ionian Sea",earthquake,,,,,reviewed,ath,ath
2006-07-08T20:43:30.945Z,51.0613,-179.0659,17.4,4.4,ml,,,,0.67,ak,ak0068owqjly,2019-02-13T05:00:41.308Z,"191 km WSW of Adak, Alaska",earthquake,,1.8,,,reviewed,ak,ak
2006-07-08T20:41:53.000Z,51.406,-179.165,35,5.3,mb,19,151.5,,0.39,us,usp000en5f,2014-11-07T01:29:36.785Z,"Andreanof Islands, Aleutian Islands, Alaska",earthquake,,,,3,reviewed,us,us
2006-07-08T20:40:00.980Z,51.214,-179.312,22,6.6,mwb,632,28.5,,1,us,usp000en5e,2022-05-02T15:32:35.157Z,"199 km WSW of Adak, Alaska",earthquake,,,,,reviewed,us,us
2006-07-08T20:33:34.320Z,-3.811,131.237,35,4.1,mb,12,159.1,,1.16,us,usp000en5d,2014-11-07T01:29:36.724Z,"Ceram Sea, Indonesia",earthquake,,,,5,reviewed,us,us
2006-07-08T20:31:11.430Z,19.3348333,-155.055,7.932,2.52,ml,38,190,,0.1,hv,hv5507435,2020-03-31T21:48:15.060Z,"16 km SSE of Fern Forest, Hawaii",earthquake,0.57,0.41,0.27,10,reviewed,hv,hv
2006-07-08T20:06:16.010Z,43.716,-105.16,0,3.2,ml,22,122,,1.03,rusms,rusms00004145,2022-06-09T21:12:51.684Z,"27 km E of Wright, Wyoming",explosion,,,,,reviewed,us,us
2006-07-08T19:41:29.760Z,-3.629,131.331,40,5.3,mwc,63,70.4,,1.03,us,usp000en5c,2022-05-02T18:23:01.333Z,"269 km E of Amahai, Indonesia",earthquake,,0,,,reviewed,us,hrv
2006-07-08T19:20:54.800Z,-31.726,-71.444,41.2,3.7,m,17,183.4,,,us,usp000en5b,2014-11-07T01:29:36.713Z,"27 km WSW of Illapel, Chile",earthquake,,,,,reviewed,guc,guc
2006-07-08T19:19:17.750Z,56.24,118.451,10,3.9,mb,14,104.1,,1.17,us,usp000en5a,2014-11-07T01:29:36.709Z,"Chitinskaya Oblast', Russia",earthquake,,,,3,reviewed,us,us
2006-07-08T19:16:51.639Z,52.1092,177.0974,5.7,2.8,ml,,,,1.04,ak,ak0068ovzd9n,2019-02-13T05:00:22.636Z,"278 km ESE of Attu Station, Alaska",earthquake,,5.5,,,reviewed,ak,ak
2006-07-08T19:08:30.644Z,53.1694,-160.6445,10,3.1,ml,,,,1.03,ak,ak0068ovxlx4,2019-02-13T05:00:22.206Z,"237 km SSE of King Cove, Alaska",earthquake,,0,,,reviewed,ak,ak
2006-07-08T19:05:05.020Z,43.792,-105.312,0,3.1,ml,19,112.6,,1.27,rusms,rusms00004144,2022-06-09T21:12:51.671Z,"15 km ENE of Wright, Wyoming",explosion,,,,,reviewed,us,us
2006-07-08T18:59:07.990Z,33.1626667,-115.6571667,4.347,2.04,ml,20,80,0.03783,0.3,ci,ci14238884,2016-03-09T00:51:02.993Z,"14km WNW of Calipatria, CA",earthquake,0.64,1.03,0.166,46,reviewed,ci,ci
2006-07-08T18:31:30.200Z,-37.45,176.67,217,4.7,mb,117,62.4,,,us,usp000en59,2014-11-07T01:29:36.700Z,"40 km NNE of Maketu, New Zealand",earthquake,,,,20,reviewed,wel,us
2006-07-08T18:29:48.940Z,40.7476667,-122.319,-0.867,2.1,md,31,31,0.2171,0.32,nc,nc21526352,2017-01-14T23:35:22.922Z,"3 km NNE of Mountain Gate, California",quarry blast,0.47,2.95,0.12,15,reviewed,nc,nc
2006-07-08T18:29:21.690Z,18.767,-67.233,38.3,2.9,md,4,301.4,,,us,usp000en58,2014-11-07T01:29:36.699Z,"33 km NNW of San Antonio, Puerto Rico",earthquake,,,,,reviewed,rspr,rspr
2006-07-08T18:21:26.560Z,33.2333333,-116.0351667,3.317,2.44,ml,43,28,0.06231,0.22,ci,ci14238880,2016-03-08T16:57:44.667Z,"10km SW of Salton City, CA",earthquake,0.3,0.82,0.153,114,reviewed,ci,ci
2006-07-08T18:17:23.741Z,51.9179,176.2195,26.6,2.5,ml,,,,0.38,ak,ak0068ove386,2019-02-13T05:00:40.924Z,"230 km ESE of Attu Station, Alaska",earthquake,,22.2,,,reviewed,ak,ak
2006-07-08T18:16:40.692Z,60.6579,-142.7446,8.4,3.1,ml,,,,1.02,ak,ak0068ovdwth,2019-02-13T05:00:21.704Z,"86 km S of McCarthy, Alaska",earthquake,,0.1,,,reviewed,ak,ak
2006-07-08T18:15:32.700Z,38.55,23.62,26,2.9,md,5,181,,,us,usp000en56,2014-11-07T01:29:36.696Z,"2 km SSW of Kastélla, Greece",earthquake,,,,,reviewed,ath,ath
2006-07-08T18:12:37.591Z,51.4107,-177.5834,18,2,ml,,,,0.72,ak,ak0068ovd1pr,2019-02-13T05:00:21.288Z,"83 km SW of Adak, Alaska",earthquake,,0.4,,,reviewed,ak,ak
2006-07-08T18:09:22.020Z,59.9898,-152.7754,90.3,2.6,ml,,,,0.6,ak,ak0068ovcdd6,2019-02-13T05:00:20.789Z,"57 km WNW of Anchor Point, Alaska",earthquake,,0.3,,,reviewed,ak,ak
2006-07-08T17:56:50.250Z,18.842,-64.372,12.7,3.3,md,10,301,,,us,usp000en54,2014-11-07T01:29:36.692Z,"71 km NE of Cruz Bay, U.S. Virgin Islands",earthquake,,,,,reviewed,rspr,rspr
2006-07-08T17:55:15.100Z,38.04,23.09,10,2.5,ml,10,84.2,,,us,usp000en53,2014-11-07T01:29:36.690Z,"11 km NE of Loutráki, Greece",earthquake,,,,,reviewed,ath,ath
2006-07-08T17:06:28.390Z,36.126,70.723,102.4,3.3,mb,14,144,,1.26,us,usp000en52,2014-11-07T01:29:36.688Z,"80 km NNW of P?r?n, Afghanistan",earthquake,,33.8,,3,reviewed,us,us
2006-07-08T16:47:11.710Z,46.1981667,-122.1921667,-1.834,2.9,md,16,61,,0.24,uw,uw10695238,2016-07-22T22:19:51.340Z,"37 km NNE of Amboy, Washington",earthquake,0.042,0.08,0.04,4,reviewed,uw,uw
2006-07-08T16:27:02.940Z,40.3905,-124.4026667,15.423,2.5,md,5,305,0.0982,0.04,nc,nc21526334,2017-01-14T23:34:41.985Z,"23 km SSW of Ferndale, California",earthquake,6.7,0.7,0.18,7,reviewed,nc,nc
2006-07-08T16:12:38.000Z,-21.469,33.048,10,4.6,mb,30,88.5,,1.29,us,usp000en4z,2014-11-07T01:29:36.681Z,"148 km SSE of Chipinge, Zimbabwe",earthquake,,,,9,reviewed,us,us
2006-07-08T16:09:51.193Z,52.0866,177.1407,5.9,2.5,ml,,,,0.74,ak,ak0068ou5ken,2019-02-13T05:00:19.327Z,"281 km ESE of Attu Station, Alaska",earthquake,,0.4,,,reviewed,ak,ak
2006-07-08T16:00:05.755Z,61.1626,-150.7617,9.2,2.6,ml,,,,1,ak,ak0068ou3jgf,2019-02-13T05:00:18.938Z,"17 km E of Beluga, Alaska",earthquake,,0,,,reviewed,ak,ak
2006-07-08T15:57:59.657Z,51.4248,174.8661,20.9,2.3,ml,,,,1.51,ak,ak0068otuftp,2019-02-13T05:00:40.540Z,"195 km SE of Attu Station, Alaska",earthquake,,13.6,,,reviewed,ak,ak
2006-07-08T15:39:00.400Z,-33.533,-69.957,3.6,2.5,ml,15,251.2,,,us,usp000en4x,2014-11-07T01:29:36.677Z,"58 km E of Puente Alto, Chile",earthquake,,,,,reviewed,guc,guc
2006-07-08T15:08:37.612Z,51.6444,179.6798,75,2.1,ml,,,,0.2,ak,ak0068otjw1d,2019-02-13T05:00:18.642Z,"255 km W of Adak, Alaska",earthquake,,0.4,,,reviewed,ak,ak
2006-07-08T14:57:56.036Z,52.0309,177.1406,5.6,2.9,ml,,,,0.72,ak,ak0068ot8zxv,2019-02-13T05:00:18.274Z,"283 km ESE of Attu Station, Alaska",earthquake,,4.3,,,reviewed,ak,ak
2006-07-08T14:53:45.727Z,52.0685,176.9987,6.2,2.5,ml,,,,0.73,ak,ak0068ot84a4,2019-02-13T05:00:40.149Z,"273 km ESE of Attu Station, Alaska",earthquake,,1,,,reviewed,ak,ak
2006-07-08T14:44:38.294Z,52.0612,177.0745,5.3,2.6,ml,,,,0.89,ak,ak0068ot669h,2019-02-13T05:00:39.359Z,"278 km ESE of Attu Station, Alaska",earthquake,,0,,,reviewed,ak,ak
2006-07-08T13:47:08.410Z,30.952,138.444,384.4,4.3,mb,13,166.4,,0.25,us,usp000en4w,2014-11-07T01:29:36.675Z,"Izu Islands, Japan region",earthquake,,9.5,,2,reviewed,us,us
2006-07-08T13:34:43.037Z,52.02,177.1321,6.7,2.6,ml,,,,1.01,ak,ak0068osilv3,2019-02-13T05:00:38.968Z,"283 km ESE of Attu Station, Alaska",earthquake,,2,,,reviewed,ak,ak
2006-07-08T13:31:29.210Z,34.946,73.971,47.9,4.6,mb,85,78.4,,0.95,us,usp000en4v,2014-11-07T01:29:36.667Z,"78 km NE of Muzaffar?b?d, Pakistan",earthquake,,10,,33,reviewed,us,us
2006-07-08T12:59:50.386Z,52.013,177.049,4.6,2.6,ml,,,,1.42,ak,ak0068os2jq6,2019-02-13T05:00:39.761Z,"278 km ESE of Attu Station, Alaska",earthquake,,0.1,,,reviewed,ak,ak
2006-07-08T12:56:24.810Z,-6.295,130.402,128.9,4.7,mb,91,54.6,,1,us,usp000en4u,2014-11-07T01:29:36.659Z,"270 km WSW of Tual, Indonesia",earthquake,,8,,23,reviewed,us,us
2006-07-08T12:55:29.600Z,42.977,12.928,16.8,2.5,ml,16,95.8,,,us,usp000en4t,2014-11-07T01:29:36.657Z,"6 km WSW of Pie' del Sasso, Italy",earthquake,,,,,reviewed,rom,rom
2006-07-08T12:05:59.790Z,19.031,-67.865,12.9,3,md,8,327.9,,,us,usp000en4s,2014-11-07T01:29:36.655Z,"75 km NE of Punta Cana, Dominican Republic",earthquake,,,,,reviewed,rspr,rspr
2006-07-08T11:59:36.490Z,38.766,-122.7146667,1.436,2.05,mdl,13,104,0.02432,0.04,nc,nc69064940,2017-01-14T23:33:00.112Z,"6 km S of Cobb, California",earthquake,0.36,0.62,,14,reviewed,nc,nc
2006-07-08T11:27:18.000Z,-39.18,176.88,30,5.3,mb,116,100.9,,,us,usp000en4r,2014-11-07T01:29:36.645Z,"34 km N of Napier, New Zealand",earthquake,,,,10,reviewed,wel,us
2006-07-08T11:12:53.200Z,-35.59,179.71,279,4.1,m,8,347.5,,,us,usp000en4q,2014-11-07T01:29:36.643Z,"off the east coast of the North Island of New Zealand",earthquake,,,,,reviewed,wel,wel
2006-07-08T11:11:29.412Z,58.3133,-151.329,16.5,2.1,ml,,,,1.16,ak,ak0068or6s4t,2019-02-13T05:01:05.574Z,"81 km ENE of Ouzinkie, Alaska",earthquake,,2.3,,,reviewed,ak,ak
2006-07-08T11:05:28.070Z,32.7093333,-116.0583333,5.29,2.18,ml,30,98,0.06144,0.3,ci,ci14238820,2016-03-09T03:40:26.329Z,"7km WSW of Ocotillo, CA",earthquake,0.58,3.46,0.13,80,reviewed,ci,ci
2006-07-08T10:23:21.600Z,35.77,23.28,9,3.2,md,4,207.1,,,us,usp000en4p,2014-11-07T01:29:36.628Z,"45 km NW of Kíssamos, Greece",earthquake,,,,,reviewed,ath,ath
2006-07-08T10:00:21.170Z,50.911,175.265,7,4.4,mb,47,139.1,,0.9,us,usp000en4n,2019-02-13T05:00:17.179Z,"258 km SSE of Attu Station, Alaska",earthquake,,26,,7,reviewed,us,us
2006-07-08T09:13:01.280Z,-28.562,-67.389,140.1,5.5,mwc,247,29.2,,0.82,us,usp000en4m,2022-05-02T15:32:28.812Z,"57 km SSE of Tinogasta, Argentina",earthquake,,,,,reviewed,us,hrv
2006-07-08T09:09:02.395Z,38.3318,-118.7028,11.8,2,ml,18,109.15,0.175,0.1412,nn,nn00184787,2018-04-24T20:33:39.147Z,"22 km SSW of Hawthorne, Nevada",earthquake,,2.2,,,reviewed,nn,nn
2006-07-08T09:05:19.838Z,65.9611,-170.1489,3.1,4.5,mb,,,,2.63,ak,ak0068opylvz,2019-02-13T05:00:16.861Z,"57 km NE of Lavrentiya, Russia",earthquake,,0.9,,,reviewed,ak,ak
2006-07-08T08:57:46.687Z,51.9932,177.0596,6.1,2.7,ml,,,,1.28,ak,ak0068opodl8,2019-02-13T05:00:38.679Z,"280 km ESE of Attu Station, Alaska",earthquake,,0,,,reviewed,ak,ak
2006-07-08T08:43:52.730Z,10.512,125.442,154.6,4.5,mb,16,180.8,,0.8,us,usp000en4j,2014-11-07T01:29:36.587Z,"21 km NW of Loreto, Philippines",earthquake,,20.2,,5,reviewed,us,us
2006-07-08T08:43:03.206Z,51.2815,174.5575,10,2.5,ml,,,,1.72,ak,ak0068opla7k,2019-02-13T05:00:38.292Z,"197 km SSE of Attu Station, Alaska",earthquake,,11,,,reviewed,ak,ak
2006-07-08T08:41:39.800Z,-24.218,-67.253,180,4.4,mb,20,55.3,,,us,usp000en4h,2014-11-07T01:29:36.585Z,"94 km W of San Antonio de los Cobres, Argentina",earthquake,,,,9,reviewed,guc,us
2006-07-08T08:19:05.246Z,54.6233,-161.4197,20.8,2.3,ml,,,,0.4,ak,ak0068opg56k,2019-02-13T05:00:16.495Z,"75 km SE of King Cove, Alaska",earthquake,,0.5,,,reviewed,ak,ak
2006-07-08T08:06:52.870Z,-16.863,-69.435,169.6,4.1,mb,20,99,,1.17,us,usp000en4g,2014-11-07T01:29:36.582Z,"32 km ESE of Mazo Cruz, Peru",earthquake,,7.4,,12,reviewed,us,us
2006-07-08T08:01:07.986Z,52.0175,177.0661,6.6,2.6,ml,,,,0.65,ak,ak0068opcai6,2019-02-13T05:00:37.894Z,"279 km ESE of Attu Station, Alaska",earthquake,,1,,,reviewed,ak,ak
2006-07-08T07:52:45.700Z,15.738,-94.539,15.4,4.3,md,5,210.1,,,us,usp000en4f,2014-11-07T01:29:36.580Z,"55 km S of San Francisco del Mar Viejo, Mexico",earthquake,,,,,reviewed,unm,unm
2006-07-08T07:50:03.770Z,-31.539,-69.343,115.7,4.2,mb,28,59.7,,1.06,us,usp000en4e,2014-11-07T01:29:36.577Z,"23 km SSE of Calingasta, Argentina",earthquake,,8.8,,1,reviewed,us,us
2006-07-08T07:43:28.000Z,-37.005,-71.526,98.2,4.7,mb,97,104.3,,,us,usp000en4d,2014-11-07T01:29:36.567Z,"49 km SSE of Coihueco, Chile",earthquake,,,,23,reviewed,guc,us
2006-07-08T07:29:08.436Z,61.5496,-150.0977,48.7,2.5,ml,,,,0.61,ak,ak0068oowuzf,2019-02-13T05:00:16.050Z,"8 km WNW of Big Lake, Alaska",earthquake,,0.1,,,reviewed,ak,ak
2006-07-08T07:15:32.690Z,-24.074,-66.893,181,4.3,mb,7,118.1,,0.6,us,usp000en4b,2014-11-07T01:29:36.564Z,"60 km WNW of San Antonio de los Cobres, Argentina",earthquake,,20,,1,reviewed,us,us
2006-07-08T07:14:08.200Z,49.143,6.896,1,2.6,ml,15,203.5,,,us,usp000en4a,2014-11-07T01:29:36.561Z,"0 km S of Folkling, France",earthquake,,,,,reviewed,ldg,ldg
2006-07-08T06:26:37.590Z,46.817,-119.6083333,18.176,2.2,md,36,32,0.0681,0.2,uw,uw10695028,2016-07-22T22:19:50.400Z,"9 km S of Royal City, Washington",earthquake,0.491,0.55,0.03,8,reviewed,uw,uw
2006-07-08T06:23:47.700Z,18.975,-67.94,7.3,3.1,md,13,328.6,,,us,usp000en49,2014-11-07T01:29:36.559Z,"65 km NE of Punta Cana, Dominican Republic",earthquake,,,,,reviewed,rspr,rspr
2006-07-08T06:20:51.910Z,-25.359,179.505,510.1,4.4,mb,17,183.8,,0.98,us,usp000en48,2014-11-07T01:29:36.557Z,"south of the Fiji Islands",earthquake,,12.1,,4,reviewed,us,us
2006-07-08T05:59:22.700Z,38.11,22.7,16,2.9,ml,12,75.9,,,us,usp000en47,2014-11-07T01:29:36.555Z,"6 km ENE of Xylókastro, Greece",earthquake,,,,,reviewed,ath,ath
2006-07-08T05:02:45.210Z,41.597,142.07,63.9,4.2,mb,34,133.7,,0.6,us,usp000en46,2014-11-07T01:29:36.551Z,"79 km ENE of Mutsu, Japan",earthquake,,,,14,reviewed,us,us
2006-07-08T04:29:38.100Z,47.959,-4.419,7,2.7,ml,10,279.3,,,us,usp000en45,2014-11-07T01:29:36.549Z,"2 km S of Plozévet, France",earthquake,,,,,reviewed,ldg,ldg
2006-07-08T04:19:35.000Z,38.46,21.36,5,3.6,md,22,56.1,,,us,usp000en44,2014-11-07T01:29:36.547Z,"2 km NNE of Aitolikó, Greece",earthquake,,,,,reviewed,ath,ath
2006-07-08T04:18:06.130Z,45.821,147.026,214.9,3.9,mb,30,99.8,,0.67,us,usp000en43,2014-11-07T01:29:36.544Z,"93 km NW of Kuril’sk, Russia",earthquake,,9.8,,13,reviewed,us,us
2006-07-08T04:11:24.190Z,2.35,96.954,30,4.1,mb,16,95.8,,1.03,us,usp000en42,2014-11-07T01:29:36.542Z,"65 km ESE of Sinabang, Indonesia",earthquake,,,,3,reviewed,us,us
2006-07-08T04:03:52.530Z,18.878,-65.175,16,3.1,md,10,240.1,,,us,usp000en41,2014-11-07T01:29:36.540Z,"64 km NNW of Charlotte Amalie, U.S. Virgin Islands",earthquake,,,,,reviewed,rspr,rspr
2006-07-08T03:58:19.320Z,45.754,26.707,70,3.5,md,41,113.7,,,us,usp000en40,2014-11-07T01:29:36.536Z,"3 km SSW of Paltin, Romania",earthquake,,,,,reviewed,buc,sof
2006-07-08T03:55:24.300Z,18.919,-65.18,24.8,2.9,md,5,268.1,,,us,usp000en3z,2014-11-07T01:29:36.535Z,"69 km NNW of Charlotte Amalie, U.S. Virgin Islands",earthquake,,,,,reviewed,rspr,rspr
2006-07-08T03:32:37.989Z,66.1994,-141.708,26.4,2.1,ml,,,,0.53,ak,ak0068omjtzq,2019-02-13T05:01:01.741Z,"103 km ESE of Chalkyitsik, Alaska",earthquake,,30.3,,,reviewed,ak,ak
2006-07-08T02:57:33.810Z,19.2101667,-155.5835,4.894,2.46,ml,38,121,,0.15,hv,hv5507345,2020-03-31T21:48:14.630Z,"11 km W of P?hala, Hawaii",earthquake,0.4,0.98,0.15,10,reviewed,hv,hv
2006-07-08T02:27:24.200Z,42.61,12.572,8.8,2.8,ml,26,51.8,,,us,usp000en3y,2014-11-07T01:29:36.531Z,"2 km E of San Gemini, Italy",earthquake,,,,,reviewed,rom,rom
2006-07-08T02:11:46.314Z,52.0358,177.0952,6.5,3,ml,,,,0.73,ak,ak0068oltwzr,2019-02-13T05:00:37.505Z,"280 km ESE of Attu Station, Alaska",earthquake,,0.6,,,reviewed,ak,ak
2006-07-08T01:28:49.740Z,-28.719,-63.364,526.1,4.3,mb,48,105.8,,0.69,us,usp000en3x,2014-11-07T01:29:36.526Z,"30 km NNE of Los Telares, Argentina",earthquake,,,,18,reviewed,us,us
2006-07-08T01:19:46.303Z,59.5856,-135.1207,10,2.2,ml,,,,1.16,ak,ak0068ola746,2019-02-13T05:01:00.564Z,"17 km NE of Skagway, Alaska",earthquake,,0,,,reviewed,ak,ak
2006-07-08T01:15:48.160Z,41.901,23.306,2.2,2.9,md,22,83.9,,,us,usp000en3w,2014-11-07T01:29:36.524Z,"13 km W of Razlog, Bulgaria",earthquake,,,,,reviewed,the,sof
2006-07-08T00:51:33.587Z,60.8363,-152.4613,102,2,ml,,,,0.62,ak,ak0068okvlfy,2019-02-13T05:00:14.919Z,"65 km WNW of Nikiski, Alaska",earthquake,,1.9,,,reviewed,ak,ak
2006-07-08T00:25:34.334Z,63.1004,-151.7,10,2.7,ml,,,,0.95,ak,ak0068okq0vt,2019-02-13T05:00:14.123Z,"49 km S of Denali National Park, Alaska",earthquake,,0.1,,,reviewed,ak,ak
2006-07-08T00:20:38.000Z,38.25,22.26,27,2.8,md,4,198,,,us,usp000en3u,2014-11-07T01:29:36.521Z,"11 km NNW of Sylivainiótika, Greece",earthquake,,,,,reviewed,ath,ath
2006-07-08T00:17:36.496Z,59.4547,-152.8465,68.4,2,ml,,,,0.46,ak,ak0068okobbl,2019-02-13T05:00:59.329Z,"53 km WNW of Nanwalek, Alaska",earthquake,,0.9,,,reviewed,ak,ak
2006-07-08T00:04:36.210Z,28.805,51.997,35,3.7,ml,19,127.8,,1.17,us,usp000en3t,2014-11-07T01:29:36.518Z,"56 km W of F?r?z?b?d, Iran",earthquake,,,,,reviewed,us,thr
2006-07-07T23:56:35.334Z,53.9326,-163.5132,15,2.6,ml,,,,0.33,ak,ak0068nb2akt,2019-02-13T05:00:02.869Z,"102 km S of False Pass, Alaska",earthquake,,1.1,,,reviewed,ak,ak
2006-07-07T23:48:13.000Z,-31.381,138.682,19,4,ml,20,81.8,,,us,usp000en3s,2014-11-07T01:29:36.515Z,"123 km NNE of Quorn, Australia",earthquake,,,,,reviewed,aust,aust
2006-07-07T23:46:52.196Z,54.7242,-164.0252,73.4,2.1,ml,,,,0.53,ak,ak0068nb06pv,2019-02-13T05:00:10.794Z,"42 km WSW of False Pass, Alaska",earthquake,,1.1,,,reviewed,ak,ak
2006-07-07T23:45:26.850Z,51.5528,-175.0411,26.6,2,ml,,,,0.36,ak,ak0068nazx1p,2019-02-13T05:00:10.406Z,"92 km SW of Atka, Alaska",earthquake,,8.9,,,reviewed,ak,ak
2006-07-07T23:26:41.260Z,36.0973333,-117.8568333,1.421,2.08,ml,20,85,0.02043,0.22,ci,ci14238744,2016-03-09T00:51:01.593Z,"10km NE of Coso Junction, CA",earthquake,0.45,0.65,0.143,34,reviewed,ci,ci
2006-07-07T23:15:53.670Z,6.669,126.717,147.3,4.5,mb,27,138.1,,0.82,us,usp000en3r,2014-11-07T01:29:36.512Z,"48 km ESE of Bobon, Philippines",earthquake,,9.4,,8,reviewed,us,us
2006-07-07T22:56:29.560Z,11.842,-61.029,45,3.1,md,4,330.6,,,us,usp000en3p,2014-11-07T01:29:36.510Z,"71 km ESE of Grenville, Grenada",earthquake,,,,,reviewed,trn,trn
2006-07-07T22:48:12.003Z,50.516,-175.1878,35.1,2.9,ml,,,,0.37,ak,ak0068naf3g0,2019-02-13T05:00:02.152Z,"181 km SSE of Adak, Alaska",earthquake,,2.4,,,reviewed,ak,ak
2006-07-07T22:32:23.460Z,-6.289,155.02,121.7,4.5,mb,40,71.3,,0.98,us,usp000en3m,2014-11-07T01:29:36.505Z,"51 km W of Panguna, Papua New Guinea",earthquake,,10.9,,13,reviewed,us,us
2006-07-07T22:21:08.290Z,52.0865,177.1524,7.7,2.7,ml,,,,0.65,ak,ak0068na9atp,2019-02-13T05:00:09.231Z,"282 km ESE of Attu Station, Alaska",earthquake,,4.9,,,reviewed,ak,ak
2006-07-07T22:09:20.640Z,19.3373333,-155.1253333,7.237,2.14,ml,31,124,,0.09,hv,hv6000443,2020-03-31T21:48:14.440Z,"14 km S of Fern Forest, Hawaii",earthquake,0.42,0.6,0.17,9,reviewed,hv,hv
2006-07-07T21:56:38.420Z,45.551,26.466,134.6,2.9,md,6,133.2,,,us,usp000en3k,2014-11-07T01:29:36.503Z,"8 km NNE of Gura Teghii, Romania",earthquake,,,,,reviewed,buc,irsa
2006-07-07T21:49:44.200Z,16.663,-94.341,122.9,4.5,mb,80,102.2,,,us,usp000en3j,2014-11-07T01:29:36.496Z,"19 km N of Santo Domingo Zanatepec, Mexico",earthquake,,,,36,reviewed,unm,us
2006-07-07T21:44:45.390Z,46.714,-122.751,-0.197,2.5,md,7,113,0.05506,0.12,uw,uw10694948,2016-07-22T22:19:48.890Z,"13 km SE of Bucoda, Washington",explosion,1.319,1.71,0.03,3,reviewed,uw,uw
2006-07-07T21:39:09.020Z,36.0586667,-117.8785,-1.429,2.48,ml,26,81,0.06199,0.23,ci,ci14238728,2016-03-08T22:00:11.357Z,"6km ENE of Coso Junction, CA",earthquake,0.36,0.82,0.117,62,reviewed,ci,ci
2006-07-07T21:13:24.440Z,-6.943,129.538,106.9,5.1,mwc,183,29,,0.85,us,usp000en3h,2016-11-10T01:25:13.308Z,"Banda Sea",earthquake,,7.3,,,reviewed,us,hrv
2006-07-07T21:04:12.350Z,51.9637,177.0306,9.3,2.7,ml,,,,0.39,ak,ak0068n9k8cz,2019-02-13T05:00:12.996Z,"279 km ESE of Attu Station, Alaska",earthquake,,9.4,,,reviewed,ak,ak
2006-07-07T20:57:05.660Z,-26.876,26.735,5,4,mb,13,156.2,,0.89,us,usp000en3g,2014-11-07T01:29:36.474Z,"4 km SW of Stilfontein, South Africa",earthquake,,,,1,reviewed,us,us
2006-07-07T20:47:34.083Z,51.9832,177.0886,12.6,2.7,ml,,,,0.59,ak,ak0068n98280,2019-02-13T05:00:13.371Z,"282 km ESE of Attu Station, Alaska",earthquake,,9.5,,,reviewed,ak,ak
2006-07-07T20:42:36.520Z,2.586,96.271,30,4,mb,8,217.6,,0.91,us,usp000en3f,2014-11-07T01:29:36.460Z,"16 km NW of Sinabang, Indonesia",earthquake,,,,2,reviewed,us,us
2006-07-07T20:40:42.666Z,52.0303,177.0584,12.9,2.7,ml,,,,0.67,ak,ak0068n96kve,2019-02-13T05:00:12.713Z,"278 km ESE of Attu Station, Alaska",earthquake,,2.5,,,reviewed,ak,ak
2006-07-07T20:23:46.742Z,52.044,177.1319,4.8,2.6,ml,,,,0.77,ak,ak0068n92y0i,2019-02-13T05:00:08.550Z,"282 km ESE of Attu Station, Alaska",earthquake,,0.4,,,reviewed,ak,ak
2006-07-07T20:16:44.890Z,-5.383,151.583,73.6,5.2,mwc,119,66,,0.73,us,usp000en3e,2016-11-10T01:25:12.795Z,"137 km SSW of Kokopo, Papua New Guinea",earthquake,,9.1,,,reviewed,us,hrv
2006-07-07T20:10:58.400Z,27.13,55.77,15,3.4,ml,16,120.2,,,us,usp000en3d,2014-11-07T01:29:36.448Z,"51 km W of Bandar Abbas, Iran",earthquake,,,,,reviewed,thr,thr
2006-07-07T20:04:59.680Z,-29.483,-177.993,13.7,5.3,mwc,46,81.7,,1.23,us,usp000en3c,2016-11-10T01:25:12.294Z,"Kermadec Islands, New Zealand",earthquake,,9.8,,,reviewed,us,hrv
2006-07-07T20:01:37.300Z,26.86,55.85,14,3.7,ml,60,96.4,,,us,usp000en3b,2014-11-07T01:29:36.436Z,"42 km WSW of Qeshm, Iran",earthquake,,,,,reviewed,thr,thr
2006-07-07T19:48:28.230Z,42.337,-8.402,19.1,2.6,m,9,162.3,,,us,usp000en3a,2014-11-07T01:29:36.433Z,"4 km E of Fornelos de Montes, Spain",earthquake,,,,,reviewed,mdd,mdd
2006-07-07T19:41:45.300Z,38.78,21.48,57,3.2,md,8,90.9,,,us,usp000en39,2014-11-07T01:29:36.432Z,"15 km NE of Neápolis, Greece",earthquake,,,,,reviewed,ath,ath
2006-07-07T19:31:55.840Z,36.0026667,-120.554,12.683,2.8,md,56,70,0.01532,0.08,nc,nc21526211,2017-01-14T23:29:27.890Z,"15 km NW of Parkfield, California",earthquake,0.2,0.22,0.09,68,reviewed,nc,nc
2006-07-07T19:21:36.356Z,60.9202,-151.7747,86.3,2.2,ml,,,,0.45,ak,ak0068n8h26b,2019-02-13T05:00:01.079Z,"36 km NW of Nikiski, Alaska",earthquake,,0.3,,,reviewed,ak,ak
2006-07-07T19:21:15.760Z,32.9238333,-115.53,14.621,2.05,ml,23,85,0.1004,0.26,ci,ci14238708,2016-03-08T16:57:35.608Z,"6km S of Brawley, CA",earthquake,0.5,0.88,0.123,37,reviewed,ci,ci
2006-07-07T19:20:40.330Z,37.9708333,-112.5273333,5.77,2.32,ml,11,66,0.3948,0.18,uu,uu50318510,2018-08-28T21:54:08.240Z,"18 km NNW of Panguitch, Utah",earthquake,0.68,1.22,,2,reviewed,uu,uu
2006-07-07T19:19:27.204Z,52.8914,-166.7268,3.8,2.6,ml,,,,0.43,ak,ak0068n8gm1c,2019-02-13T05:00:00.679Z,"110 km S of Unalaska, Alaska",earthquake,,2.4,,,reviewed,ak,ak
2006-07-07T19:17:57.020Z,40.164,142.619,68.5,4.3,mb,11,209.9,,0.47,us,usp000en37,2014-11-07T01:29:36.428Z,"81 km NE of Miyako, Japan",earthquake,,30.9,,2,reviewed,us,us
2006-07-07T18:33:01.780Z,44.1088333,-110.5546667,6.33,2.12,ml,11,199,0.1563,0.07,uu,uu50318505,2018-08-28T21:54:07.550Z,"54 km N of Kelly, Wyoming",earthquake,0.78,0.92,,3,reviewed,uu,uu
2006-07-07T18:13:44.484Z,57.2025,-154.0899,51.4,3.5,ml,,,,0.39,ak,ak0068n7txgw,2019-02-13T05:00:00.179Z,"29 km N of Akhiok, Alaska",earthquake,,0.4,,,reviewed,ak,ak
2006-07-07T17:43:32.350Z,16.068,-95.966,6.8,5,mwc,181,37.4,,1.1,us,usp000en35,2022-05-02T18:22:53.990Z,"11 km ENE of Merced del Potrero, Mexico",earthquake,,8.4,,,reviewed,us,hrv
2006-07-07T17:41:20.315Z,52.068,177.0255,6.6,2.7,ml,,,,1,ak,ak0068n7eg1r,2019-02-13T05:00:08.260Z,"274 km ESE of Attu Station, Alaska",earthquake,,1,,,reviewed,ak,ak
2006-07-07T17:26:11.659Z,59.1009,-152.8061,64.4,2.3,ml,,,,0.38,ak,ak0068n7b7n1,2019-02-13T04:59:59.743Z,"58 km WSW of Nanwalek, Alaska",earthquake,,0.3,,,reviewed,ak,ak
2006-07-07T17:04:19.000Z,-38.21,176.13,174,4.8,m,69,44.1,,,us,usp000en34,2014-11-07T01:29:36.398Z,"12 km SW of Rotorua, New Zealand",earthquake,,,,,reviewed,wel,wel
2006-07-07T16:57:41.700Z,44.192,10.929,9.7,2.9,ml,36,52,,,us,usp000en33,2014-11-07T01:29:36.392Z,"0 km SW of Gaggio Montano, Italy",earthquake,,,,,reviewed,rom,ldg
2006-07-07T16:41:34.530Z,-8.242,117.076,47.6,4.4,mb,16,163,,1.13,us,usp000en32,2014-11-07T01:29:36.390Z,"47 km NW of Sumbawa Besar, Indonesia",earthquake,,26.3,,7,reviewed,us,us
2006-07-07T16:29:47.590Z,46.1935,-122.201,-1.797,2.5,md,12,87,,0.67,uw,uw10694808,2016-07-22T22:19:46.390Z,"36 km NNE of Amboy, Washington",earthquake,0.156,0.38,0.05,2,reviewed,uw,uw
2006-07-07T16:24:28.200Z,38.412,15.104,184.8,3.1,m,13,184,,,us,usp000en31,2014-11-07T01:29:36.387Z,"14 km ESE of Lipari, Italy",earthquake,,,,,reviewed,rom,rom
2006-07-07T16:18:22.845Z,58.3329,-136.9431,18.6,2.3,ml,,,,0.43,ak,ak0068n6o364,2019-02-13T05:09:02.849Z,"38 km WNW of Elfin Cove, Alaska",earthquake,,4.4,,,reviewed,ak,ak
2006-07-07T16:16:55.910Z,17.7241667,-154.892,20.369,3.11,ml,37,329,,0.12,hv,hv5507228,2020-03-31T21:48:13.470Z,"165 km SSE of Naalehu, Hawaii",earthquake,1.67,6.86,0.19,11,reviewed,hv,hv
2006-07-07T16:04:17.819Z,52.1226,177.0618,24.3,2.6,ml,,,,0.77,ak,ak0068n6l2r9,2019-02-13T05:00:12.333Z,"275 km ESE of Attu Station, Alaska",earthquake,,28.9,,,reviewed,ak,ak
2006-07-07T15:56:43.200Z,37.5736667,-118.8416667,0.729,2.27,md,35,85,0.01892,0.07,nc,nc21526177,2017-01-14T23:28:00.180Z,"11 km W of Aspen Springs, California",earthquake,0.24,0.5,0.23,32,reviewed,nc,nc
2006-07-07T15:48:34.460Z,15.691,-61.09,5,3.2,md,4,238.5,,,us,usp000en30,2014-11-07T01:29:36.386Z,"26 km NE of Marigot, Dominica",earthquake,,,,,reviewed,trn,trn
2006-07-07T14:52:30.633Z,51.6733,179.7014,8.5,2.6,ml,,,,0.24,ak,ak0068n5oiwn,2019-02-13T04:59:59.345Z,"253 km W of Adak, Alaska",earthquake,,0.2,,,reviewed,ak,ak
2006-07-07T14:44:25.460Z,34.559,137.414,299.9,3.6,mb,24,129.1,,0.95,us,usp000en2z,2014-11-07T01:29:36.383Z,"18 km SE of Tahara, Japan",earthquake,,6.1,,5,reviewed,us,us
2006-07-07T14:36:59.429Z,51.5266,-176.0673,36,2.1,ml,,,,0.32,ak,ak0068n5l5o6,2019-02-13T04:59:58.964Z,"55 km SE of Adak, Alaska",earthquake,,2.2,,,reviewed,ak,ak
2006-07-07T14:12:07.140Z,44.551,102.352,10,5,mwc,219,34.3,,0.72,us,usp000en2y,2022-05-02T18:22:59.574Z,"19 km SE of Hovd, Mongolia",earthquake,,,,,reviewed,us,hrv
2006-07-07T13:43:30.820Z,52.0818,177.0194,4.8,2.5,ml,,,,1.16,ak,ak0068n515ve,2019-02-13T05:00:11.950Z,"274 km ESE of Attu Station, Alaska",earthquake,,1.5,,,reviewed,ak,ak
2006-07-07T13:29:48.000Z,38.06,22.97,22,2.7,ml,9,89.2,,,us,usp000en2x,2014-11-07T01:29:36.361Z,"3 km NNE of Perachóra, Greece",earthquake,,,,,reviewed,ath,ath
2006-07-07T13:19:04.800Z,-37.491,-73.13,69.3,4,m,9,213.9,,,us,usp000en2w,2014-11-07T01:29:36.359Z,"19 km E of Curanilahue, Chile",earthquake,,,,,reviewed,guc,guc
2006-07-07T13:12:57.370Z,35.299,-9.724,10,4.3,mblg,87,114.4,,0.64,us,usp000en2v,2014-11-07T01:29:36.348Z,"202 km SSW of Sagres, Portugal",earthquake,,,,,reviewed,us,mdd
2006-07-07T12:58:52.400Z,-32.274,-71.735,9.7,2.8,ml,8,207.6,,,us,usp000en2u,2014-11-07T01:29:36.347Z,"51 km WNW of La Ligua, Chile",earthquake,,,,,reviewed,guc,guc
2006-07-07T12:52:19.486Z,51.1606,-178.0682,13.2,2,ml,,,,0.36,ak,ak0068n4hmu4,2019-02-13T05:00:05.907Z,"127 km SW of Adak, Alaska",earthquake,,5.3,,,reviewed,ak,ak
2006-07-07T12:40:35.300Z,-27.604,-69.597,106.4,3.4,m,4,238.6,,,us,usp000en2t,2014-11-07T01:29:36.345Z,"77 km ESE of Copiapó, Chile",earthquake,,,,,reviewed,guc,guc
2006-07-07T12:21:31.980Z,-22.983,-69.248,98.9,4.2,mb,11,93.8,,1.4,us,usp000en2s,2014-11-07T01:29:36.342Z,"67 km SSW of Calama, Chile",earthquake,,9,,1,reviewed,us,us
2006-07-07T11:56:08.620Z,60.946,165.74,10,4.3,mb,21,186.2,,1.11,us,usp000en2r,2014-11-07T01:29:36.340Z,"60 km NNW of Tilichiki, Russia",earthquake,,,,8,reviewed,us,us
2006-07-07T11:15:33.120Z,43.387,146.642,84,4.7,mb,29,143.5,,0.96,us,usp000en2q,2014-11-07T01:29:36.336Z,"46 km S of Shikotan, Russia",earthquake,,11.4,,6,reviewed,us,us
2006-07-07T10:06:13.370Z,-10.772,164.285,34.3,5.3,mwc,183,27.3,,0.93,us,usp000en2p,2016-11-10T01:25:10.516Z,"165 km W of Lata, Solomon Islands",earthquake,,,,,reviewed,us,hrv
2006-07-07T09:54:39.350Z,47.4348333,-121.8011667,19.436,2.4,md,39,86,0.02498,0.17,uw,uw10694758,2016-07-22T22:19:45.400Z,"2 km WSW of Wilderness Rim, Washington",earthquake,0.014,0.02,0.03,5,reviewed,uw,uw
2006-07-07T09:42:42.270Z,10.956,-61.598,22,3.4,md,10,171.2,,,us,usp000en2n,2014-11-07T01:29:36.313Z,"28 km N of Petit Valley, Trinidad and Tobago",earthquake,,,,,reviewed,trn,trn
2006-07-07T09:37:59.588Z,37.1035,-117.8188,5,2,ml,22,122.8,0.19,0.1381,nn,nn00184741,2018-04-24T20:33:37.396Z,"42 km E of Big Pine, California",earthquake,,2.6,,,reviewed,nn,nn
2006-07-07T08:53:23.239Z,52.1261,177.0968,10.1,2.7,ml,,,,0.88,ak,ak0068n244f7,2019-02-13T05:00:11.564Z,"277 km ESE of Attu Station, Alaska",earthquake,,2.2,,,reviewed,ak,ak
2006-07-07T08:46:45.760Z,36.463,-11.009,0,2.5,mblg,5,330.1,,,us,usp000en2m,2014-11-07T01:29:36.312Z,"194 km WSW of Sagres, Portugal",earthquake,,,,,reviewed,mdd,mdd
2006-07-07T08:43:05.570Z,14.723,-61.058,1,3.5,md,15,93.7,,,us,usp000en2k,2014-11-07T01:29:36.309Z,"6 km NNW of Saint-Joseph, Martinique",earthquake,,,,,reviewed,trn,trn
2006-07-07T08:04:59.000Z,-31.832,-70.496,114.5,3.3,m,13,185.4,,,us,usp000en2j,2014-11-07T01:29:36.306Z,"44 km E of Salamanca, Chile",earthquake,,,,,reviewed,guc,guc
2006-07-07T07:44:22.570Z,44.6285,-109.9873333,14.28,2.59,ml,11,199,0.1133,0.12,uu,uu50318475,2018-08-28T21:54:03.620Z,"42 km S of Silver Gate, Montana",earthquake,0.78,1.24,,6,reviewed,uu,uu
2006-07-07T07:26:12.530Z,-15.244,-173.61,35,6,mwb,306,47.8,,1.34,us,usp000en2g,2022-07-14T10:48:24.961Z,"81 km NNE of Hihifo, Tonga",earthquake,,,,,reviewed,us,us
2006-07-07T07:15:10.800Z,-37.66,176.79,165,4.1,m,27,230.9,,,us,usp000en2f,2014-11-07T01:29:36.256Z,"32 km ENE of Maketu, New Zealand",earthquake,,,,,reviewed,wel,wel
2006-07-07T06:32:45.400Z,39.246,15.499,247.6,3.1,m,11,180.7,,,us,usp000en2e,2014-11-07T01:29:36.253Z,"47 km SW of Cittadella del Capo, Italy",earthquake,,,,,reviewed,rom,rom
2006-07-07T06:30:14.300Z,-37.4,177.6,116,4.3,m,35,173.6,,,us,usp000en2d,2014-11-07T01:29:36.249Z,"73 km NNE of Opotiki, New Zealand",earthquake,,,,,reviewed,wel,wel
2006-07-07T06:25:40.030Z,18.596,-66.126,76.9,2.8,md,11,214.6,,,us,usp000en2c,2014-11-07T01:29:36.247Z,"14 km N of San Juan, Puerto Rico",earthquake,,,,,reviewed,rspr,rspr
2006-07-07T06:18:46.800Z,53.779,-164.653,52.7,2.9,ml,5,240.9,,,us,usp000en2b,2019-02-13T04:59:58.170Z,"83 km ESE of Akutan, Alaska",earthquake,,,,,reviewed,aeic,aeic
2006-07-07T05:28:42.370Z,18.968,-67.87,7.1,3.1,md,6,329.2,,,us,usp000en2a,2014-11-07T01:29:36.244Z,"70 km NE of Punta Cana, Dominican Republic",earthquake,,,,,reviewed,rspr,rspr
2006-07-07T05:28:06.580Z,-6.99,129.733,42.6,4.3,mb,15,175.2,,0.66,us,usp000en29,2014-11-07T01:29:36.242Z,"Banda Sea",earthquake,,15.1,,5,reviewed,us,us
2006-07-07T05:27:09.510Z,18.304,-63.762,7.4,3.1,md,6,322.7,,,us,usp000en28,2014-11-07T01:29:36.241Z,"71 km W of Sandy Ground Village, Anguilla",earthquake,,,,,reviewed,rspr,rspr
2006-07-07T05:26:36.290Z,18.9411667,-155.1753333,46.709,2.11,ml,35,250,,0.1,hv,hv5507176,2020-03-31T21:48:12.060Z,"43 km SE of P?hala, Hawaii",earthquake,1.09,1.63,0.22,8,reviewed,hv,hv
2006-07-07T05:18:56.110Z,20.059,-69.208,24.8,3.8,md,8,343.6,,,us,usp000en27,2014-11-07T01:29:36.239Z,"86 km ENE of Cabrera, Dominican Republic",earthquake,,,,,reviewed,rspr,rspr
2006-07-07T04:53:48.640Z,51.054,179.411,19.7,4.2,mb,34,135.8,,,us,usp000en26,2019-02-13T04:59:57.749Z,"289 km WSW of Adak, Alaska",earthquake,,,,11,reviewed,aeic,us
2006-07-07T04:26:36.480Z,5.304,123.774,532.2,4.4,mb,22,149.6,,0.64,us,usp000en25,2014-11-07T01:29:36.232Z,"110 km SSW of Palimbang, Philippines",earthquake,,13.8,,12,reviewed,us,us
2006-07-07T04:20:18.350Z,-17.828,-178.487,570,4.1,mb,16,172.4,,0.77,us,usp000en24,2014-11-07T01:29:36.230Z,"234 km E of Levuka, Fiji",earthquake,,13.9,,4,reviewed,us,us
2006-07-07T04:18:27.190Z,44.6328333,-110.0126667,11.34,2.16,md,7,187,0.1182,0.17,uu,uu50318465,2018-08-28T21:54:02.950Z,"41 km S of Silver Gate, Montana",earthquake,1,2.49,,6,reviewed,uu,uu
2006-07-07T04:00:14.800Z,40.556,-123.5308333,25.951,2.59,md,22,46,0.02252,0.04,nc,nc21526125,2017-01-14T23:25:23.370Z,"9 km SW of Hyampom, California",earthquake,0.3,0.42,0.15,22,reviewed,nc,nc
2006-07-07T03:58:42.510Z,51.563,16.107,5,3,ml,33,65.7,,1.07,us,usp000en22,2014-11-07T01:29:36.223Z,"5 km SW of Gr?bocice, Poland",earthquake,,,,,reviewed,us,grf
2006-07-07T03:52:56.210Z,19.725,-66.518,25.2,3.2,md,11,293.2,,,us,usp000en21,2014-11-07T01:29:36.221Z,"139 km N of Tierras Nuevas Poniente, Puerto Rico",earthquake,,,,,reviewed,rspr,rspr
2006-07-07T03:48:55.004Z,60.6563,-142.8207,6.2,2.4,ml,,,,0.85,ak,ak0068mz3y9o,2019-02-13T05:09:02.057Z,"86 km S of McCarthy, Alaska",earthquake,,1.2,,,reviewed,ak,ak
2006-07-07T03:28:57.200Z,27.06,56.04,14.1,4,mb,43,62.6,,,us,usp000en1z,2014-11-07T01:29:36.215Z,"25 km WNW of Qeshm, Iran",earthquake,,,,9,reviewed,thr,us
2006-07-07T03:02:40.900Z,34.82,24.58,27,3.1,md,5,186.6,,,us,usp000en1y,2014-11-07T01:29:36.214Z,"32 km SSW of Agía Galíni, Greece",earthquake,,,,,reviewed,ath,ath
2006-07-07T02:59:26.030Z,-21.087,-178.752,600,3.9,mb,10,285.5,,0.44,us,usp000en1x,2014-11-07T01:29:36.213Z,"Fiji region",earthquake,,,,4,reviewed,us,us
2006-07-07T02:57:03.130Z,63.3238,-145.334,8.9,2.2,ml,,,,0.62,ak,ak0068mykc3t,2019-02-13T04:59:57.170Z,"29 km NNE of Paxson, Alaska",earthquake,,0.5,,,reviewed,ak,ak
2006-07-07T02:49:05.320Z,52.0706,177.1007,25.6,2.7,ml,,,,0.87,ak,ak0068myimjo,2019-02-13T05:00:11.182Z,"279 km ESE of Attu Station, Alaska",earthquake,,16.3,,,reviewed,ak,ak
2006-07-07T02:16:06.410Z,-33.283,-178.6,10.3,4.5,mb,18,176.3,,0.76,us,usp000en1w,2014-11-07T01:29:36.210Z,"south of the Kermadec Islands",earthquake,,74.8,,4,reviewed,us,us
2006-07-07T02:00:46.861Z,62.4422,-148.142,7.4,2.2,ml,,,,0.61,ak,ak0068my87ny,2019-02-13T04:59:56.708Z,"73 km NNE of Chickaloon, Alaska",earthquake,,0.3,,,reviewed,ak,ak
2006-07-07T01:55:52.930Z,-16.021,167.956,169.6,4.6,mb,21,101.2,,1,us,usp000en1v,2014-11-07T01:29:36.208Z,"58 km E of Lakatoro, Vanuatu",earthquake,,16.4,,11,reviewed,us,us
2006-07-07T01:55:01.000Z,41.15,20.34,15,3.3,md,15,117.8,,,us,usp000en1u,2014-11-07T01:29:36.205Z,"5 km S of Librazhd-Qendër, Albania",earthquake,,,,,reviewed,ath,ath
2006-07-07T01:42:34.900Z,-27.28,-71.223,5.6,3.7,ml,4,225,,,us,usp000en1t,2014-11-07T01:29:36.204Z,"88 km W of Copiapó, Chile",earthquake,,,,,reviewed,guc,guc
2006-07-07T01:19:16.300Z,39.28,23.37,4,3.1,ml,4,159.3,,,us,usp000en1s,2014-11-07T01:29:36.202Z,"14 km ENE of Argalastí, Greece",earthquake,,,,,reviewed,ath,ath
2006-07-07T01:18:30.900Z,39.29,23.21,15,3.1,ml,7,125.2,,,us,usp000en1r,2014-11-07T01:29:36.201Z,"7 km N of Argalastí, Greece",earthquake,,,,,reviewed,ath,ath
2006-07-07T01:09:24.480Z,13.912,-60.623,34,3.4,md,8,345.1,,,us,usp000en1q,2014-11-07T01:29:36.199Z,"28 km E of Dennery, Saint Lucia",earthquake,,,,,reviewed,trn,trn
2006-07-07T01:07:29.300Z,-38.23,179.33,12,4.2,mb,19,196,,,us,usp000en1p,2014-11-07T01:29:36.197Z,"124 km ENE of Gisborne, New Zealand",earthquake,,,,3,reviewed,wel,us
2006-07-07T01:06:04.600Z,39.28,23.2,15,3.2,ml,12,67,,,us,usp000en1n,2014-11-07T01:29:36.195Z,"6 km NNW of Argalastí, Greece",earthquake,,,,,reviewed,ath,ath
2006-07-07T01:02:39.590Z,-27.411,-176.192,119.8,4.4,mb,11,176.7,,1.32,us,usp000en1m,2014-11-07T01:29:36.193Z,"Kermadec Islands region",earthquake,,14.2,,6,reviewed,us,us
2006-07-07T01:02:34.820Z,35.737,70.798,35,3.1,mb,15,214.5,,1.2,us,usp000en1k,2014-11-07T01:29:36.191Z,"36 km NNW of P?r?n, Afghanistan",earthquake,,,,2,reviewed,us,us
2006-07-07T00:43:18.000Z,-33.077,-70.556,89.7,4,m,23,63.4,,,us,usp000en1j,2014-11-07T01:29:36.187Z,"24 km NNE of Chicureo Abajo, Chile",earthquake,,,,,reviewed,guc,guc
2006-07-07T00:08:38.240Z,59.069,-137.3584,5,2.3,ml,,,,1.01,ak,ak0068mx31io,2019-02-13T05:09:02.468Z,"85 km WSW of Covenant Life, Alaska",earthquake,,0,,,reviewed,ak,ak
2006-07-07T00:08:26.676Z,51.9673,177.1534,4.6,2.9,ml,,,,0.64,ak,ak0068mx30mj,2019-02-13T05:00:06.278Z,"287 km ESE of Attu Station, Alaska",earthquake,,11.3,,,reviewed,ak,ak
2006-07-06T23:52:51.310Z,-5.742,150.601,94.2,4.2,mb,13,143.1,,0.78,us,usp000en1h,2014-11-07T01:29:36.185Z,"55 km ESE of Kimbe, Papua New Guinea",earthquake,,16.8,,4,reviewed,us,us
2006-07-06T23:44:03.910Z,39.236,71.69,10,4.4,mb,58,142.3,,0.93,us,usp000en1g,2014-11-07T01:29:36.178Z,"14 km E of Karakenja, Tajikistan",earthquake,,,,20,reviewed,us,us
2006-07-06T23:26:58.716Z,65.2213,-160.7816,10,4.5,mb,,,,1.31,ak,ak0068lncken,2019-03-19T20:19:52.169Z,"36 km NNE of Koyuk, Alaska",earthquake,,0,,,reviewed,ak,ak
2006-07-06T23:17:44.700Z,-33.192,-70.541,97.5,2.5,m,8,181.9,,,us,usp000en1e,2014-11-07T01:29:36.171Z,"14 km NE of Chicureo Abajo, Chile",earthquake,,,,,reviewed,guc,guc
2006-07-06T23:07:13.070Z,39.925,142.52,101.1,4.1,mb,13,198.3,,0.19,us,usp000en1d,2014-11-07T01:29:36.169Z,"58 km ENE of Miyako, Japan",earthquake,,36.6,,5,reviewed,us,us
2006-07-06T23:05:26.500Z,37.17,14.381,29.5,2.9,ml,11,156.6,,,us,usp000en1c,2014-11-07T01:29:36.167Z,"2 km NNW of Niscemi, Italy",earthquake,,,,,reviewed,rom,rom
2006-07-06T23:04:53.300Z,37.849,14.553,12.1,2.5,md,7,99.5,,,us,usp000en1b,2014-11-07T01:29:36.165Z,"5 km NE of Cerami, Italy",earthquake,,,,,reviewed,rom,rom
2006-07-06T22:56:56.950Z,-5.054,125.832,35,4,mb,14,167.3,,0.42,us,usp000en1a,2014-11-07T01:29:36.163Z,"Banda Sea",earthquake,,,,2,reviewed,us,us
2006-07-06T22:39:22.200Z,37.51,20.84,4,3.1,md,4,228.9,,,us,usp000en19,2014-11-07T01:29:36.162Z,"23 km S of Lithakiá, Greece",earthquake,,,,,reviewed,ath,ath
2006-07-06T22:20:45.910Z,1.903,127.806,35,4.1,mb,11,192.3,,0.85,us,usp000en18,2014-11-07T01:29:36.160Z,"29 km NW of Tobelo, Indonesia",earthquake,,,,2,reviewed,us,us
2006-07-06T22:17:11.510Z,13.749,93.08,30,4.2,mb,23,145.3,,0.85,us,usp000en17,2014-11-07T01:29:36.158Z,"230 km N of Bamboo Flat, India",earthquake,,,,9,reviewed,us,us
2006-07-06T22:02:39.080Z,32.0331667,-116.324,5.88,2.13,ml,12,280,0.6522,0.12,ci,ci14238584,2016-03-08T20:26:09.305Z,"33km ENE of Ensenada, B.C., MX",earthquake,0.66,3.07,0.147,11,reviewed,ci,ci
2006-07-06T21:56:35.200Z,-38.24,179.39,14,3.8,ml,6,281.6,,,us,usp000en16,2014-11-07T01:29:36.156Z,"129 km ENE of Gisborne, New Zealand",earthquake,,,,,reviewed,wel,wel
2006-07-06T21:55:16.300Z,42.651,12.049,5,2.7,ml,29,68.6,,,us,usp000en15,2014-11-07T01:29:36.153Z,"4 km NW of Bagnoregio, Italy",earthquake,,,,,reviewed,rom,rom
2006-07-06T21:47:31.600Z,42.649,12.064,3.1,3.2,ml,49,67.9,,,us,usp000en14,2014-11-07T01:29:36.145Z,"3 km NW of Bagnoregio, Italy",earthquake,,,,,reviewed,rom,rom
2006-07-06T21:35:18.800Z,-30.971,-70.53,127.9,3.8,m,14,141.8,,,us,usp000en13,2014-11-07T01:29:36.141Z,"51 km SE of Monte Patria, Chile",earthquake,,,,,reviewed,guc,guc
2006-07-06T21:00:50.760Z,38.5088333,-123.4695,-0.511,2.36,md,31,200,0.2342,0.26,nc,nc21526084,2017-01-14T23:23:57.533Z,"22 km S of Sea Ranch, California",earthquake,0.84,2.09,0.11,18,reviewed,nc,nc
2006-07-06T20:46:32.930Z,-30.182,-179.309,165.4,4.5,mb,14,140.2,,0.81,us,usp000en12,2014-11-07T01:29:36.139Z,"Kermadec Islands region",earthquake,,10.7,,1,reviewed,us,us
2006-07-06T20:43:24.060Z,38.5043333,-123.459,-0.511,3.7,mw,83,195,0.2288,0.19,nc,nc21526081,2017-03-17T19:04:16.478Z,"23 km S of Sea Ranch, California",earthquake,0.34,0.73,,5,reviewed,nc,nc
2006-07-06T20:27:33.000Z,39.18,21.43,5,2.7,md,5,103.3,,,us,usp000en10,2014-11-07T01:29:36.135Z,"18 km S of Anthiró, Greece",earthquake,,,,,reviewed,ath,ath
2006-07-06T19:33:55.600Z,38.507,13.779,26,3.2,ml,14,152.5,,,us,usp000en0z,2014-11-07T01:29:36.133Z,"49 km NNE of Santa Flavia, Italy",earthquake,,,,,reviewed,rom,rom
2006-07-06T19:33:00.190Z,39.077,71.662,10,4.3,mb,32,145.3,,0.83,us,usp000en0y,2014-11-07T01:29:36.130Z,"21 km SE of Karakenja, Tajikistan",earthquake,,,,9,reviewed,us,us
2006-07-06T19:09:32.500Z,-45.16,167.29,116,4.4,m,21,101.3,,,us,usp000en0x,2014-11-07T01:29:36.127Z,"43 km NW of Te Anau, New Zealand",earthquake,,,,,reviewed,wel,wel
2006-07-06T18:51:12.050Z,0.655,96.972,30,4.2,mb,18,118.2,,0.93,us,usp000en0w,2014-11-07T01:29:36.125Z,"202 km SSW of Singkil, Indonesia",earthquake,,0,,2,reviewed,us,us
2006-07-06T18:50:05.700Z,37.59,21.76,20,3.3,ml,11,140.7,,,us,usp000en0v,2014-11-07T01:29:36.123Z,"12 km E of Kréstena, Greece",earthquake,,,,,reviewed,ath,ath
2006-07-06T18:43:55.380Z,46.716,-122.7625,-0.007,2,md,10,95,0.0617,0.13,uw,uw10694578,2016-07-22T22:19:42.620Z,"12 km SE of Bucoda, Washington",explosion,0.953,1.17,0.03,2,reviewed,uw,uw
2006-07-06T18:28:48.490Z,6.425,126.169,147.9,4.4,mb,18,145.7,,0.78,us,usp000en0u,2014-11-07T01:29:36.121Z,"4 km NE of Surup, Philippines",earthquake,,7.8,,7,reviewed,us,us
2006-07-06T18:00:21.900Z,37.58,21.82,20,3.3,ml,9,133.9,,,us,usp000en0t,2014-11-07T01:29:36.119Z,"16 km SSE of Lálas, Greece",earthquake,,,,,reviewed,ath,ath
2006-07-06T17:56:31.850Z,47.519,151.441,172.2,4.1,mb,22,104,,0.72,us,usp000en0s,2014-11-07T01:29:36.117Z,"Kuril Islands",earthquake,,13.2,,3,reviewed,us,us
2006-07-06T17:56:30.600Z,-31.904,-71.221,74.8,2.9,m,8,181.2,,,us,usp000en0r,2014-11-07T01:29:36.114Z,"27 km WSW of Salamanca, Chile",earthquake,,,,,reviewed,guc,guc
2006-07-06T17:48:34.730Z,17.459,-67.906,25.2,3.1,md,5,333.5,,,us,usp000en0q,2014-11-07T01:29:36.113Z,"95 km SW of Pole Ojea, Puerto Rico",earthquake,,,,,reviewed,rspr,rspr
2006-07-06T17:41:52.500Z,37.59,21.83,12,3.3,ml,9,131.9,,,us,usp000en0p,2014-11-07T01:29:36.112Z,"16 km SE of Lálas, Greece",earthquake,,,,,reviewed,ath,ath
2006-07-06T17:22:40.850Z,-5.502,150.491,74.1,4.3,mb,11,211,,0.77,us,usp000en0n,2014-11-07T01:29:36.110Z,"39 km E of Kimbe, Papua New Guinea",earthquake,,23.3,,2,reviewed,us,us
2006-07-06T17:06:16.100Z,37.59,21.8,12,3.3,ml,10,135.7,,,us,usp000en0m,2014-11-07T01:29:36.108Z,"14 km SSE of Lálas, Greece",earthquake,,,,,reviewed,ath,ath
2006-07-06T17:02:57.970Z,37.236,71.937,101.5,3.6,mb,11,233.3,,0.47,us,usp000en0k,2014-11-07T01:29:36.106Z,"44 km SE of Khorugh, Tajikistan",earthquake,,24.7,,2,reviewed,us,us
2006-07-06T17:01:12.784Z,51.2153,-176.8718,20,2.5,ml,,,,0.42,ak,ak0068ljmiby,2019-02-13T04:59:42.433Z,"75 km SSW of Adak, Alaska",earthquake,,0.3,,,reviewed,ak,ak
2006-07-06T16:58:28.960Z,-5.675,150.701,71.2,4.2,mb,11,208.5,,1.29,us,usp000en0j,2014-11-07T01:29:36.105Z,"63 km ESE of Kimbe, Papua New Guinea",earthquake,,29.5,,1,reviewed,us,us
2006-07-06T16:53:58.354Z,56.6254,-155.0722,10,2,ml,,,,0.77,ak,ak0068ljcbh7,2019-02-13T04:59:54.142Z,"65 km WSW of Akhiok, Alaska",earthquake,,0,,,reviewed,ak,ak
2006-07-06T16:47:16.900Z,39.66,20.66,29,2.9,md,4,176.4,,,us,usp000en0h,2014-11-07T01:29:36.104Z,"7 km SW of Rodotópi, Greece",earthquake,,,,,reviewed,ath,ath
2006-07-06T16:41:27.830Z,3.401,126.762,122,4.2,mb,22,157.6,,1.25,us,usp000en0g,2014-11-07T01:29:36.101Z,"231 km NW of Tobelo, Indonesia",earthquake,,35.4,,11,reviewed,us,us
2006-07-06T16:40:56.800Z,37.66,20.9,5,3.5,md,7,214.6,,,us,usp000en0f,2014-11-07T01:29:36.100Z,"9 km SE of Lithakiá, Greece",earthquake,,,,,reviewed,ath,ath
2006-07-06T16:39:04.700Z,38.12,24.09,25,2.9,ml,6,271.6,,,us,usp000en0e,2014-11-07T01:29:36.098Z,"8 km SE of Káto Soúlion, Greece",earthquake,,,,,reviewed,ath,ath
2006-07-06T16:24:01.290Z,7.201,-34.248,10,4.6,mb,22,81.2,,1.19,us,usp000en0d,2014-11-07T01:29:36.095Z,"central Mid-Atlantic Ridge",earthquake,,,,13,reviewed,us,us
2006-07-06T16:20:00.622Z,51.6955,-179.5869,84.9,2.3,ml,,,,0.37,ak,ak0068lj54e6,2019-02-13T04:59:53.325Z,"204 km W of Adak, Alaska",earthquake,,0.4,,,reviewed,ak,ak
2006-07-06T16:11:07.270Z,-15.411,-70.349,184.1,4.5,mb,15,117.2,,1.22,us,usp000en0c,2014-11-07T01:29:36.093Z,"7 km SSE of Lampa, Peru",earthquake,,11.8,,11,reviewed,us,us
2006-07-06T16:07:03.800Z,-28.656,-71.285,35.7,3.4,ml,5,209.9,,,us,usp000en0b,2014-11-07T01:29:36.091Z,"52 km W of Vallenar, Chile",earthquake,,,,,reviewed,guc,guc
2006-07-06T15:26:10.220Z,-5.815,150.568,86.4,4.5,mb,12,220.5,,0.93,us,usp000en0a,2014-11-07T01:29:36.089Z,"55 km ESE of Kimbe, Papua New Guinea",earthquake,,20.5,,2,reviewed,us,us
2006-07-06T15:11:36.720Z,-10.483,165.117,66.6,5.7,mwb,167,39.8,,1.02,us,usp000en09,2022-05-02T15:32:25.656Z,"79 km WNW of Lata, Solomon Islands",earthquake,,,,,reviewed,us,us
2006-07-06T15:11:25.190Z,-24.724,-13.423,10,5.1,mwc,22,78,,1.23,us,usp000en08,2016-11-10T01:25:09.519Z,"southern Mid-Atlantic Ridge",earthquake,,,,,reviewed,us,hrv
2006-07-06T14:22:24.580Z,37.4625,-118.8361667,4.432,2.61,md,44,124,0.08468,0.06,nc,nc21526029,2017-01-14T23:21:48.140Z,"14 km SW of Aspen Springs, California",earthquake,0.26,0.87,0.18,44,reviewed,nc,nc
2006-07-06T14:07:30.900Z,13.454,50.317,10,4,mb,11,124.1,,1.29,us,usp000en05,2014-11-07T01:29:36.041Z,"171 km NNW of Caluula, Somalia",earthquake,,,,3,reviewed,us,us
2006-07-06T13:57:40.510Z,34.054,141.51,19.9,4.3,mb,17,143.2,,0.7,us,usp000en04,2014-11-07T01:29:36.038Z,"163 km SE of Katsuura, Japan",earthquake,,,,6,reviewed,us,us
2006-07-06T12:43:16.470Z,-17.35,-178.404,537.6,4,mb,9,167.1,,0.56,us,usp000en03,2014-11-07T01:29:36.037Z,"254 km ENE of Levuka, Fiji",earthquake,,35.6,,2,reviewed,us,us
2006-07-06T11:38:46.420Z,-3.922,139.875,30,4.2,mb,22,152.3,,1.3,us,usp000en02,2014-11-07T01:29:36.034Z,"169 km SSW of Abepura, Indonesia",earthquake,,,,9,reviewed,us,us
2006-07-06T11:26:25.660Z,39.894,40.755,18.8,2.9,md,4,119.8,,,us,usp000en01,2014-11-07T01:29:36.032Z,"5 km ESE of A?kale, Turkey",earthquake,,,,,reviewed,isk,isk
2006-07-06T11:15:19.260Z,19,-64.814,12.2,3.2,md,15,287,,,us,usp000en00,2014-11-07T01:29:36.029Z,"73 km N of Charlotte Amalie, U.S. Virgin Islands",earthquake,,,,,reviewed,rspr,rspr
2006-07-06T10:44:35.300Z,44.301,10.09,5,3.2,ml,45,53.4,,,us,usp000emzz,2014-11-07T01:29:36.020Z,"3 km WNW of Comano, Italy",earthquake,,,,,reviewed,rom,ldg
2006-07-06T10:24:09.140Z,-20.136,-175.838,146.4,4.5,mb,13,135.4,,0.64,us,usp000emzy,2014-11-07T01:29:35.945Z,"129 km NNW of Nuku‘alofa, Tonga",earthquake,,18.2,,6,reviewed,us,us
2006-07-06T10:08:55.680Z,39.12,71.858,10,4.5,mb,63,142.4,,0.72,us,usp000emzx,2014-11-07T01:29:35.940Z,"31 km ESE of Karakenja, Tajikistan",earthquake,,,,27,reviewed,us,us
2006-07-06T09:54:23.642Z,60.6028,-153.4153,4,2.5,ml,,,,0.54,ak,ak0068lf6fa4,2019-02-13T04:59:40.800Z,"66 km NE of Port Alsworth, Alaska",earthquake,,0.1,,,reviewed,ak,ak
2006-07-06T09:13:11.430Z,-6.054,155.316,80,4.5,mb,16,95.4,,1.28,us,usp000emzv,2014-11-07T01:29:35.936Z,"33 km NW of Arawa, Papua New Guinea",earthquake,,,,3,reviewed,us,us
2006-07-06T09:01:36.720Z,32.4001667,-115.2038333,10.001,2.08,ml,16,265,0.4531,0.41,ci,ci14238404,2016-03-09T07:59:30.643Z,"5km NNW of Delta, B.C., MX",earthquake,2.49,31.61,0.179,32,reviewed,ci,ci
2006-07-06T08:59:17.500Z,40.3,25.29,23,3.1,md,5,131.5,,,us,usp000emzu,2014-11-07T01:29:35.935Z,"24 km SW of Kamariótissa, Greece",earthquake,,,,,reviewed,ath,ath
2006-07-06T08:55:32.490Z,35.7086667,-121.0536667,6.216,2.26,md,32,74,0.06486,0.07,nc,nc21526007,2017-01-14T23:19:40.620Z,"9 km SW of Oak Shores, California",earthquake,0.18,0.33,0.13,41,reviewed,nc,nc
2006-07-06T08:28:25.040Z,8.875,-70.55,10,3.3,mb,5,159.4,,1.1,us,usp000emzt,2014-11-07T01:29:35.933Z,"19 km NW of Barinitas, Venezuela",earthquake,,,,2,reviewed,us,us
2006-07-06T08:11:15.800Z,38.21,23.94,25,2.5,ml,4,312.7,,,us,usp000emzs,2014-11-07T01:29:35.932Z,"2 km SE of Varnávas, Greece",earthquake,,,,,reviewed,ath,ath
2006-07-06T07:40:44.670Z,-8.059,125.47,35,4.5,mb,15,159.9,,1.42,us,usp000emzr,2014-11-07T01:29:35.930Z,"56 km NNW of Dili, Timor Leste",earthquake,,,,4,reviewed,us,us
2006-07-06T07:34:25.000Z,6.84,-73.11,151.3,4.4,mb,88,64.3,,,us,usp000emzq,2014-11-07T01:29:35.921Z,"11 km N of Jordán, Colombia",earthquake,,,,39,reviewed,rsnc,us
2006-07-06T07:17:02.920Z,-6.338,155.406,192.3,5.1,mwc,182,29.3,,0.95,us,usp000emzp,2016-11-10T01:25:08.439Z,"9 km WSW of Panguna, Papua New Guinea",earthquake,,,,,reviewed,us,hrv
2006-07-06T07:15:42.060Z,51.9913,177.2487,3.7,2.9,ml,,,,1.07,ak,ak0068ldr8ke,2019-02-13T04:59:49.471Z,"292 km ESE of Attu Station, Alaska",earthquake,,0.3,,,reviewed,ak,ak
2006-07-06T07:13:01.821Z,61.2751,-139.0426,4.9,2,ml,,,,1.34,ak,ak0068ldqq12,2019-02-13T05:09:19.752Z,"101 km NW of Haines Junction, Canada",earthquake,,0.3,,,reviewed,ak,ak
2006-07-06T07:12:56.740Z,32.0421667,-116.3141667,5.287,2.13,ml,11,284,0.6412,0.31,ci,ci14238400,2016-03-09T09:22:39.094Z,"35km ENE of Ensenada, B.C., MX",earthquake,1.34,31.61,0.125,37,reviewed,ci,ci
2006-07-06T07:01:48.640Z,39.156,71.794,10,4.5,mb,28,142.4,,0.99,us,usp000emzn,2014-11-07T01:29:35.903Z,"24 km ESE of Karakenja, Tajikistan",earthquake,,,,3,reviewed,us,us
2006-07-06T06:56:31.980Z,39.152,71.711,10,4.6,mb,33,142.4,,1.13,us,usp000emzm,2014-11-07T01:29:35.900Z,"18 km ESE of Karakenja, Tajikistan",earthquake,,,,6,reviewed,us,us
2006-07-06T06:26:04.990Z,39.161,71.795,10,4.7,mb,102,84.9,,0.98,us,usp000emzk,2014-11-07T01:29:35.891Z,"24 km ESE of Karakenja, Tajikistan",earthquake,,,,36,reviewed,us,us
2006-07-06T06:17:28.150Z,36.139,140.032,50.4,4.4,mb,20,134.1,,,us,usp000emzj,2014-11-07T01:29:35.888Z,"6 km ENE of Ishige, Japan",earthquake,,,,4,reviewed,jma,us
2006-07-06T06:06:28.150Z,35.898,-120.441,5.964,3.27,ml,63,39,0.03604,0.07,nc,nc21525987,2017-01-14T23:18:09.520Z,"0 km WSW of Parkfield, California",earthquake,0.15,0.22,,11,reviewed,nc,nc
2006-07-06T05:57:50.330Z,39.111,71.79,10,4.5,mb,27,142.4,,0.69,us,usp000emzg,2014-11-07T01:29:35.883Z,"26 km ESE of Karakenja, Tajikistan",earthquake,,,,5,reviewed,us,us
2006-07-06T05:56:36.010Z,51.981,176.1538,10,3.4,ml,,,,0.5,ak,ak0068lct58x,2019-02-13T04:59:40.094Z,"Rat Islands, Aleutian Islands, Alaska",earthquake,,2,,,reviewed,ak,ak
2006-07-06T05:32:18.807Z,60.4242,-151.6995,59.9,2.2,ml,,,,0.58,ak,ak0068lcnyqg,2019-02-13T04:59:39.669Z,"22 km WNW of Cohoe, Alaska",earthquake,,0.1,,,reviewed,ak,ak
2006-07-06T05:30:33.300Z,39.157,71.894,10,4.4,mb,47,93.6,,0.96,us,usp000emze,2014-11-07T01:29:35.877Z,"33 km ESE of Karakenja, Tajikistan",earthquake,,,,11,reviewed,us,us
2006-07-06T05:18:23.200Z,38.83,22.03,28,2.9,md,4,125.8,,,us,usp000emzd,2014-11-07T01:29:35.876Z,"12 km SW of Spercheiáda, Greece",earthquake,,,,,reviewed,ath,ath
2006-07-06T05:18:16.135Z,51.9637,177.0763,13.4,2.9,ml,,,,0.43,ak,ak0068lckyi5,2019-02-13T04:59:47.693Z,"282 km ESE of Attu Station, Alaska",earthquake,,0.4,,,reviewed,ak,ak
2006-07-06T04:46:38.710Z,52.012,176.936,124.9,4.2,mb,14,181.2,,,us,usp000emzb,2019-02-13T04:59:39.365Z,"271 km ESE of Attu Station, Alaska",earthquake,,,,6,reviewed,aeic,us
2006-07-06T04:41:33.367Z,56.8798,-155.6161,29.6,2.5,ml,,,,0.23,ak,ak0068lc4hp4,2019-02-13T04:59:38.994Z,"88 km W of Akhiok, Alaska",earthquake,,0.4,,,reviewed,ak,ak
2006-07-06T04:38:57.760Z,5.053,127.644,214.2,4.2,mb,16,104.4,,0.89,us,usp000emz9,2014-11-07T01:29:35.869Z,"217 km SE of Pondaguitan, Philippines",earthquake,,44.3,,5,reviewed,us,us
2006-07-06T04:21:30.670Z,0.062,97.058,30,4.2,mb,13,91.3,,0.9,us,usp000emz8,2014-11-07T01:29:35.867Z,"259 km SSW of Singkil, Indonesia",earthquake,,,,1,reviewed,us,us
2006-07-06T04:17:42.690Z,39.158,71.777,10,4.3,mb,39,93.4,,0.9,us,usp000emz7,2014-11-07T01:29:35.862Z,"23 km ESE of Karakenja, Tajikistan",earthquake,,,,11,reviewed,us,us
2006-07-06T04:17:27.240Z,35.7951667,-120.3473333,9.713,2.17,md,51,38,0.02252,0.07,nc,nc21525981,2017-01-14T23:17:34.240Z,"13 km SSE of Parkfield, California",earthquake,0.17,0.3,0.1,48,reviewed,nc,nc
2006-07-06T04:13:41.110Z,39.229,71.507,10,4.6,mb,32,142.3,,0.9,us,usp000emz6,2014-11-07T01:29:35.859Z,"1 km WSW of Karakenja, Tajikistan",earthquake,,,,9,reviewed,us,us
2006-07-06T04:01:20.180Z,34.6236667,-116.6698333,4.379,2.06,ml,32,49,0.04254,0.12,ci,ci14238380,2016-03-08T23:26:28.238Z,"34km NE of Lucerne Valley, CA",earthquake,0.25,1.14,0.146,96,reviewed,ci,ci
2006-07-06T03:57:50.730Z,39.119,71.836,7,5.8,mwc,521,22.7,,0.83,us,usp000emz5,2022-07-14T10:50:06.454Z,"29 km ESE of Karakenja, Tajikistan",earthquake,,,,,reviewed,us,hrv
2006-07-06T03:43:58.278Z,51.6082,-175.2735,14.9,2.5,ml,,,,0.49,ak,ak0068lbjjg3,2019-02-13T04:59:38.597Z,"98 km ESE of Adak, Alaska",earthquake,,1,,,reviewed,ak,ak
2006-07-06T02:47:15.130Z,15.557,-61.781,5,2.9,md,5,226.3,,,us,usp000emz4,2014-11-07T01:29:35.804Z,"33 km W of Portsmouth, Dominica",earthquake,,,,,reviewed,trn,trn
2006-07-06T02:46:13.500Z,38.58,23.63,11,2.7,ml,6,184.2,,,us,usp000emz3,2014-11-07T01:29:35.802Z,"1 km N of Kastélla, Greece",earthquake,,,,,reviewed,ath,ath
2006-07-06T02:38:52.700Z,37.71,20.88,7,3.4,md,6,211.8,,,us,usp000emz2,2014-11-07T01:29:35.801Z,"4 km ESE of Lithakiá, Greece",earthquake,,,,,reviewed,ath,ath
2006-07-06T02:36:20.880Z,46.1941667,-122.198,-1.777,3.1,md,17,66,,0.64,uw,uw10694453,2016-07-22T22:19:39.660Z,"36 km NNE of Amboy, Washington",earthquake,0.156,0.26,0.07,5,reviewed,uw,uw
2006-07-06T02:22:10.445Z,52.2945,-174.3843,181.9,2.7,ml,,,,0.29,ak,ak0068lati44,2019-02-13T04:59:45.469Z,"16 km NW of Atka, Alaska",earthquake,,1.2,,,reviewed,ak,ak
2006-07-06T01:32:12.330Z,43.361,20.121,9.1,3.7,ml,61,64.8,,,us,usp000emz0,2014-11-07T01:29:35.793Z,"22 km NW of Sokolovica, Serbia",earthquake,,,,,reviewed,pdg,buc
2006-07-06T01:31:34.000Z,37.282,-118.3188333,5.159,2.15,md,39,131,0.08649,0.07,nc,nc21525973,2018-04-24T20:33:36.353Z,"6 km E of Wilkerson, California",earthquake,0.27,0.65,0.1,29,reviewed,nc,nc
2006-07-06T01:23:18.550Z,39.4656667,-123.118,3.601,2.16,md,21,47,0.1477,0.08,nc,nc21525971,2017-01-14T23:16:30.937Z,"15 km N of Potter Valley, California",earthquake,0.25,1.38,0.14,17,reviewed,nc,nc
2006-07-06T01:21:51.090Z,53.132,-164.905,27.1,3.5,ml,8,190,,,us,usp000emyz,2019-02-13T04:59:37.874Z,"125 km SSE of Akutan, Alaska",earthquake,,,,,reviewed,aeic,aeic
2006-07-06T01:15:59.820Z,-24.582,-179.53,462.1,4.8,mb,63,83.2,,1.09,us,usp000emyy,2014-11-07T01:29:35.784Z,"south of the Fiji Islands",earthquake,,,,24,reviewed,us,us
2006-07-06T01:04:42.600Z,-23.458,-174.844,35,4.7,mb,33,82.5,,0.94,us,usp000emyx,2014-11-07T01:29:35.779Z,"235 km S of ‘Ohonua, Tonga",earthquake,,,,10,reviewed,us,us
2006-07-06T00:58:10.370Z,-7.307,110.66,35,3.7,mb,16,76.5,,0.97,us,usp000emyw,2014-11-07T01:29:35.777Z,"18 km E of Salatiga, Indonesia",earthquake,,,,4,reviewed,us,us
2006-07-06T00:38:17.060Z,13.835,145.186,120.9,4.3,mb,40,76.4,,1.09,us,usp000emyv,2014-11-07T01:29:35.774Z,"46 km NE of Yigo Village, Guam",earthquake,,8.4,,13,reviewed,us,us
2006-07-05T23:48:00.260Z,6.809,126.557,104.6,4.1,mb,23,142.7,,0.96,us,usp000emyu,2014-11-07T01:29:35.771Z,"26 km ESE of Bobon, Philippines",earthquake,,11.8,,10,reviewed,us,us
2006-07-05T22:40:04.120Z,46.142,1.719,0,2.9,ml,39,55.4,,,us,usp000emys,2014-11-07T01:29:35.762Z,"6 km ESE of Le Grand-Bourg, France",earthquake,,,,,reviewed,mdd,ldg
2006-07-05T22:24:06.000Z,49.372,6.909,1,2.6,ml,26,98.5,,,us,usp000emyr,2014-11-07T01:29:35.758Z,"4 km NNW of Heusweiler, Germany",earthquake,,,,,reviewed,ldg,ldg
2006-07-05T22:22:23.580Z,15.708,-61.477,5,4.7,mb,58,79.6,,,us,usp000emyq,2014-11-07T01:29:35.753Z,"13 km N of Portsmouth, Dominica",earthquake,,,,15,reviewed,trn,us
2006-07-05T22:21:41.680Z,15.707,-61.504,3,2.9,md,10,135.6,,,us,usp000emyp,2014-11-07T01:29:35.751Z,"14 km NNW of Portsmouth, Dominica",earthquake,,,,,reviewed,trn,trn
2006-07-05T21:48:50.940Z,46.6968333,-122.7546667,0.149,2.1,md,11,80,0.04482,0.11,uw,uw10694418,2016-07-22T22:19:38.410Z,"13 km NNW of Onalaska, Washington",explosion,0.492,0.73,0.03,1,reviewed,uw,uw
2006-07-05T21:32:23.400Z,-45.11,166.88,12,4.7,ml,28,142.2,,,us,usp000emyn,2014-11-07T01:29:35.748Z,"73 km WNW of Te Anau, New Zealand",earthquake,,,,,reviewed,wel,wel
2006-07-05T21:11:49.350Z,38.379,140.649,44.9,4.4,mb,37,122.2,,0.79,us,usp000emym,2014-11-07T01:29:35.744Z,"20 km W of Tomiya, Japan",earthquake,,7.7,,13,reviewed,us,us
2006-07-05T21:10:33.530Z,5.116,94.487,30,4.4,mb,17,190.2,,0.9,us,usp000emyk,2014-11-07T01:29:35.742Z,"104 km WSW of Banda Aceh, Indonesia",earthquake,,,,2,reviewed,us,us
2006-07-05T20:28:43.400Z,16.283,-98.257,9.1,3.9,md,9,187.4,,,us,usp000emyj,2014-11-07T01:29:35.739Z,"3 km S of El Ciruelo, Mexico",earthquake,,,,,reviewed,unm,unm
2006-07-05T20:10:47.927Z,60.0011,-153.5035,146,2.4,ml,,,,0.81,ak,ak0068jxxgt4,2019-02-13T04:59:28.505Z,"41 km NE of Pedro Bay, Alaska",earthquake,,0.1,,,reviewed,ak,ak
2006-07-05T19:05:31.900Z,46.57,7.72,7,2.6,ml,26,68.6,,,us,usp000emyh,2014-11-07T01:29:35.635Z,"5 km ESE of Frutigen, Switzerland",earthquake,,,,,reviewed,zur,ldg
2006-07-05T19:01:04.288Z,51.4985,179.1362,20.2,2.1,ml,,,,0.36,ak,ak0068jxa0e4,2019-02-13T04:59:28.115Z,"295 km W of Adak, Alaska",earthquake,,0.1,,,reviewed,ak,ak
2006-07-05T18:41:58.775Z,60.511,-143.0449,9.3,2.1,ml,,,,0.58,ak,ak0068jwx9mt,2019-02-13T05:09:01.646Z,"102 km S of McCarthy, Alaska",earthquake,,0.2,,,reviewed,ak,ak
2006-07-05T18:26:44.030Z,-10.92,115.546,20,4.6,mb,21,149.3,,0.77,us,usp000emyg,2014-11-07T01:29:35.632Z,"236 km S of Nusa Dua, Indonesia",earthquake,,73.4,,11,reviewed,us,us
2006-07-05T17:38:09.690Z,34.569,136.751,338.8,4.3,mb,25,129.3,,0.71,us,usp000emyf,2014-11-07T01:29:35.629Z,"10 km NNE of Ise, Japan",earthquake,,4.8,,7,reviewed,us,us
2006-07-05T17:29:42.915Z,51.1116,-179.9015,20.4,2.2,ml,,,,0.54,ak,ak0068jw987n,2019-02-28T19:48:33.759Z,"242 km WSW of Adak, Alaska",earthquake,,1.5,,,reviewed,ak,ak
2006-07-05T17:08:41.050Z,40.171,142.318,46.4,5.3,mwc,368,73.2,,0.72,us,usp000emye,2022-05-02T15:32:23.820Z,"66 km NNE of Miyako, Japan",earthquake,,,,,reviewed,us,hrv
2006-07-05T17:06:50.217Z,50.9994,-179.3359,4.7,2.3,ml,,,,0.55,ak,ak0068jw4bb1,2019-02-13T04:59:26.900Z,"211 km WSW of Adak, Alaska",earthquake,,0.4,,,reviewed,ak,ak
2006-07-05T16:53:53.235Z,51.4847,177.4017,4.7,2.7,ml,,,,0.49,ak,ak0068jvsyl7,2019-02-13T04:59:26.511Z,"Rat Islands, Aleutian Islands, Alaska",earthquake,,1.2,,,reviewed,ak,ak
2006-07-05T16:30:48.600Z,39.16,24.21,33,3.2,ml,8,148.5,,,us,usp000emyd,2014-11-07T01:29:35.586Z,"29 km E of Patitírion, Greece",earthquake,,,,,reviewed,ath,ath
2006-07-05T16:09:08.780Z,29.176,129.998,61.4,4.2,mb,29,121.9,,1.13,us,usp000emyc,2014-11-07T01:29:35.582Z,"102 km NNE of Naze, Japan",earthquake,,7.9,,7,reviewed,us,us
2006-07-05T16:07:47.930Z,40.739,25.343,10,3.5,md,9,126.2,,1.36,us,usp000emyb,2014-11-07T01:29:35.580Z,"26 km SSW of Xylaganí, Greece",earthquake,,,,,reviewed,us,ath
2006-07-05T15:27:34.900Z,-38.16,179.42,33,4,ml,10,285.1,,,us,usp000emya,2014-11-07T01:29:35.578Z,"135 km ENE of Gisborne, New Zealand",earthquake,,,,,reviewed,wel,wel
2006-07-05T15:26:30.120Z,-5.996,105.572,117,4.3,mb,21,105.3,,0.67,us,usp000emy9,2014-11-07T01:29:35.575Z,"51 km NW of Labuan, Indonesia",earthquake,,52.3,,4,reviewed,us,us
2006-07-05T14:52:27.907Z,52.0635,177.2173,13.1,2.7,ml,,,,0.56,ak,ak0068jultpi,2019-02-13T04:59:26.114Z,"287 km ESE of Attu Station, Alaska",earthquake,,2.3,,,reviewed,ak,ak
2006-07-05T14:13:58.230Z,-21.445,-66.529,234.7,4.7,mb,144,70.2,,1.07,us,usp000emy8,2014-11-07T01:29:35.560Z,"64 km SSW of Atocha, Bolivia",earthquake,,,,72,reviewed,us,us
2006-07-05T13:29:59.479Z,51.9528,176.4475,42.5,3.3,ml,,,,0.48,ak,ak0068jtvj2j,2019-02-13T04:59:25.406Z,"243 km ESE of Attu Station, Alaska",earthquake,,5.2,,,reviewed,ak,ak
2006-07-05T13:13:30.527Z,40.1805,-117.7436,0,2.1,ml,4,164.36,0.408,0.1066,nn,nn00184576,2018-04-24T20:33:34.534Z,"62 km E of Lovelock, Nevada",earthquake,,0,,,reviewed,nn,nn
2006-07-05T12:45:14.928Z,51.2824,-179.5782,25.7,2.6,ml,,,,0.55,ak,ak0068jtdfhg,2019-02-13T04:59:25.005Z,"214 km WSW of Adak, Alaska",earthquake,,0.4,,,reviewed,ak,ak
2006-07-05T11:56:14.450Z,-26.07,71.031,10,4.7,mb,17,90.7,,0.84,us,usp000emy7,2014-11-07T01:29:35.557Z,"Mid-Indian Ridge",earthquake,,,,8,reviewed,us,us
2006-07-05T11:40:55.296Z,63.3199,-149.3798,92.2,2.3,ml,,,,0.55,ak,ak0068jsr0ex,2019-02-13T04:59:24.542Z,"22 km WSW of Cantwell, Alaska",earthquake,,0.1,,,reviewed,ak,ak
2006-07-05T10:56:08.770Z,6.765,-72.999,166.9,4.1,mb,40,101,,0.56,us,usp000emy6,2014-11-07T01:29:35.552Z,"2 km WNW of Cepitá, Colombia",earthquake,,6.5,,21,reviewed,us,us
2006-07-05T10:52:45.999Z,63.3605,-149.5864,95.6,2.1,ml,,,,0.44,ak,ak0068js84on,2019-02-13T04:59:23.664Z,"31 km W of Cantwell, Alaska",earthquake,,0.1,,,reviewed,ak,ak
2006-07-05T10:39:26.440Z,38.8091667,-122.793,2.637,2.01,md,43,44,0.001802,0.06,nc,nc30230924,2017-01-14T23:13:39.720Z,"6 km WSW of Cobb, California",earthquake,0.19,0.28,0.11,21,reviewed,nc,nc
2006-07-05T10:20:34.800Z,49.2346667,-120.9595,9.68,2.1,md,16,264,0.7667,0.56,uw,uw10694193,2016-07-22T22:19:34.290Z,"38 km ESE of Hope, Canada",earthquake,21.984,68.72,0.05,6,reviewed,uw,uw
2006-07-05T10:19:23.190Z,-4.359,151.859,185.6,5.5,mwc,116,38,,0.98,us,usp000emy5,2022-05-02T15:32:18.135Z,"38 km WSW of Rabaul, Papua New Guinea",earthquake,,,,,reviewed,us,hrv
2006-07-05T10:08:44.646Z,61.6872,-151.7858,96,2.1,ml,,,,0.52,ak,ak0068jryp2o,2019-02-13T04:59:23.309Z,"39 km SSW of Skwentna, Alaska",earthquake,,0.2,,,reviewed,ak,ak
2006-07-05T09:10:38.080Z,7.707,137.097,93.7,4.4,mb,12,145.8,,0.75,us,usp000emy4,2014-11-07T01:29:35.537Z,"229 km SSW of Colonia, Micronesia",earthquake,,58.6,,3,reviewed,us,us
2006-07-05T08:48:26.170Z,38.77,-122.7088333,2.287,2.42,md,58,32,0.007207,0.14,nc,nc21525898,2017-01-14T23:12:53.860Z,"5 km SSE of Cobb, California",earthquake,0.18,0.25,0.17,39,reviewed,nc,nc
2006-07-05T08:45:50.900Z,38.7,23.32,43,3.1,m,6,153.5,,,us,usp000emy3,2014-11-07T01:29:35.535Z,"7 km S of Límni, Greece",earthquake,,,,,reviewed,ath,ath
2006-07-05T08:45:02.750Z,-15.675,-70.165,219.7,4.3,mb,48,78.7,,1.03,us,usp000emy2,2014-11-07T01:29:35.526Z,"1 km WNW of Atuncolla, Peru",earthquake,,,,23,reviewed,us,us
2006-07-05T08:44:17.800Z,38.69,23.5,8,3.1,ml,6,175,,,us,usp000emy1,2014-11-07T01:29:35.523Z,"4 km S of Prokópi, Greece",earthquake,,,,,reviewed,ath,ath
2006-07-05T08:36:21.460Z,14.7,144.422,27.3,4.5,mb,9,171.7,,0.41,us,usp000emy0,2014-11-07T01:29:35.519Z,"132 km WSW of San Jose Village, Northern Mariana Islands",earthquake,,,,2,reviewed,us,us
2006-07-05T08:15:11.480Z,35.5438333,-120.8681667,7.589,2.06,md,55,59,0.08559,0.11,nc,nc21525894,2017-01-14T23:12:29.080Z,"11 km N of Cayucos, California",earthquake,0.19,0.6,0.15,51,reviewed,nc,nc
2006-07-05T08:14:59.140Z,31.8431667,-116.3358333,5.477,2.43,ml,11,299,0.8377,0.22,ci,ci14238168,2016-03-09T05:05:39.514Z,"26km ENE of Maneadero, B.C., MX",earthquake,1.17,31.61,0.097,46,reviewed,ci,ci
2006-07-05T07:50:12.100Z,-27.245,-71.289,15,3.2,ml,4,233.2,,,us,usp000emxz,2014-11-07T01:29:35.503Z,"95 km W of Copiapó, Chile",earthquake,,,,,reviewed,guc,guc
2006-07-05T07:42:15.750Z,26.106,128.191,17,4.3,mwr,22,135.6,,1.2,us,usp000emxy,2014-11-07T01:29:35.499Z,"40 km SE of Katsuren-haebaru, Japan",earthquake,,12.3,,,reviewed,us,nied
2006-07-05T07:33:32.700Z,26.91,55.92,6.9,4.2,mb,30,120.6,,,us,usp000emxx,2014-11-07T01:29:35.495Z,"34 km W of Qeshm, Iran",earthquake,,,,2,reviewed,thr,us
2006-07-05T07:18:59.900Z,-27.24,-71.327,20.4,3.7,ml,7,214.8,,,us,usp000emxw,2014-11-07T01:29:35.493Z,"99 km W of Copiapó, Chile",earthquake,,,,,reviewed,guc,guc
2006-07-05T07:13:10.460Z,14.778,144.551,10,4.9,mwc,11,178.8,,0.33,us,usp000emxv,2016-11-10T01:25:06.457Z,"116 km W of San Jose Village, Northern Mariana Islands",earthquake,,0,,,reviewed,us,hrv
2006-07-05T07:11:49.110Z,83.616,113.501,10,4.3,mb,14,134.1,,0.58,us,usp000emxu,2014-11-07T01:29:35.487Z,"north of Severnaya Zemlya",earthquake,,,,3,reviewed,us,us
2006-07-05T06:55:50.129Z,53.2297,-166.8017,43.6,2.1,ml,,,,0.28,ak,ak0068jpv1qc,2019-02-13T04:59:31.782Z,"73 km SSW of Unalaska, Alaska",earthquake,,2.4,,,reviewed,ak,ak
2006-07-05T06:54:17.490Z,37.8286667,-122.5966667,4.492,2.12,md,45,88,0.04775,0.11,nc,nc21525888,2017-01-14T23:11:50.830Z,"3 km SSW of Muir Beach, California",earthquake,0.17,0.35,0.22,22,reviewed,nc,nc
2006-07-05T06:37:09.483Z,51.8835,176.3735,25.5,3.1,ml,,,,0.41,ak,ak0068jpr3pg,2019-02-13T04:59:31.434Z,"242 km ESE of Attu Station, Alaska",earthquake,,6,,,reviewed,ak,ak
2006-07-05T06:36:20.076Z,54.3712,-162.3276,6.9,3,ml,,,,0.43,ak,ak0068jpqwt3,2019-02-13T04:59:22.504Z,"76 km S of King Cove, Alaska",earthquake,,0.5,,,reviewed,ak,ak
2006-07-05T06:25:35.420Z,-26.267,179.399,522.5,4.4,mb,10,97.8,,0.68,us,usp000emxt,2014-11-07T01:29:35.485Z,"south of the Fiji Islands",earthquake,,13.1,,2,reviewed,us,us
2006-07-05T05:42:26.020Z,0.946,97.212,30,4.1,mb,9,214.6,,0.38,us,usp000emxs,2014-11-07T01:29:35.483Z,"Nias region, Indonesia",earthquake,,,,2,reviewed,us,us
2006-07-05T05:41:49.270Z,0.941,97.247,30,3.9,mb,7,219.7,,0.42,us,usp000emxr,2014-11-07T01:29:35.482Z,"160 km SSW of Singkil, Indonesia",earthquake,,,,1,reviewed,us,us
2006-07-05T05:15:08.980Z,56.203,118.17,10,4,mb,30,94.2,,0.87,us,usp000emxq,2014-11-07T01:29:35.478Z,"68 km S of Novaya Chara, Russia",earthquake,,0,,12,reviewed,us,us
2006-07-05T05:07:48.250Z,-60.48,-28.235,51.4,4.3,mb,23,104.7,,1,us,usp000emxp,2014-11-07T01:29:35.475Z,"South Sandwich Islands region",earthquake,,23.9,,9,reviewed,us,us
2006-07-05T04:33:46.060Z,50.324,18.83,5,2.5,m,9,177.3,,1.27,us,usp000emxn,2014-11-07T01:29:35.471Z,"3 km E of Zabrze, Poland",earthquake,,,,,reviewed,us,war
2006-07-05T04:29:13.538Z,59.9811,-152.4874,70.4,2.7,ml,,,,0.5,ak,ak0068joij2x,2019-02-13T04:59:22.125Z,"42 km W of Happy Valley, Alaska",earthquake,,0.1,,,reviewed,ak,ak
2006-07-05T03:54:58.631Z,51.973,177.0003,4.6,3,ml,,,,0.53,ak,ak0068jo2juv,2019-02-13T04:59:30.340Z,"277 km ESE of Attu Station, Alaska",earthquake,,0.1,,,reviewed,ak,ak
2006-07-05T03:51:36.340Z,-15.527,-72.199,146.1,4.3,mb,8,160.9,,1.01,us,usp000emxk,2014-11-07T01:29:35.466Z,"9 km NW of Choco, Peru",earthquake,,17.6,,7,reviewed,us,us
2006-07-05T03:44:10.270Z,-20.565,-174.125,25.6,5.6,mwc,204,38,,0.89,us,usp000emxj,2022-05-02T15:32:16.792Z,"Tonga",earthquake,,,,,reviewed,us,hrv
2006-07-05T03:21:16.633Z,58.2147,-154.0666,69.5,2.1,ml,,,,0.19,ak,ak0068jnvdzj,2019-02-13T04:59:21.721Z,"70 km WNW of Aleneva, Alaska",earthquake,,1.3,,,reviewed,ak,ak
2006-07-05T03:02:54.400Z,42.969,16.14,10,2.7,ml,9,213.2,,,us,usp000emxh,2014-11-07T01:29:35.425Z,"9 km SSE of Komiža, Croatia",earthquake,,,,,reviewed,rom,rom
2006-07-05T02:57:01.870Z,33.2441667,-116.0295,2.777,2.46,ml,50,24,0.0512,0.26,ci,ci14238124,2016-03-09T07:59:21.982Z,"9km SW of Salton City, CA",earthquake,0.28,0.74,0.132,120,reviewed,ci,ci
2006-07-05T02:47:26.240Z,26.352,144.098,39.7,4.3,mwr,54,101.4,,0.87,us,usp000emxg,2014-11-07T01:29:35.418Z,"Bonin Islands, Japan region",earthquake,,11.3,,,reviewed,us,nied
2006-07-05T02:46:00.640Z,50.363,-176.0853,9.5,3.2,ml,,,,0.31,ak,ak0068jnfa1s,2019-02-13T04:59:21.324Z,"172 km SSE of Adak, Alaska",earthquake,,0.3,,,reviewed,ak,ak
2006-07-05T02:37:08.180Z,-16.366,-176.319,357.8,4,mb,32,74.3,,0.67,us,usp000emxf,2014-11-07T01:29:35.415Z,"273 km W of Hihifo, Tonga",earthquake,,8.4,,14,reviewed,us,us
2006-07-05T02:30:11.040Z,23.743,122.217,29.8,4,mb,6,330.2,,0.29,us,usp000emxe,2014-11-07T01:29:35.413Z,"67 km ESE of Hualien City, Taiwan",earthquake,,39.1,,3,reviewed,us,us
2006-07-05T02:12:52.765Z,51.4673,-175.6346,15.2,2,ml,,,,0.54,ak,ak0068jn83q4,2019-02-13T04:59:21.030Z,"82 km ESE of Adak, Alaska",earthquake,,0.1,,,reviewed,ak,ak
2006-07-05T00:55:26.310Z,-17.766,178.506,35,4.5,mb,9,169.3,,0.42,us,usp000emxc,2014-11-07T01:29:35.408Z,"42 km N of Suva, Fiji",earthquake,,,,4,reviewed,us,us
2006-07-05T00:33:26.730Z,36.48,-11.277,26.5,3.7,m,5,331.6,,,us,usp000emxb,2014-11-07T01:29:35.406Z,"216 km WSW of Sagres, Portugal",earthquake,,,,,reviewed,mdd,mdd
2006-07-05T00:32:13.980Z,-15.316,-172.082,36,4.9,mwc,133,86,,1.32,us,usp000emxa,2016-11-10T01:25:05.460Z,"149 km SSW of Matavai, Samoa",earthquake,,,,,reviewed,us,hrv
2006-07-05T00:21:37.040Z,41.5516667,-121.2456667,5.11,2.17,md,7,294,0.4459,0.11,nc,nc21525866,2017-01-14T23:09:58.928Z,"33 km WNW of Canby, California",earthquake,4.76,1.61,0.12,8,reviewed,nc,nc
2006-07-05T00:14:04.026Z,53.644,-166.1916,75,2.1,ml,,,,0.32,ak,ak0068jm1k6q,2019-02-13T04:59:29.202Z,"34 km SE of Unalaska, Alaska",earthquake,,0.2,,,reviewed,ak,ak
2006-07-04T23:53:55.750Z,24.251,142.621,35,4.3,mb,23,108.3,,0.69,us,usp000emx9,2014-11-07T01:29:35.384Z,"Volcano Islands, Japan region",earthquake,,,,7,reviewed,us,us
2006-07-04T23:49:16.400Z,39.68,20.86,39,3.2,md,4,223.1,,,us,usp000emx8,2014-11-07T01:29:35.383Z,"Greece-Albania border region",earthquake,,,,,reviewed,ath,ath
2006-07-04T23:41:57.070Z,19.3088333,-155.1883333,6.047,2.05,ml,37,120,,0.1,hv,hv5506777,2020-03-31T21:48:08.740Z,"15 km SSE of Volcano, Hawaii",earthquake,0.41,0.49,0.1,10,reviewed,hv,hv
2006-07-04T23:34:29.020Z,-7.214,128.224,35,4.1,mb,17,116.5,,1.29,us,usp000emx7,2014-11-07T01:29:35.380Z,"197 km NE of Lospalos, Timor Leste",earthquake,,,,5,reviewed,us,us
2006-07-04T23:05:46.600Z,-28.074,-67.671,130,4.5,m,6,152.9,,,us,usp000emx6,2014-11-07T01:29:35.377Z,"10 km W of Tinogasta, Argentina",earthquake,,,,,reviewed,guc,guc
2006-07-04T22:44:26.711Z,60.6051,-152.0132,81.6,2,ml,,,,0.42,ak,ak0068ibs88f,2019-02-13T04:59:10.305Z,"38 km W of Salamatof, Alaska",earthquake,,0.1,,,reviewed,ak,ak
2006-07-04T22:32:29.110Z,46.1966667,-122.1978333,-1.797,2.7,md,12,79,,0.26,uw,uw10694128,2016-07-22T22:19:31.330Z,"37 km NNE of Amboy, Washington",earthquake,0.014,,0.06,2,reviewed,uw,uw
2006-07-04T22:23:09.710Z,-10.793,124.122,35,3.9,mb,15,127.9,,1.09,us,usp000emx5,2014-11-07T01:29:35.374Z,"88 km SE of Kupang, Indonesia",earthquake,,,,2,reviewed,us,us
2006-07-04T22:07:48.300Z,39.53,21.23,7,3.3,md,4,136.3,,,us,usp000emx4,2014-11-07T01:29:35.373Z,"11 km E of Prámanta, Greece",earthquake,,,,,reviewed,ath,ath
2006-07-04T21:56:18.100Z,38.671,16.323,21.1,2.5,ml,6,172.8,,,us,usp000emx3,2014-11-07T01:29:35.371Z,"3 km ENE of San Nicola da Crissa, Italy",earthquake,,,,,reviewed,rom,rom
2006-07-04T21:51:12.330Z,42.827,15.983,0.9,3.3,md,61,67.9,,0.88,us,usp000emx2,2014-11-07T01:29:35.363Z,"25 km SSW of Komiža, Croatia",earthquake,,6.5,,,reviewed,us,pdg
2006-07-04T21:26:39.468Z,63.1742,-151.2787,9.6,2.3,ml,,,,0.66,ak,ak0068ib2yq2,2019-02-13T04:59:09.894Z,"46 km SSE of Denali National Park, Alaska",earthquake,,0,,,reviewed,ak,ak
2006-07-04T20:37:02.960Z,48.3546667,-123.1953333,45.453,3.6,md,80,125,0.2266,0.43,uw,uw10694073,2022-06-18T12:10:47.214Z,"13 km SE of Oak Bay, Canada",earthquake,0.893,1.05,0.04,15,reviewed,uw,uw
2006-07-04T20:14:44.900Z,-29.589,-72.023,34.7,3.7,ml,7,215.2,,,us,usp000emwz,2014-11-07T01:29:35.344Z,"77 km WNW of Coquimbo, Chile",earthquake,,,,,reviewed,guc,guc
2006-07-04T19:58:54.810Z,36.296,70.886,158.8,3.7,mb,17,143.9,,0.63,us,usp000emwy,2014-11-07T01:29:35.341Z,"Hindu Kush region, Afghanistan",earthquake,,19.8,,7,reviewed,us,us
2006-07-04T19:49:52.890Z,79.136,4.335,10,4,mb,18,140.7,,1.22,us,usp000emwx,2014-11-07T01:29:35.337Z,"Greenland Sea",earthquake,,,,6,reviewed,us,us
2006-07-04T19:44:28.210Z,-21.581,-66.678,207.9,4.2,mb,31,69.6,,1.06,us,usp000emww,2014-11-07T01:29:35.333Z,"85 km SSW of Atocha, Bolivia",earthquake,,6.3,,20,reviewed,us,us
2006-07-04T19:28:29.960Z,-14.987,-173.657,35,4.6,mb,11,64.7,,1.2,us,usp000emwu,2014-11-07T01:29:35.329Z,"108 km N of Hihifo, Tonga",earthquake,,,,2,reviewed,us,us
2006-07-04T19:26:49.577Z,51.5453,-172.7809,7.3,2.5,ml,,,,0.46,ak,ak0068i9w4al,2019-02-13T04:59:19.826Z,"121 km SE of Atka, Alaska",earthquake,,3.8,,,reviewed,ak,ak
2006-07-04T19:08:56.310Z,-21.291,33.114,10,4.4,mb,21,60.6,,1.33,us,usp000emwt,2014-11-07T01:29:35.325Z,"132 km SSE of Chipinge, Zimbabwe",earthquake,,,,7,reviewed,us,us
2006-07-04T18:53:40.790Z,79.583,3.192,10,4.6,mwc,80,125.8,,1.42,us,usp000emws,2016-11-10T01:25:04.955Z,"Greenland Sea",earthquake,,,,,reviewed,us,hrv
2006-07-04T18:52:50.600Z,51.9875,177.1091,10,2.9,ml,,,,0.37,ak,ak0068i9g9dw,2019-02-13T04:59:12.913Z,"283 km ESE of Attu Station, Alaska",earthquake,,1.9,,,reviewed,ak,ak
2006-07-04T18:52:49.710Z,0.191,121.937,214.7,4.2,mb,18,120.4,,1.06,us,usp000emwr,2014-11-07T01:29:35.305Z,"131 km WSW of Gorontalo, Indonesia",earthquake,,17.8,,7,reviewed,us,us
2006-07-04T18:48:22.760Z,79.63,3.612,10,4.8,mwc,148,45.1,,1.34,us,usp000emwq,2016-11-10T01:25:04.449Z,"Greenland Sea",earthquake,,,,,reviewed,us,hrv
2006-07-04T18:36:58.720Z,-6.401,129.872,83.8,4.3,mb,33,119,,1.3,us,usp000emwp,2014-11-07T01:29:35.271Z,"Banda Sea",earthquake,,14.2,,18,reviewed,us,us
2006-07-04T18:36:39.562Z,61.41,-151.5874,75.6,2,ml,,,,0.56,ak,ak0068i9ct2s,2019-02-13T04:59:08.651Z,"40 km NW of Beluga, Alaska",earthquake,,0.1,,,reviewed,ak,ak
2006-07-04T17:49:15.297Z,50.9614,-179.3598,6,2.4,ml,,,,0.49,ak,ak0068i8u3wp,2019-02-13T04:59:10.720Z,"215 km WSW of Adak, Alaska",earthquake,,3.5,,,reviewed,ak,ak
2006-07-04T17:25:28.910Z,-19.816,-173.725,10,4.6,mb,26,122.6,,1.22,us,usp000emwn,2014-11-07T01:29:35.265Z,"65 km E of Pangai, Tonga",earthquake,,,,11,reviewed,us,us
2006-07-04T17:16:33.600Z,36.1,29.11,44,3.5,md,6,164.3,,,us,usp000emwm,2014-11-07T01:29:35.261Z,"32 km SW of Kalkan, Turkey",earthquake,,,,,reviewed,ath,ath
2006-07-04T16:59:24.740Z,39.6956667,-123.5016667,6.133,2.16,md,18,151,0.08198,0.04,nc,nc21525768,2017-01-14T23:07:29.060Z,"1 km WNW of Laytonville, California",earthquake,0.31,0.41,0.06,16,reviewed,nc,nc
2006-07-04T16:23:41.314Z,52.0013,177.1452,4.9,2.9,ml,,,,0.52,ak,ak0068i835oz,2019-02-13T04:59:12.532Z,"285 km ESE of Attu Station, Alaska",earthquake,,1.8,,,reviewed,ak,ak
2006-07-04T16:16:04.100Z,15.91,-93.974,24.2,3.8,md,5,215.6,,,us,usp000emwk,2014-11-07T01:29:35.258Z,"17 km SW of San Luqueño, Mexico",earthquake,,,,,reviewed,unm,unm
2006-07-04T16:09:25.080Z,35.284,27.028,29.5,3.8,md,8,175.6,,1.13,us,usp000emwj,2014-11-07T01:29:35.255Z,"17 km SSE of Fry, Greece",earthquake,,9.7,,,reviewed,us,ath
2006-07-04T16:09:01.000Z,51.579,16.06,5,4,mb,95,25.6,,1,us,usp000emwh,2014-11-07T01:29:35.235Z,"7 km WSW of Gr?bocice, Poland",earthquake,,,,1,reviewed,us,us
2006-07-04T16:08:24.000Z,-30.779,121.526,7,3.2,ml,13,71.4,,,us,usp000emwg,2014-11-07T01:29:35.231Z,"3 km E of Boulder, Australia",earthquake,,,,,reviewed,aust,aust
2006-07-04T15:55:13.846Z,53.3979,-166.7942,63.7,2.1,ml,,,,0.25,ak,ak0068i7oivs,2019-02-13T04:59:18.973Z,"55 km SSW of Unalaska, Alaska",earthquake,,0.2,,,reviewed,ak,ak
2006-07-04T15:40:54.500Z,-32.921,-71.651,36.4,2.8,ml,13,262.3,,,us,usp000emwf,2014-11-07T01:29:35.227Z,"12 km N of Valparaíso, Chile",earthquake,,,,,reviewed,guc,guc
2006-07-04T15:14:52.675Z,62.7245,-152.0855,15.2,2.4,ml,,,,0.71,ak,ak0068i7ftir,2019-02-13T04:59:07.528Z,"72 km WNW of Petersville, Alaska",earthquake,,0,,,reviewed,ak,ak
2006-07-04T15:03:03.900Z,17.046,-95.889,55,3.6,md,4,174.5,,,us,usp000emwe,2014-11-07T01:29:35.225Z,"6 km SW of Santa María Alotepec, Mexico",earthquake,,,,,reviewed,unm,unm
2006-07-04T14:34:38.880Z,1.066,97.012,30,4.5,mb,27,96.4,,0.72,us,usp000emwd,2014-11-07T01:29:35.221Z,"160 km SSW of Singkil, Indonesia",earthquake,,,,8,reviewed,us,us
2006-07-04T14:34:17.650Z,1.119,97.131,30,3.9,mb,7,219,,0.62,us,usp000emwc,2014-11-07T01:29:35.219Z,"Nias region, Indonesia",earthquake,,,,1,reviewed,us,us
2006-07-04T14:01:07.490Z,63.3499,-149.589,103.3,2.4,ml,,,,0.6,ak,ak0068i6ri4d,2019-02-13T04:59:07.057Z,"32 km W of Cantwell, Alaska",earthquake,,0.1,,,reviewed,ak,ak
2006-07-04T13:57:28.481Z,53.1006,-167.4719,46.5,2.3,ml,,,,0.29,ak,ak0068i6i48g,2019-02-13T04:59:18.245Z,"94 km E of Nikolski, Alaska",earthquake,,0.4,,,reviewed,ak,ak
2006-07-04T13:52:40.300Z,46.28,8.71,7,2.6,ml,23,74.8,,,us,usp000emwb,2014-11-07T01:29:35.214Z,"9 km ESE of Cevio, Switzerland",earthquake,,,,,reviewed,zur,ldg
2006-07-04T13:52:36.080Z,-31.913,-179.225,188.4,5,mwc,95,103.6,,1.29,us,usp000emwa,2016-11-10T01:25:03.961Z,"Kermadec Islands region",earthquake,,,,,reviewed,us,hrv
2006-07-04T12:59:35.610Z,-15.498,-174.284,35,4.9,mwc,9,201.1,,0.97,us,usp000emw9,2016-11-10T01:25:03.423Z,"72 km NW of Hihifo, Tonga",earthquake,,,,,reviewed,us,hrv
2006-07-04T12:43:14.090Z,-3.418,139.801,35,3.8,mb,8,312.6,,1.06,us,usp000emw8,2014-11-07T01:29:35.190Z,"129 km SW of Abepura, Indonesia",earthquake,,,,2,reviewed,us,us
2006-07-04T12:35:58.810Z,31.822,-116.2583333,13,2.54,ml,12,297,0.8453,0.23,ci,ci14237880,2016-03-09T14:00:09.676Z,"31km ENE of Maneadero, B.C., MX",earthquake,5.12,13.84,0.078,73,reviewed,ci,ci
2006-07-04T12:21:14.158Z,51.624,179.5012,83.4,2.1,ml,,,,0.47,ak,ak0068i5oxqv,2019-02-13T04:59:16.910Z,"268 km W of Adak, Alaska",earthquake,,0.7,,,reviewed,ak,ak
2006-07-04T11:47:52.200Z,-37.69,177.06,140,4,m,18,176.9,,,us,usp000emw7,2014-11-07T01:29:35.186Z,"30 km NNE of Whakatane, New Zealand",earthquake,,,,,reviewed,wel,wel
2006-07-04T11:33:44.524Z,60.8673,-151.1055,0.2,2.2,ml,,,,0.67,ak,ak0068i5652s,2019-02-13T04:59:05.396Z,"22 km NNE of Nikiski, Alaska",earthquake,,0.1,,,reviewed,ak,ak
2006-07-04T11:28:30.500Z,-33.814,-71.351,51.1,3.5,m,18,132.2,,,us,usp000emw6,2014-11-07T01:29:35.180Z,"18 km SW of Melipilla, Chile",earthquake,,,,,reviewed,guc,guc
2006-07-04T10:47:27.435Z,52.0349,177.0928,12.2,2.9,ml,,,,0.6,ak,ak0068i4no6f,2019-02-13T04:59:12.157Z,"280 km ESE of Attu Station, Alaska",earthquake,,1.5,,,reviewed,ak,ak
2006-07-04T10:44:12.647Z,59.7459,-152.6481,79.5,2,ml,,,,0.36,ak,ak0068i4mzw0,2019-02-13T04:59:05.071Z,"46 km W of Anchor Point, Alaska",earthquake,,0.2,,,reviewed,ak,ak
2006-07-04T09:50:02.150Z,39.6136667,-123.046,9.607,2.14,md,23,34,0.1477,0.06,nc,nc21525716,2017-01-14T23:04:22.518Z,"26 km SE of Covelo, California",earthquake,0.22,0.51,0.06,19,reviewed,nc,nc
2006-07-04T09:33:29.900Z,42.07,3.09,10,2.6,ml,8,283.3,,,us,usp000emw5,2014-11-07T01:29:35.178Z,"2 km NNW of Ullà, Spain",earthquake,,,,,reviewed,str,str
2006-07-04T09:00:42.050Z,-14.475,167.217,167.8,4.4,mb,31,89,,0.87,us,usp000emw4,2014-11-07T01:29:35.173Z,"64 km NNE of Port-Olry, Vanuatu",earthquake,,,,17,reviewed,us,us
2006-07-04T08:54:54.400Z,37.64,20.88,18,3.5,md,4,218.4,,,us,usp000emw3,2014-11-07T01:29:35.171Z,"9 km SSE of Lithakiá, Greece",earthquake,,,,,reviewed,ath,ath
2006-07-04T08:53:27.590Z,33.2495,-116.0256667,3.567,2.04,ml,48,23,0.04521,0.28,ci,ci14237860,2016-03-09T09:22:33.102Z,"8km SW of Salton City, CA",earthquake,0.3,0.68,0.139,86,reviewed,ci,ci
2006-07-04T07:38:17.896Z,51.0498,-179.2747,10,2.8,ml,,,,0.5,ak,ak0068i2tf6l,2019-02-13T04:59:04.253Z,"205 km WSW of Adak, Alaska",earthquake,,0.4,,,reviewed,ak,ak
2006-07-04T06:57:20.000Z,-28.67,-71.34,34.5,3.8,ml,6,212.8,,,us,usp000emw2,2014-11-07T01:29:35.168Z,"57 km W of Vallenar, Chile",earthquake,,,,,reviewed,guc,guc
2006-07-04T06:46:44.517Z,53.419,-166.7458,72.2,2.1,ml,,,,0.27,ak,ak0068i29rcz,2019-02-13T04:59:15.076Z,"52 km SSW of Unalaska, Alaska",earthquake,,1.1,,,reviewed,ak,ak
2006-07-04T06:38:56.220Z,37.842,33.832,29.1,3.5,ml,18,86.3,,,us,usp000emw1,2014-11-07T01:29:35.165Z,"Central Turkey",earthquake,,,,,reviewed,isk,isk
2006-07-04T06:36:57.040Z,51.1,-179.271,0.7,3.3,ml,7,216.1,,,us,usp000emw0,2019-02-13T04:59:03.815Z,"202 km WSW of Adak, Alaska",earthquake,,,,,reviewed,aeic,aeic
2006-07-04T06:35:40.420Z,53.932,-163.015,9.5,2.7,ml,4,224,,,us,usp000emvz,2019-02-13T04:59:03.374Z,"105 km SSE of False Pass, Alaska",earthquake,,,,,reviewed,aeic,aeic
2006-07-04T06:04:45.518Z,51.5147,-175.2915,15.9,3.1,ml,,,,0.64,ak,ak0068i20rd3,2019-02-13T04:59:02.995Z,"101 km ESE of Adak, Alaska",earthquake,,0.7,,,reviewed,ak,ak
2006-07-04T05:51:58.460Z,7.917,39.009,10,4.5,mb,32,121.3,,1.07,us,usp000emvy,2014-11-07T01:29:35.155Z,"32 km E of Ziway, Ethiopia",earthquake,,,,14,reviewed,us,us
2006-07-04T05:30:54.540Z,2.59,95.896,30,4.4,mb,9,140.9,,1.51,us,usp000emvx,2014-11-07T01:29:35.152Z,"55 km WNW of Sinabang, Indonesia",earthquake,,,,5,reviewed,us,us
2006-07-04T05:30:47.786Z,51.2857,-177.625,18.7,2.3,ml,,,,0.4,ak,ak0068i1kwju,2019-02-13T04:59:02.634Z,"94 km SW of Adak, Alaska",earthquake,,0.9,,,reviewed,ak,ak
2006-07-04T04:43:18.170Z,-11.264,162.084,35,4.6,mb,37,65.6,,1.1,us,usp000emvw,2014-11-07T01:29:35.145Z,"91 km SSE of Kirakira, Solomon Islands",earthquake,,,,12,reviewed,us,us
2006-07-04T04:32:54.030Z,15.686,-61.409,5,2.8,md,5,164.9,,,us,usp000emvv,2014-11-07T01:29:35.143Z,"12 km NNW of Calibishie, Dominica",earthquake,,,,,reviewed,trn,trn
2006-07-04T03:56:26.940Z,39.071,116.153,10,4.9,mwc,206,73.2,,0.89,us,usp000emvu,2022-07-14T10:51:47.047Z,"41 km N of Renqiu, China",earthquake,,,,,reviewed,us,hrv
2006-07-04T03:51:05.900Z,-32.747,-68.866,148.8,3.7,m,12,256.6,,,us,usp000emvt,2014-11-07T01:29:35.103Z,"16 km NNW of Mendoza, Argentina",earthquake,,,,,reviewed,guc,guc
2006-07-04T03:20:30.971Z,52.1589,-173.79,6,2.3,ml,,,,0.42,ak,ak0068i0buvt,2019-02-13T04:59:13.284Z,"28 km E of Atka, Alaska",earthquake,,0.1,,,reviewed,ak,ak
2006-07-04T03:10:11.200Z,-28.572,-69.333,101.9,4.5,mb,11,77.2,,,us,usp000emvs,2014-11-07T01:29:35.099Z,"112 km W of Vinchina, Argentina",earthquake,,,,3,reviewed,guc,us
2006-07-04T03:09:12.960Z,16.269,122.718,35,4.2,mb,13,180.3,,0.75,us,usp000emvr,2014-11-07T01:29:35.096Z,"93 km SE of Dicamay, Philippines",earthquake,,,,2,reviewed,us,us
2006-07-04T03:07:30.390Z,28.02,-16.26,16.9,2.6,m,4,194.5,,,us,usp000emvq,2014-11-07T01:29:35.093Z,"27 km SE of Lomo de Arico, Spain",earthquake,,,,,reviewed,mdd,mdd
2006-07-04T02:53:00.920Z,58.369,-31.739,10,4.3,mb,17,140.3,,1.04,us,usp000emvp,2014-11-07T01:29:35.089Z,"Reykjanes Ridge",earthquake,,,,1,reviewed,us,us
2006-07-04T02:47:38.226Z,50.9875,-179.2586,7.3,2.9,ml,,,,0.62,ak,ak0068hzw866,2019-02-13T04:59:01.906Z,"207 km WSW of Adak, Alaska",earthquake,,0.5,,,reviewed,ak,ak
2006-07-04T02:43:03.200Z,-31.11,-70.855,115.2,3,m,4,288.8,,,us,usp000emvn,2014-11-07T01:29:35.086Z,"47 km SSE of Monte Patria, Chile",earthquake,,,,,reviewed,guc,guc
2006-07-04T02:38:10.260Z,5.298,94.642,30,4.4,mb,11,150.2,,0.38,us,usp000emvm,2014-11-07T01:29:35.083Z,"81 km WSW of Banda Aceh, Indonesia",earthquake,,,,2,reviewed,us,us
2006-07-04T02:37:38.823Z,52.0339,177.0868,10.9,2.8,ml,,,,0.61,ak,ak0068hzu322,2019-02-13T04:59:11.784Z,"280 km ESE of Attu Station, Alaska",earthquake,,11.8,,,reviewed,ak,ak
2006-07-04T02:20:54.930Z,11.102,-86.896,35,4.3,mb,18,183.5,,1.25,us,usp000emvk,2014-11-07T01:29:35.078Z,"86 km SSW of Masachapa, Nicaragua",earthquake,,,,6,reviewed,us,us
2006-07-04T02:08:04.880Z,-29.347,-177.853,35,4.6,mb,10,188.3,,1.41,us,usp000emvj,2014-11-07T01:29:35.075Z,"Kermadec Islands, New Zealand",earthquake,,,,3,reviewed,us,us
2006-07-04T02:05:27.330Z,11.41,-86.449,40.8,3.9,mb,18,107.7,,1.23,us,usp000emvh,2014-11-07T01:29:35.070Z,"41 km SSW of El Rosario, Nicaragua",earthquake,,21.2,,6,reviewed,us,us
2006-07-04T01:59:26.280Z,37.7236667,-122.126,8.21,2.52,md,122,21,0.005405,0.18,nc,nc21525682,2017-01-14T23:02:23.060Z,"2 km E of San Leandro, California",earthquake,0.14,0.39,0.11,86,reviewed,nc,nc
2006-07-04T01:33:49.610Z,47.7353333,-121.9373333,16.392,2.1,md,26,44,0.07208,0.18,uw,uw10694023,2016-07-22T22:19:25.770Z,"3 km ESE of Duvall, Washington",earthquake,0.376,0.59,0.03,9,reviewed,uw,uw
2006-07-04T01:32:40.650Z,36.8438333,-121.5758333,5.204,2.85,md,76,45,0.02072,0.13,nc,nc21525684,2017-01-14T23:02:05.180Z,"3 km W of San Juan Bautista, California",earthquake,0.18,0.32,0.11,93,reviewed,nc,nc
2006-07-04T01:23:25.120Z,44.3548333,-110.6455,1.96,2.06,ml,11,69,0.09191,0.17,uu,uu50318360,2018-08-28T21:53:49.350Z,"49 km SE of West Yellowstone, Montana",earthquake,0.4,1.73,,2,reviewed,uu,uu
2006-07-04T01:00:51.346Z,37.4578,-117.1375,6.4,2.1,ml,26,112.38,0.185,0.1227,nn,nn00184522,2018-04-24T20:33:31.268Z,"29 km SSE of Goldfield, Nevada",earthquake,,4,,,reviewed,nn,nn
2006-07-04T00:53:28.277Z,58.4675,-141.6686,31.5,2.1,ml,,,,0.5,ak,ak0068hyqmhn,2019-02-13T05:09:17.160Z,"164 km SW of Yakutat, Alaska",earthquake,,40.4,,,reviewed,ak,ak
2006-07-04T00:40:59.930Z,37.972,72.662,35,3.8,mb,19,145.8,,1.01,us,usp000emvf,2014-11-07T01:29:35.062Z,"111 km ENE of Khorugh, Tajikistan",earthquake,,,,4,reviewed,us,us
2006-07-04T00:03:44.080Z,-8.132,110.389,35,3.7,mb,11,188.7,,0.97,us,usp000emve,2014-11-07T01:29:35.059Z,"20 km SSE of Pundong, Indonesia",earthquake,,,,1,reviewed,us,us
2006-07-03T23:55:41.030Z,9.869,108.386,55.3,4.3,mb,22,134.7,,0.82,us,usp000emvd,2014-11-07T01:29:35.053Z,"110 km SE of La Gi, Vietnam",earthquake,,16,,6,reviewed,us,us
2006-07-03T23:51:03.830Z,20.3846667,-155.4745,38.433,2.61,ml,40,279,,0.13,hv,hv5506581,2020-03-31T21:48:05.890Z,"30 km NNE of Kukuihaele, Hawaii",earthquake,0.99,1.63,0.21,9,reviewed,hv,hv
2006-07-03T23:47:46.050Z,34.3576667,-116.4636667,2.426,2,ml,29,62,0.1091,0.11,ci,ci14237792,2016-03-09T14:00:07.732Z,"27km N of Yucca Valley, CA",earthquake,0.27,0.59,0.129,63,reviewed,ci,ci
2006-07-03T23:21:58.080Z,33.2455,-116.0286667,2.877,2.22,ml,34,41,0.04978,0.24,ci,ci14237784,2016-03-09T12:12:25.830Z,"9km SW of Salton City, CA",earthquake,0.35,0.96,0.187,95,reviewed,ci,ci
2006-07-03T23:06:34.270Z,33.2451667,-116.0281667,3.437,2.4,ml,38,24,0.04971,0.23,ci,ci14237772,2016-03-09T03:40:13.840Z,"9km SW of Salton City, CA",earthquake,0.34,0.86,0.132,106,reviewed,ci,ci
2006-07-03T23:00:53.950Z,33.2436667,-116.0281667,3.197,2.31,ml,35,42,0.05077,0.22,ci,ci14237764,2016-03-09T05:05:36.103Z,"9km SW of Salton City, CA",earthquake,0.34,0.84,0.145,95,reviewed,ci,ci
2006-07-03T22:59:58.410Z,35.651,73.415,10,3.4,mb,22,126.7,,0.88,us,usp000emvc,2014-11-07T01:29:35.049Z,"86 km WSW of Gilgit, Pakistan",earthquake,,,,3,reviewed,us,us
2006-07-03T22:57:13.210Z,35.0461667,-117.6686667,-0.952,2.3,ml,19,72,0.1138,0.09,ci,ci14237760,2016-03-09T07:59:08.619Z,"6km NNW of Boron, CA",quarry blast,0.49,31.61,0.201,69,reviewed,ci,ci
2006-07-03T22:50:18.400Z,-32.753,-70.495,87.5,3.4,m,19,173.4,,,us,usp000emvb,2014-11-07T01:29:35.044Z,"13 km NE of Los Andes, Chile",earthquake,,,,,reviewed,guc,guc
2006-07-03T22:45:39.530Z,-3.295,128.031,35,4.3,mb,14,133.7,,1.31,us,usp000emva,2014-11-07T01:29:35.041Z,"47 km NNW of Ambon, Indonesia",earthquake,,,,4,reviewed,us,us
2006-07-03T22:44:57.710Z,37.778,142.691,35,4,mb,12,216.7,,0.54,us,usp000emv9,2014-11-07T01:29:35.038Z,"141 km ESE of Ishinomaki, Japan",earthquake,,,,1,reviewed,us,us
2006-07-03T22:34:55.080Z,-20.616,-173.984,35,4.6,mb,31,135.5,,1.13,us,usp000emv8,2014-11-07T01:29:35.029Z,"96 km SSE of Pangai, Tonga",earthquake,,,,10,reviewed,us,us
2006-07-03T22:24:20.330Z,33.245,-116.026,3.387,2.35,ml,40,39,0.04855,0.25,ci,ci14237748,2016-03-09T15:51:36.668Z,"9km SW of Salton City, CA",earthquake,0.34,0.88,0.161,102,reviewed,ci,ci
2006-07-03T22:16:32.900Z,33.247,-116.0266667,3.967,2.12,ml,33,63,0.04753,0.23,ci,ci14237744,2016-03-08T21:59:59.125Z,"9km SW of Salton City, CA",earthquake,0.35,0.78,0.168,83,reviewed,ci,ci
2006-07-03T22:07:22.530Z,-4.592,155.205,508.2,4.4,mb,24,84.9,,0.7,us,usp000emv7,2014-11-07T01:29:35.025Z,"185 km NNW of Arawa, Papua New Guinea",earthquake,,11.7,,8,reviewed,us,us
2006-07-03T21:42:48.220Z,41.018,-111.067,12.36,2.44,ml,30,201,0.3624,0.13,uu,uu50318350,2018-08-28T21:53:47.900Z,"29 km SSW of Evanston, Wyoming",earthquake,0.7,1.73,,12,reviewed,uu,uu
2006-07-03T21:27:31.700Z,38.11,22.08,45,3.4,md,15,76.5,,,us,usp000emv6,2014-11-07T01:29:35.021Z,"9 km NNW of Kalávryta, Greece",earthquake,,,,,reviewed,ath,ath
2006-07-03T21:26:56.249Z,50.9851,-179.283,6.6,3.2,ml,,,,0.54,ak,ak0068gnjniw,2019-02-13T04:58:45.605Z,"Andreanof Islands, Aleutian Islands, Alaska",earthquake,,1.7,,,reviewed,ak,ak
2006-07-03T20:44:28.202Z,50.2404,179.8679,40.1,2.9,ml,,,,0.46,ak,ak0068gn20n8,2019-02-13T04:58:51.371Z,"Rat Islands, Aleutian Islands, Alaska",earthquake,,24.2,,,reviewed,ak,ak
2006-07-03T20:33:35.820Z,-6.101,154.756,158.4,4.6,mb,15,94,,0.96,us,usp000emv5,2014-11-07T01:29:35.018Z,"84 km WNW of Panguna, Papua New Guinea",earthquake,,21.1,,3,reviewed,us,us
2006-07-03T20:31:05.940Z,-8.181,150.766,44.3,4.7,mb,29,51.6,,0.87,us,usp000emv4,2014-11-07T01:29:35.011Z,"238 km N of Alotau, Papua New Guinea",earthquake,,10.7,,12,reviewed,us,us
2006-07-03T20:28:12.070Z,50.9657,-179.2618,4.8,2.8,ml,,,,0.38,ak,ak0068gmyjxz,2019-02-13T04:58:44.853Z,"208 km WSW of Adak, Alaska",earthquake,,2.8,,,reviewed,ak,ak
2006-07-03T20:17:24.030Z,32.515,-115.2813333,6,2.27,ml,15,247,0.3696,0.29,ci,ci14237712,2016-03-08T20:25:57.929Z,"9km SE of Puebla, B.C., MX",earthquake,1.57,31.61,0.152,41,reviewed,ci,ci
2006-07-03T20:12:48.300Z,43.754,-105.201,0,3.1,ml,20,118.5,,0.82,rusms,rusms00004143,2022-06-09T21:12:51.657Z,"23 km E of Wright, Wyoming",explosion,,,,,reviewed,us,us
2006-07-03T19:54:02.500Z,-2.393,128.404,10,4.3,mb,9,154.8,,0.61,us,usp000emv3,2014-11-07T01:29:35.009Z,"119 km NNW of Amahai, Indonesia",earthquake,,,,2,reviewed,us,us
2006-07-03T19:49:36.000Z,-15.25,-174.25,10,4.9,mwc,,,,,gcmt,gcmtc200607031949a,2016-11-10T01:25:02.359Z,"91 km NNW of Hihifo, Tonga",earthquake,,,,,automatic,gcmt,gcmt
2006-07-03T19:47:28.800Z,37.65,20.92,4,3.5,md,4,213.7,,,us,usp000emv2,2014-11-07T01:29:35.006Z,"11 km SE of Lithakiá, Greece",earthquake,,,,,reviewed,ath,ath
2006-07-03T19:14:18.400Z,38.23,23.12,5,2.6,ml,4,311.3,,,us,usp000emv1,2014-11-07T01:29:35.003Z,"8 km W of Kaparéllion, Greece",earthquake,,,,,reviewed,ath,ath
2006-07-03T18:47:31.890Z,36.8986667,-121.6268333,-0.122,2.12,md,16,101,0.03153,0.07,nc,nc21525644,2017-01-14T22:59:22.304Z,"1 km NE of Aromas, California",quarry blast,0.31,0.7,0.3,16,reviewed,nc,nc
2006-07-03T18:45:36.000Z,-24.5,-115.5,10,4.9,mwc,,,,,gcmt,gcmtc200607031845a,2016-11-10T01:25:01.891Z,"southern East Pacific Rise",earthquake,,,,,automatic,gcmt,gcmt
2006-07-03T18:37:57.450Z,42.3231667,-121.8045,-1.785,2.3,md,7,186,0.1085,0.44,uw,uw10694003,2016-07-22T22:19:25.000Z,"11 km N of Klamath Falls, Oregon",earthquake,0.268,2.11,0.04,3,reviewed,uw,uw
2006-07-03T18:34:12.320Z,-22.487,171.376,49.4,4.5,mb,9,212.9,,0.91,us,usp000emv0,2014-11-07T01:29:35.000Z,"southeast of the Loyalty Islands",earthquake,,29.7,,2,reviewed,us,us
2006-07-03T18:05:03.280Z,-3.229,29.134,10,4.4,mb,12,106.3,,0.91,us,usp000emuz,2014-11-07T01:29:34.996Z,"18 km N of Uvira, Democratic Republic of the Congo",earthquake,,,,2,reviewed,us,us
2006-07-03T18:01:46.470Z,43.733,-105.198,0,2.7,ml,14,119.8,,0.81,rusms,rusms00004142,2022-06-09T21:12:51.645Z,"23 km E of Wright, Wyoming",explosion,,,,,reviewed,us,us
2006-07-03T17:53:06.820Z,19.944,121.451,32.6,4.3,mb,23,120.4,,0.77,us,usp000emuy,2014-11-07T01:29:34.989Z,"77 km SW of Basco, Philippines",earthquake,,17.8,,5,reviewed,us,us
2006-07-03T17:32:55.200Z,-27.164,-71.238,11.1,3.5,ml,5,221.4,,,us,usp000emux,2014-11-07T01:29:34.987Z,"92 km WNW of Copiapó, Chile",earthquake,,,,,reviewed,guc,guc
2006-07-03T17:22:35.500Z,38.2,23.19,21,3.2,ml,14,100.5,,,us,usp000emuw,2014-11-07T01:29:34.984Z,"4 km SSW of Kaparéllion, Greece",earthquake,,,,,reviewed,ath,ath
2006-07-03T17:08:23.180Z,55.573,-144.267,10,3.6,ml,22,192.2,,0.87,us,usp000emuv,2019-02-13T04:58:44.431Z,"Gulf of Alaska",earthquake,,,,,reviewed,us,aeic
2006-07-03T16:55:10.312Z,39.685,-115.8155,0,3.1,ml,4,142.66,1.148,0.6575,nn,nn00184485,2018-04-24T20:33:29.791Z,"22 km NNE of Eureka, Nevada",earthquake,,0,,,reviewed,nn,nn
2006-07-03T16:34:38.337Z,59.5197,-153.0687,7.2,2.3,ml,,,,0.62,ak,ak0068gkm5uh,2019-02-13T04:58:44.114Z,"65 km ESE of Pedro Bay, Alaska",earthquake,,3.2,,,reviewed,ak,ak
2006-07-03T16:33:48.420Z,-6.544,129.828,176.5,4.7,mb,48,63.1,,0.66,us,usp000emut,2014-11-07T01:29:34.967Z,"Banda Sea",earthquake,,9.3,,17,reviewed,us,us
2006-07-03T16:07:14.590Z,-27.967,-66.513,166.4,5.1,mwc,109,32.2,,0.95,us,usp000emus,2016-11-10T01:25:01.402Z,"46 km SSW of Andalgalá, Argentina",earthquake,,,,,reviewed,us,hrv
2006-07-03T15:54:08.120Z,8.169,126.911,10,4.2,mb,9,185.6,,0.38,us,usp000emur,2014-11-07T01:29:34.921Z,"52 km E of Barcelona, Philippines",earthquake,,,,1,reviewed,us,us
2006-07-03T15:50:32.978Z,50.9511,-179.2826,6.6,2.1,ml,,,,0.59,ak,ak0068gk45a9,2019-02-13T04:58:50.966Z,"210 km WSW of Adak, Alaska",earthquake,,46,,,reviewed,ak,ak
2006-07-03T15:42:24.800Z,-28.05,-71.178,45,4.3,m,7,205.1,,,us,usp000emuq,2014-11-07T01:29:34.917Z,"71 km NW of Vallenar, Chile",earthquake,,,,,reviewed,guc,guc
2006-07-03T15:08:26.370Z,-18.255,-178.072,625.8,4.3,mb,104,46.6,,0.9,us,usp000emup,2014-11-07T01:29:34.895Z,"277 km E of Levuka, Fiji",earthquake,,7.9,,34,reviewed,us,us
2006-07-03T14:54:35.980Z,33.856,-117.7765,7.395,2.39,ml,38,87,0.02941,0.21,ci,ci14237668,2016-03-08T21:59:56.273Z,"5km SE of Yorba Linda, CA",earthquake,0.37,0.93,0.173,196,reviewed,ci,ci
2006-07-03T14:22:02.740Z,-34.503,-69.588,10,2.7,ml,11,243.1,,0.87,us,usp000emun,2014-11-07T01:29:34.891Z,"103 km ESE of Machalí, Chile",earthquake,,,,,reviewed,us,guc
2006-07-03T13:47:20.092Z,50.9976,-179.2747,6.8,4.2,ml,,,,0.52,ak,ak0068giwlxl,2019-02-13T04:58:43.686Z,"207 km WSW of Adak, Alaska",earthquake,,1.6,,,reviewed,ak,ak
2006-07-03T13:41:54.384Z,51.0176,-179.3532,8.1,2,ml,,,,0.58,ak,ak0068givea6,2019-02-13T04:59:01.554Z,"211 km WSW of Adak, Alaska",earthquake,,5.6,,,reviewed,ak,ak
2006-07-03T13:40:00.960Z,-20.485,-176.109,207.3,5.4,mwb,317,45,,0.72,us,usp000emum,2016-11-10T01:25:00.912Z,"118 km NW of Haveluloto, Tonga",earthquake,,,,,reviewed,us,us
2006-07-03T13:36:24.010Z,19.024,-67.923,16.1,3.2,md,15,320.4,,,us,usp000emuk,2014-11-07T01:29:34.813Z,"70 km NE of Punta Cana, Dominican Republic",earthquake,,,,,reviewed,rspr,rspr
2006-07-03T13:28:51.830Z,18.981,-67.897,17.6,2.7,md,9,327.5,,,us,usp000emuj,2014-11-07T01:29:34.810Z,"69 km NE of Punta Cana, Dominican Republic",earthquake,,,,,reviewed,rspr,rspr
2006-07-03T13:27:07.960Z,19.042,-67.931,15.8,3.4,md,15,320.4,,,us,usp000emuh,2014-11-07T01:29:34.805Z,"71 km NE of Punta Cana, Dominican Republic",earthquake,,,,,reviewed,rspr,rspr
2006-07-03T12:46:34.540Z,1.124,124.08,293.4,4.2,mb,14,151.9,,0.71,us,usp000emug,2014-11-07T01:29:34.802Z,"83 km WSW of Tomohon, Indonesia",earthquake,,48.3,,5,reviewed,us,us
2006-07-03T12:44:51.080Z,39.4538333,-123.1205,8.391,3.6,mw,50,48,0.1523,0.18,nc,nc21525602,2017-03-17T19:03:41.558Z,"14 km N of Potter Valley, California",earthquake,0.24,0.54,,3,reviewed,nc,nc
2006-07-03T12:44:48.000Z,15.522,-93.698,33.5,4,md,7,156,,,us,usp000emue,2014-11-07T01:29:34.795Z,"33 km SSW of Manuel Ávila Camacho (Ponte Duro), Mexico",earthquake,,,,,reviewed,unm,unm
2006-07-03T12:37:15.680Z,-11.528,165.692,10,4.2,mb,11,158,,1.54,us,usp000emud,2014-11-07T01:29:34.792Z,"89 km S of Lata, Solomon Islands",earthquake,,,,4,reviewed,us,us
2006-07-03T12:20:01.280Z,42.4121667,-111.4966667,5.44,2.49,ml,21,117,0.3636,0.19,uu,uu50318325,2018-08-28T21:53:44.530Z,"12 km SW of Georgetown, Idaho",earthquake,0.57,1.02,,10,reviewed,uu,uu
2006-07-03T12:13:53.770Z,63.1906,-150.3934,114.2,2.4,ml,,,,0.58,ak,ak0068gi3ykx,2019-02-13T04:58:42.807Z,"75 km WSW of Cantwell, Alaska",earthquake,,1.2,,,reviewed,ak,ak
2006-07-03T11:33:01.650Z,31.401,-40.973,10,4.4,mb,24,183,,0.99,us,usp000emuc,2014-11-07T01:29:34.788Z,"northern Mid-Atlantic Ridge",earthquake,,,,7,reviewed,us,us
2006-07-03T11:22:01.280Z,-3.16,127.15,77.5,4.6,mb,27,109,,0.82,us,usp000emub,2014-11-07T01:29:34.782Z,"129 km WNW of Ambon, Indonesia",earthquake,,13.7,,8,reviewed,us,us
2006-07-03T11:02:23.100Z,-34.441,-69.8,10.8,3.2,ml,14,280.8,,,us,usp000emua,2014-11-07T01:29:34.777Z,"83 km ESE of Machalí, Chile",earthquake,,,,,reviewed,guc,guc
2006-07-03T10:37:13.500Z,-34.435,-69.787,7.9,4.4,mb,58,46.8,,,us,usp000emu9,2014-11-07T01:29:34.765Z,"84 km ESE of Machalí, Chile",earthquake,,,,15,reviewed,guc,us
2006-07-03T10:28:18.130Z,38.7675,-122.744,0.645,2.05,md,37,35,0.01712,0.06,nc,nc21525596,2017-01-14T22:55:34.040Z,"6 km SSW of Cobb, California",earthquake,0.16,0.3,0.13,16,reviewed,nc,nc
2006-07-03T09:54:15.610Z,37.211,28.174,19.6,2.7,md,5,203.1,,,us,usp000emu8,2014-11-07T01:29:34.763Z,"7 km SSW of Bay?r, Turkey",earthquake,,,,,reviewed,isk,isk
2006-07-03T09:53:29.460Z,-20.321,-67.912,160.3,4,mb,13,115.9,,1.38,us,usp000emu7,2014-11-07T01:29:34.759Z,"102 km W of Colchani, Bolivia",earthquake,,10.3,,5,reviewed,us,us
2006-07-03T09:53:20.170Z,46.1986667,-122.2075,-1.683,2.4,md,8,88,,0.38,uw,uw10693788,2016-07-22T22:19:23.310Z,"37 km NNE of Amboy, Washington",earthquake,,,0.06,3,reviewed,uw,uw
2006-07-03T09:17:55.891Z,52.2389,177.2275,4.8,2.8,ml,,,,0.81,ak,ak0068ggcisl,2019-02-13T04:58:50.564Z,"282 km ESE of Attu Station, Alaska",earthquake,,64.1,,,reviewed,ak,ak
2006-07-03T09:13:13.817Z,51.9087,177.1381,5.3,3.2,ml,,,,0.77,ak,ak0068ggbkol,2019-02-13T04:58:42.425Z,"288 km ESE of Attu Station, Alaska",earthquake,,4.4,,,reviewed,ak,ak
2006-07-03T08:53:50.840Z,18.697,-67.575,15.8,3,md,8,317.1,,,us,usp000emu6,2014-11-07T01:29:34.756Z,"52 km NW of Rincón, Puerto Rico",earthquake,,,,,reviewed,rspr,rspr
2006-07-03T08:44:36.864Z,51.0332,-179.2162,4.8,2.2,ml,,,,0.55,ak,ak0068gfwu1y,2019-02-13T04:58:50.136Z,"202 km WSW of Adak, Alaska",earthquake,,8.1,,,reviewed,ak,ak
2006-07-03T08:38:01.365Z,38.4431,-118.3954,7.4,2.1,ml,16,79.42,0.187,0.0929,nn,nn00184456,2018-04-24T20:33:29.914Z,"21 km ESE of Hawthorne, Nevada",earthquake,,4.4,,,reviewed,nn,nn
2006-07-03T08:37:49.170Z,2.126,95.482,27,4.6,mb,31,93.2,,0.87,us,usp000emu5,2014-11-07T01:29:34.749Z,"107 km WSW of Sinabang, Indonesia",earthquake,,,,12,reviewed,us,us
2006-07-03T08:29:30.100Z,-34.581,-72.352,30.2,2.5,ml,4,337.3,,,us,usp000emu4,2014-11-07T01:29:34.746Z,"83 km N of Constitución, Chile",earthquake,,,,,reviewed,guc,guc
2006-07-03T08:22:30.200Z,-30.514,-71.064,56.3,3.3,m,6,140,,,us,usp000emu3,2014-11-07T01:29:34.743Z,"16 km NE of Ovalle, Chile",earthquake,,,,,reviewed,guc,guc
2006-07-03T08:13:00.730Z,38.194,26.663,14.4,3.1,md,9,124.8,,,us,usp000emu2,2014-11-07T01:29:34.741Z,"15 km W of Seferihisar, Turkey",earthquake,,,,,reviewed,isk,isk
2006-07-03T08:11:56.472Z,50.9368,-179.3275,4.8,3.2,ml,,,,0.53,ak,ak0068gfpsxr,2019-02-13T04:58:41.601Z,"214 km WSW of Adak, Alaska",earthquake,,1.7,,,reviewed,ak,ak
2006-07-03T08:10:36.818Z,51.1338,-179.3046,1.6,2.3,ml,,,,0.51,ak,ak0068gfpjpd,2019-02-13T04:58:41.195Z,"202 km WSW of Adak, Alaska",earthquake,,3.1,,,reviewed,ak,ak
2006-07-03T07:52:42.010Z,-22.839,170.078,112.3,4.5,mb,12,212.2,,1.3,us,usp000emu1,2014-11-07T01:29:34.737Z,"265 km E of Vao, New Caledonia",earthquake,,22.6,,6,reviewed,us,us
2006-07-03T07:41:56.330Z,-28.707,-67.144,130.4,4.8,mb,35,40.1,,0.96,us,usp000emu0,2014-11-07T01:29:34.729Z,"37 km WSW of Arauco, Argentina",earthquake,,,,13,reviewed,us,us
2006-07-03T07:23:55.700Z,-34.945,-71.051,107.3,3.5,m,19,173.5,,,us,usp000emtz,2014-11-07T01:29:34.722Z,"13 km SE of Teno, Chile",earthquake,,,,,reviewed,guc,guc
2006-07-03T07:05:25.311Z,51.0261,-179.2686,19,2.2,ml,,,,0.54,ak,ak0068gf30mr,2019-02-13T04:58:49.292Z,"205 km WSW of Adak, Alaska",earthquake,,29.6,,,reviewed,ak,ak
2006-07-03T06:59:08.610Z,2.661,122.278,557.8,3.9,mb,14,166.7,,0.52,us,usp000emty,2014-11-07T01:29:34.717Z,"250 km NNW of Gorontalo, Indonesia",earthquake,,19.5,,3,reviewed,us,us
2006-07-03T06:57:16.770Z,39.4576667,-123.1126667,0.321,2.54,md,31,46,0.1459,0.17,nc,nc21525584,2017-01-14T22:54:25.220Z,"near the coast of Northern California",earthquake,0.32,6.14,0.11,26,reviewed,nc,nc
2006-07-03T06:55:46.760Z,51.458,-130.696,10,2.6,ml,18,204.6,,,us,usp000emtw,2014-11-07T01:29:34.710Z,"271 km WNW of Port McNeill, Canada",earthquake,,,,,reviewed,pgc,pgc
2006-07-03T06:48:02.980Z,33.8921667,-118.5586667,13.249,2.18,ml,38,75,0.1487,0.24,ci,ci14237596,2016-03-09T00:50:47.914Z,"14km WSW of El Segundo, CA",earthquake,0.45,0.75,0.168,116,reviewed,ci,ci
2006-07-03T06:46:42.100Z,-31.943,-69.773,129.9,4.2,mb,38,70.7,,,us,usp000emtv,2014-11-07T01:29:34.701Z,"75 km SSW of Calingasta, Argentina",earthquake,,,,8,reviewed,guc,us
2006-07-03T06:45:19.234Z,51.0165,-179.3109,11.7,2.1,ml,,,,0.5,ak,ak0068geq577,2019-02-13T04:58:48.867Z,"209 km WSW of Adak, Alaska",earthquake,,30.5,,,reviewed,ak,ak
2006-07-03T06:31:53.266Z,50.9668,-179.2836,4.9,2,ml,,,,0.43,ak,ak0068gen7su,2019-02-13T04:59:01.195Z,"210 km WSW of Adak, Alaska",earthquake,,4.7,,,reviewed,ak,ak
2006-07-03T06:26:25.631Z,57.2994,-156.7101,99.5,2.6,ml,,,,0.36,ak,ak0068gem337,2019-02-13T04:58:40.887Z,"47 km ESE of Ugashik, Alaska",earthquake,,0,,,reviewed,ak,ak
2006-07-03T05:59:34.000Z,39.138,28.052,16.2,3.7,md,17,186.7,,,us,usp000emtu,2014-11-07T01:29:34.697Z,"15 km SW of S?nd?rg?, Turkey",earthquake,,,,,reviewed,isk,isk
2006-07-03T05:57:46.687Z,50.9761,-179.279,7.6,2.9,ml,,,,0.58,ak,ak0068ge7cb0,2019-02-13T04:58:40.466Z,"209 km WSW of Adak, Alaska",earthquake,,16.1,,,reviewed,ak,ak
2006-07-03T05:23:45.737Z,51.0149,-179.3378,11.2,2,ml,,,,0.54,ak,ak0068ge01vx,2019-02-13T04:58:48.452Z,"210 km WSW of Adak, Alaska",earthquake,,8.6,,,reviewed,ak,ak
2006-07-03T04:42:28.736Z,51.0902,-179.3135,14.5,2.1,ml,,,,0.91,ak,ak0068gdinkp,2019-02-13T04:58:48.091Z,"205 km WSW of Adak, Alaska",earthquake,,4.1,,,reviewed,ak,ak
2006-07-03T04:24:40.959Z,60.3804,-152.4834,101.4,2.3,ml,,,,0.42,ak,ak0068gdetmn,2019-02-13T04:58:40.030Z,"58 km NW of Ninilchik, Alaska",earthquake,,1.2,,,reviewed,ak,ak
2006-07-03T04:22:58.290Z,-15.155,-178.145,429.7,4.4,mb,51,128.4,,1.14,us,usp000emtt,2014-11-07T01:29:34.685Z,"93 km S of Alo, Wallis and Futuna",earthquake,,,,15,reviewed,us,us
2006-07-03T04:15:11.060Z,-13.728,170.15,621.1,4.4,mb,51,175.6,,1.29,us,usp000emts,2014-11-07T01:29:34.676Z,"281 km E of Sola, Vanuatu",earthquake,,26.9,,9,reviewed,us,us
2006-07-03T04:12:18.030Z,55.32,161.783,35.2,4.1,mb,15,142.5,,0.87,us,usp000emtr,2014-11-07T01:29:34.673Z,"110 km SSW of Ust’-Kamchatsk Staryy, Russia",earthquake,,67.8,,3,reviewed,us,us
2006-07-03T03:59:49.546Z,50.9822,-179.2548,9.5,2.4,ml,,,,0.76,ak,ak0068gd0wqy,2019-02-13T04:58:39.615Z,"207 km WSW of Adak, Alaska",earthquake,,16.6,,,reviewed,ak,ak
2006-07-03T03:49:32.370Z,36.0278333,-120.59,3.978,2.21,md,48,44,0.04144,0.07,nc,nc21525570,2017-01-14T22:53:19.280Z,"20 km NW of Parkfield, California",earthquake,0.18,0.28,0.13,38,reviewed,nc,nc
2006-07-03T03:36:19.723Z,53.2869,-165.9464,9.3,2.3,ml,,,,0.29,ak,ak0068gcvwz8,2019-02-13T04:58:39.165Z,"76 km SSE of Unalaska, Alaska",earthquake,,2,,,reviewed,ak,ak
2006-07-03T03:31:49.160Z,51.575,16.18,5,2.9,ml,12,155.1,,0.47,us,usp000emtq,2014-11-07T01:29:34.668Z,"2 km SSE of Gr?bocice, Poland",earthquake,,,,,reviewed,us,grf
2006-07-03T03:29:44.200Z,29.38,51.42,15,3.3,ml,16,129.8,,,us,usp000emtp,2014-11-07T01:29:34.664Z,"23 km ENE of Bor?zj?n, Iran",earthquake,,,,,reviewed,thr,thr
2006-07-03T03:24:20.819Z,50.2659,-176.1042,17.4,2.3,ml,,,,0.44,ak,ak0068gctcgx,2019-02-13T04:59:00.839Z,"182 km SSE of Adak, Alaska",earthquake,,10.3,,,reviewed,ak,ak
2006-07-03T02:24:45.209Z,50.5288,-176.0973,3.8,2.6,ml,,,,0.5,ak,ak0068gc7yqw,2019-02-13T04:58:47.369Z,"154 km SSE of Adak, Alaska",earthquake,,18.2,,,reviewed,ak,ak
2006-07-03T02:22:37.380Z,50.9847,-179.3297,7.9,2.5,ml,,,,0.47,ak,ak0068gc7ipm,2019-02-13T04:58:38.753Z,"211 km WSW of Adak, Alaska",earthquake,,15.2,,,reviewed,ak,ak
2006-07-03T02:05:49.850Z,51.0405,-179.3133,12.7,2.6,ml,,,,0.62,ak,ak0068gc3wi1,2019-02-13T04:58:38.345Z,"208 km WSW of Adak, Alaska",earthquake,,27.8,,,reviewed,ak,ak
2006-07-03T02:04:44.210Z,-56.529,-142.489,10,5.8,mwb,16,172.2,,0.89,us,usp000emtn,2022-05-02T18:22:52.327Z,"Pacific-Antarctic Ridge",earthquake,,,,,reviewed,us,us
2006-07-03T02:00:07.771Z,51.1776,-178.5217,24.3,2.2,ml,,,,0.45,ak,ak0068gc2qo9,2019-02-13T04:59:00.468Z,"152 km WSW of Adak, Alaska",earthquake,,2.1,,,reviewed,ak,ak
2006-07-03T01:44:55.700Z,-42.67,172.91,48,4.5,ml,47,128.4,,,us,usp000emtm,2014-11-07T01:29:34.628Z,"55 km NNE of Amberley, New Zealand",earthquake,,,,,reviewed,wel,wel
2006-07-03T01:17:28.140Z,-27.438,-178.159,246.8,3.7,mb,8,181.5,,0.3,us,usp000emtk,2014-11-07T01:29:34.626Z,"Kermadec Islands region",earthquake,,17.8,,1,reviewed,us,us
2006-07-03T01:09:22.140Z,1.787,97.699,30,4.4,mb,20,186,,0.82,us,usp000emtj,2014-11-07T01:29:34.621Z,"56 km S of Singkil, Indonesia",earthquake,,,,4,reviewed,us,us
2006-07-03T01:04:09.490Z,51.761,-174.578,17.1,3,ml,13,191.5,,,us,usp000emth,2019-02-13T04:58:37.932Z,"54 km SSW of Atka, Alaska",earthquake,,,,,reviewed,aeic,aeic
2006-07-03T01:01:39.269Z,51.864,177.0332,4.9,2.5,ml,,,,0.77,ak,ak0068gbhl7q,2019-02-13T04:58:47.082Z,"283 km ESE of Attu Station, Alaska",earthquake,,6.8,,,reviewed,ak,ak
2006-07-03T00:50:53.439Z,51.4274,-174.0906,25.6,2.9,ml,,,,0.58,ak,ak0068gb6osf,2019-02-13T04:58:46.715Z,"85 km S of Atka, Alaska",earthquake,,26.4,,,reviewed,ak,ak
2006-07-03T00:50:43.503Z,50.9829,-179.2674,5,2.1,ml,,,,0.81,ak,ak0068gb6o0u,2019-02-13T04:58:37.531Z,"208 km WSW of Adak, Alaska",earthquake,,13.1,,,reviewed,ak,ak
2006-07-03T00:45:25.600Z,40.45,25.83,14,3.4,md,10,171.9,,,us,usp000emtg,2014-11-07T01:29:34.615Z,"26 km E of Samothráki, Greece",earthquake,,,,,reviewed,sof,ath
2006-07-03T00:21:36.250Z,19.589,146.231,35,4.3,mb,15,156.7,,1.03,us,usp000emtf,2014-11-07T01:29:34.611Z,"Mariana Islands region",earthquake,,,,2,reviewed,us,us
2006-07-03T00:18:36.986Z,61.3146,-151.875,89.6,2.2,ml,,,,0.47,ak,ak0068gazslu,2019-02-13T04:58:37.091Z,"46 km WNW of Beluga, Alaska",earthquake,,2.2,,,reviewed,ak,ak
2006-07-03T00:07:19.906Z,50.9214,-179.2621,6.7,3.2,ml,,,,0.42,ak,ak0068gaxeeu,2019-02-13T04:58:36.637Z,"211 km WSW of Adak, Alaska",earthquake,,7.4,,,reviewed,ak,ak
2006-07-02T23:56:20.660Z,-5.342,150.826,160,4.6,mb,23,169.6,,0.84,us,usp000emte,2014-11-07T01:29:34.606Z,"79 km ENE of Kimbe, Papua New Guinea",earthquake,,17.1,,6,reviewed,us,us
2006-07-02T23:47:45.420Z,51.0803,-179.2282,4.7,2.2,ml,,,,0.63,ak,ak0068f1bnfy,2019-02-13T04:57:50.291Z,"200 km WSW of Adak, Alaska",earthquake,,0.2,,,reviewed,ak,ak
2006-07-02T23:45:29.705Z,51.0637,-179.3312,5.9,2.7,ml,,,,0.59,ak,ak0068f1b6sq,2019-02-13T04:57:49.871Z,"207 km WSW of Adak, Alaska",earthquake,,0.6,,,reviewed,ak,ak
2006-07-02T23:45:05.330Z,19.328,38.952,10,4.7,mwc,15,79,,0.77,us,usp000emtd,2016-11-10T01:24:59.924Z,"163 km NE of Tok?r, Sudan",earthquake,,,,,reviewed,us,hrv
2006-07-02T23:42:40.200Z,51.07,-179.291,10,3.6,ml,9,215.3,,,us,usp000emtc,2019-02-13T04:57:49.441Z,"205 km WSW of Adak, Alaska",earthquake,,,,,reviewed,aeic,aeic
2006-07-02T23:38:14.061Z,53.1595,-163.7589,55.1,2.1,ml,,,,0.35,ak,ak0068f19nku,2019-02-13T04:58:36.215Z,"171 km SE of Akutan, Alaska",earthquake,,5.6,,,reviewed,ak,ak
2006-07-02T23:36:47.120Z,36.013,-120.5983333,-0.719,2.36,md,44,64,0.03333,0.17,nc,nc21525552,2017-01-14T22:52:07.060Z,"19 km NW of Parkfield, California",earthquake,0.2,0.96,0.1,39,reviewed,nc,nc
2006-07-02T23:32:23.575Z,50.9807,-179.3291,5,2,ml,,,,0.53,ak,ak0068f18e0l,2019-02-13T04:58:23.363Z,"212 km WSW of Adak, Alaska",earthquake,,3.7,,,reviewed,ak,ak
2006-07-02T23:29:48.449Z,52.0734,177.1917,6.7,2.4,ml,,,,0.91,ak,ak0068f17ssc,2019-02-13T04:58:01.881Z,"285 km ESE of Attu Station, Alaska",earthquake,,9.8,,,reviewed,ak,ak
2006-07-02T23:29:03.264Z,50.8951,-179.2644,4.9,2.1,ml,,,,0.2,ak,ak0068f17pau,2019-02-13T04:58:23.763Z,"213 km WSW of Adak, Alaska",earthquake,,4.3,,,reviewed,ak,ak
2006-07-02T23:24:47.593Z,51.0236,-179.3848,11.2,2,ml,,,,0.68,ak,ak0068f16q53,2019-02-13T04:57:49.141Z,"213 km WSW of Adak, Alaska",earthquake,,0.7,,,reviewed,ak,ak
2006-07-02T23:19:51.000Z,-32.348,150.867,12,2.8,ml,5,152.8,,,us,usp000emtb,2014-11-07T01:29:34.594Z,"9 km SSW of Muswellbrook, Australia",earthquake,,,,,reviewed,aust,aust
2006-07-02T23:19:50.090Z,5.062,96.047,34.9,4.3,mb,42,61.6,,1.04,us,usp000emta,2014-11-07T01:29:34.585Z,"31 km WSW of Reuleuet, Indonesia",earthquake,,,,6,reviewed,us,us
2006-07-02T23:09:47.890Z,38.84,70.403,35,3.7,mb,24,134.2,,0.81,us,usp000emt9,2014-11-07T01:29:34.580Z,"21 km S of Rasht, Tajikistan",earthquake,,,,4,reviewed,us,us
2006-07-02T22:22:16.200Z,-35.537,-70.716,123.5,3,m,4,325.6,,,us,usp000emt8,2014-11-07T01:29:34.577Z,"64 km ENE of Colbún, Chile",earthquake,,,,,reviewed,guc,guc
2006-07-02T22:20:47.362Z,52.0678,177.1462,7.3,2.4,ml,,,,0.73,ak,ak0068f0kfnk,2019-02-13T04:58:01.175Z,"282 km ESE of Attu Station, Alaska",earthquake,,2.1,,,reviewed,ak,ak
2006-07-02T22:16:58.420Z,42.4255,-111.5138333,9.5,2.68,ml,21,114,0.3674,0.12,uu,uu50318305,2018-08-28T21:53:41.820Z,"13 km WSW of Georgetown, Idaho",earthquake,0.59,0.51,,13,reviewed,uu,uu
2006-07-02T22:16:56.820Z,-16.774,-179.61,500,3.7,mb,8,155.3,,0.9,us,usp000emt7,2014-11-07T01:29:34.575Z,"115 km ESE of Labasa, Fiji",earthquake,,,,1,reviewed,us,us
2006-07-02T22:03:23.900Z,-15.533,168.327,65.3,4.3,mb,17,231.8,,0.75,us,usp000emt6,2014-11-07T01:29:34.571Z,"115 km ENE of Norsup, Vanuatu",earthquake,,19.9,,4,reviewed,us,us
2006-07-02T21:58:20.905Z,52.0365,177.2228,4.7,2.4,ml,,,,0.66,ak,ak0068f0737u,2019-02-13T04:58:00.823Z,"288 km ESE of Attu Station, Alaska",earthquake,,0.1,,,reviewed,ak,ak
2006-07-02T21:52:18.463Z,50.9741,-179.3726,5,2,ml,,,,0.59,ak,ak0068f05sqe,2019-02-13T04:58:21.427Z,"215 km WSW of Adak, Alaska",earthquake,,4,,,reviewed,ak,ak
2006-07-02T21:43:11.580Z,-20.621,-68.495,116.2,3.9,mb,14,124.7,,1.24,us,usp000emt5,2014-11-07T01:29:34.567Z,"166 km WSW of Colchani, Bolivia",earthquake,,11.2,,3,reviewed,us,us
2006-07-02T21:20:10.000Z,-30.389,-70.571,32.8,2.9,ml,4,210,,,us,usp000emt4,2014-11-07T01:29:34.565Z,"41 km SSE of Vicuña, Chile",earthquake,,,,,reviewed,guc,guc
2006-07-02T21:20:01.639Z,51.0552,-179.2838,9.1,2.2,ml,,,,0.81,ak,ak0068ezywir,2019-02-13T04:57:48.761Z,"205 km WSW of Adak, Alaska",earthquake,,0.3,,,reviewed,ak,ak
2006-07-02T21:12:43.663Z,51.045,-179.2998,6.7,2.2,ml,,,,0.58,ak,ak0068ezxa1a,2019-02-13T04:57:48.348Z,"206 km WSW of Adak, Alaska",earthquake,,0.3,,,reviewed,ak,ak
2006-07-02T21:07:30.150Z,44.547,21.728,15,3,ml,7,237.5,,,us,usp000emt3,2014-11-07T01:29:34.562Z,"3 km NW of Duboka, Serbia",earthquake,,,,,reviewed,buc,buc
2006-07-02T21:07:17.700Z,-25.252,-70.512,37.7,3,m,4,178.3,,,us,usp000emt2,2014-11-07T01:29:34.559Z,"17 km N of Taltal, Chile",earthquake,,,,,reviewed,guc,guc
2006-07-02T21:01:46.440Z,43.799,-105.322,0,3,ml,21,111.9,,1.39,rusms,rusms00004141,2022-06-09T21:12:51.231Z,"14 km ENE of Wright, Wyoming",explosion,,,,,reviewed,us,us
2006-07-02T20:28:27.406Z,51.0635,-179.3398,5.8,3.2,ml,,,,0.33,ak,ak0068ezf8ms,2019-02-13T04:57:47.921Z,"208 km WSW of Adak, Alaska",earthquake,,0.4,,,reviewed,ak,ak
2006-07-02T20:25:36.260Z,51.667,-179.446,86.2,4.2,mb,29,140.2,,1.05,us,usp000emt1,2019-02-13T04:57:47.486Z,"195 km W of Adak, Alaska",earthquake,,11.3,,6,reviewed,us,us
2006-07-02T20:24:59.130Z,19.3781667,-155.2423333,2.322,2.15,ml,30,49,,0.08,hv,hv5506348,2020-03-31T21:48:03.180Z,"7 km S of Volcano, Hawaii",earthquake,0.28,0.31,0.17,6,reviewed,hv,hv
2006-07-02T20:14:30.942Z,51.0392,-179.2445,13.3,2.2,ml,,,,0.68,ak,ak0068ezc8vq,2019-02-13T04:57:47.077Z,"203 km WSW of Adak, Alaska",earthquake,,0.8,,,reviewed,ak,ak
2006-07-02T19:57:09.230Z,51.136,-179.461,47.8,4.8,mwc,252,128.9,,0.76,us,usp000emt0,2019-02-13T04:57:46.668Z,"212 km WSW of Adak, Alaska",earthquake,,4.1,,,reviewed,us,hrv
2006-07-02T19:55:15.000Z,38.21,20.51,20,3.3,md,5,222.4,,,us,usp000emsz,2014-11-07T01:29:34.508Z,"3 km NNE of Argostólion, Greece",earthquake,,,,,reviewed,ath,ath
2006-07-02T19:54:06.200Z,-5.307,147.139,195.7,4.4,mb,9,254.4,,0.36,us,usp000emsy,2014-11-07T01:29:34.505Z,"150 km E of Madang, Papua New Guinea",earthquake,,23.4,,3,reviewed,us,us
2006-07-02T19:47:38.714Z,51.0366,-179.2974,4.9,2.9,ml,,,,0.5,ak,ak0068eyxwi7,2019-02-13T04:57:45.945Z,"207 km WSW of Adak, Alaska",earthquake,,0.8,,,reviewed,ak,ak
2006-07-02T19:46:33.991Z,51.0077,-179.3199,7.3,2.2,ml,,,,0.52,ak,ak0068eyxofb,2019-02-13T04:57:46.318Z,"210 km WSW of Adak, Alaska",earthquake,,2.6,,,reviewed,ak,ak
2006-07-02T19:45:33.399Z,51.0415,-179.2519,5.1,2.5,ml,,,,0.79,ak,ak0068eyxgnv,2019-02-13T04:57:45.590Z,"204 km WSW of Adak, Alaska",earthquake,,3.1,,,reviewed,ak,ak
2006-07-02T19:40:35.680Z,0.016,97.164,40.3,4.9,mb,38,95.6,,0.81,us,usp000emsx,2014-11-07T01:29:34.497Z,"260 km SSW of Singkil, Indonesia",earthquake,,,,8,reviewed,us,us
2006-07-02T19:39:39.000Z,39.274,40.96,3,5,mwc,209,71.3,,,us,usp000emsw,2022-05-02T18:22:46.890Z,"4 km WSW of Karl?ova, Turkey",earthquake,,,,,reviewed,isk,hrv
2006-07-02T19:35:52.520Z,36.163,71.262,79.3,4.7,mb,112,95.3,,1.2,us,usp000emsv,2014-11-07T01:29:34.437Z,"62 km SSW of Ashk?sham, Afghanistan",earthquake,,13.4,,52,reviewed,us,us
2006-07-02T19:30:14.450Z,51.015,-179.398,47.3,4.5,mb,95,130.2,,0.67,us,usp000emsu,2019-02-13T04:57:45.175Z,"214 km WSW of Adak, Alaska",earthquake,,4.9,,44,reviewed,us,us
2006-07-02T19:28:59.922Z,50.994,-179.2236,7.5,2,ml,,,,0.82,ak,ak0068eytvjc,2019-02-13T04:58:18.701Z,"204 km WSW of Adak, Alaska",earthquake,,3.7,,,reviewed,ak,ak
2006-07-02T19:24:49.472Z,50.9908,-179.2346,12.5,2,ml,,,,0.57,ak,ak0068eyszv7,2019-02-13T04:57:44.817Z,"205 km WSW of Adak, Alaska",earthquake,,3.5,,,reviewed,ak,ak
2006-07-02T19:18:50.409Z,50.8729,-179.3134,15.2,2.2,ml,,,,0.72,ak,ak0068eyrpn4,2019-02-13T04:58:18.294Z,"217 km WSW of Adak, Alaska",earthquake,,4.6,,,reviewed,ak,ak
2006-07-02T19:17:42.763Z,51.0435,-179.3404,0.5,2.8,ml,,,,0.61,ak,ak0068eyrhc4,2019-02-28T19:48:29.349Z,"209 km WSW of Adak, Alaska",earthquake,,0.5,,,reviewed,ak,ak
2006-07-02T19:14:59.750Z,51.205,-179.383,37.1,4,mb,14,150.3,,1.01,us,usp000emst,2019-02-13T04:57:44.038Z,"204 km WSW of Adak, Alaska",earthquake,,11.9,,1,reviewed,us,us
2006-07-02T19:13:35.607Z,50.9609,-179.2895,12.9,2.2,ml,,,,0.58,ak,ak0068eyqlx4,2019-02-13T04:58:17.883Z,"210 km WSW of Adak, Alaska",earthquake,,7.3,,,reviewed,ak,ak
2006-07-02T19:07:21.455Z,51.0388,-179.2769,5.9,2.6,ml,,,,0.28,ak,ak0068eypaj5,2019-02-13T04:57:43.733Z,"205 km WSW of Adak, Alaska",earthquake,,0.5,,,reviewed,ak,ak
2006-07-02T19:01:20.135Z,51.0376,-179.3141,12.5,2.6,ml,,,,0.59,ak,ak0068eyo04t,2019-02-13T04:57:43.351Z,"208 km WSW of Adak, Alaska",earthquake,,1,,,reviewed,ak,ak
2006-07-02T18:49:58.180Z,50.843,-179.518,48.8,3.3,ml,16,150.6,,1.1,us,usp000emss,2019-02-13T04:57:42.951Z,"231 km WSW of Adak, Alaska",earthquake,,12.3,,,reviewed,us,aeic
2006-07-02T18:48:18.080Z,23.883,121.816,10,3.7,mb,12,98.3,,1.27,us,usp000emsr,2014-11-07T01:29:34.405Z,"Taiwan",earthquake,,,,1,reviewed,us,us
2006-07-02T18:40:07.946Z,50.9907,-179.1735,12.2,2.5,ml,,,,0.75,ak,ak0068eyawii,2019-02-13T04:57:42.569Z,"202 km WSW of Adak, Alaska",earthquake,,1.6,,,reviewed,ak,ak
2006-07-02T18:36:40.900Z,-38.31,176.16,164,3.7,m,32,176.1,,,us,usp000emsq,2014-11-07T01:29:34.398Z,"20 km SSW of Rotorua, New Zealand",earthquake,,,,,reviewed,wel,wel
2006-07-02T18:35:31.404Z,51.0274,-179.2728,2.1,2.1,ml,,,,0.64,ak,ak0068ey9vqs,2019-02-13T04:58:17.209Z,"206 km WSW of Adak, Alaska",earthquake,,1.6,,,reviewed,ak,ak
2006-07-02T18:32:05.562Z,50.9628,-179.2888,7.1,2.7,ml,,,,0.74,ak,ak0068ey96lo,2019-02-13T04:57:42.191Z,"210 km WSW of Adak, Alaska",earthquake,,1.9,,,reviewed,ak,ak
2006-07-02T18:31:32.690Z,50.943,156.786,105.3,4.1,mb,11,127.7,,0.9,us,usp000emsp,2014-11-07T01:29:34.395Z,"55 km ENE of Severo-Kuril’sk, Russia",earthquake,,19.7,,3,reviewed,us,us
2006-07-02T18:29:08.782Z,50.996,-179.1949,2.4,3.1,ml,,,,0.63,ak,ak0068ey8jpa,2019-02-13T04:58:16.145Z,"203 km WSW of Adak, Alaska",earthquake,,1.1,,,reviewed,ak,ak
2006-07-02T18:26:45.990Z,51.133,-179.455,52.1,5.1,mwc,272,83.7,,0.77,us,usp000emsn,2022-05-02T15:32:15.307Z,"212 km WSW of Adak, Alaska",earthquake,,4,,,reviewed,us,hrv
2006-07-02T18:26:01.381Z,51.0501,-179.367,6.6,2.4,ml,,,,0.61,ak,ak0068ey7vze,2019-02-13T04:57:41.449Z,"210 km WSW of Adak, Alaska",earthquake,,0.6,,,reviewed,ak,ak
2006-07-02T18:21:00.687Z,51.0326,-179.309,10.9,2.6,ml,,,,0.7,ak,ak0068ey6tck,2019-02-13T04:57:41.058Z,"Andreanof Islands, Aleutian Islands, Alaska",earthquake,,1,,,reviewed,ak,ak
2006-07-02T18:18:57.853Z,50.9693,-179.3576,13.1,2.3,ml,,,,0.61,ak,ak0068ey6am1,2019-02-13T04:58:15.526Z,"214 km WSW of Adak, Alaska",earthquake,,6.8,,,reviewed,ak,ak
2006-07-02T18:18:12.022Z,54.6602,-162.3509,66.3,2.2,ml,,,,0.31,ak,ak0068ey672q,2019-02-13T04:58:34.579Z,"44 km S of King Cove, Alaska",earthquake,,0.5,,,reviewed,ak,ak
2006-07-02T18:18:09.006Z,51.0013,-179.3518,8.1,2.3,ml,,,,0.67,ak,ak0068ey66uc,2019-02-13T04:58:15.810Z,"212 km WSW of Adak, Alaska",earthquake,,10,,,reviewed,ak,ak
2006-07-02T18:17:09.200Z,-39.05,174.99,222,4.4,m,62,71,,,us,usp000emsm,2014-11-07T01:29:34.336Z,"65 km E of Waitara, New Zealand",earthquake,,,,,reviewed,wel,wel
2006-07-02T18:14:50.730Z,51.132,-179.438,49.7,5.1,mwc,232,94.8,,0.79,us,usp000emsk,2022-05-02T18:22:45.513Z,"211 km WSW of Adak, Alaska",earthquake,,4.1,,,reviewed,us,hrv
2006-07-02T18:14:47.020Z,12.352,-88.237,44.4,4.2,mb,17,119,,1.32,us,usp000emsj,2014-11-07T01:29:34.290Z,"off the coast of Central America",earthquake,,14,,9,reviewed,us,us
2006-07-02T18:10:08.400Z,51.277,-179.448,38.4,3.4,ml,11,206.1,,0.52,us,usp000emsh,2019-02-28T19:48:28.394Z,"206 km WSW of Adak, Alaska",earthquake,,9.3,,,reviewed,us,aeic
2006-07-02T18:05:16.262Z,50.9834,-179.3329,13.2,2.4,ml,,,,0.37,ak,ak0068ey3f3e,2019-02-13T04:58:15.167Z,"212 km WSW of Adak, Alaska",earthquake,,3.1,,,reviewed,ak,ak
2006-07-02T18:04:48.363Z,51.0134,-179.2416,12.8,2.1,ml,,,,0.86,ak,ak0068ey39us,2019-02-13T04:58:14.812Z,"205 km WSW of Adak, Alaska",earthquake,,10.2,,,reviewed,ak,ak
2006-07-02T18:00:18.475Z,51.0058,-179.308,6.8,2.7,ml,,,,0.37,ak,ak0068ey2con,2019-02-13T04:57:39.775Z,"Andreanof Islands, Aleutian Islands, Alaska",earthquake,,0.8,,,reviewed,ak,ak
2006-07-02T17:52:00.100Z,38.151,15.129,7.8,3,ml,6,141.9,,,us,usp000emsg,2014-11-07T01:29:34.284Z,"2 km NW of Terme, Italy",earthquake,,,,,reviewed,rom,rom
2006-07-02T17:48:39.213Z,51.0887,-179.3499,13.1,2.8,ml,,,,0.59,ak,ak0068exr91t,2019-02-13T04:57:39.480Z,"207 km WSW of Adak, Alaska",earthquake,,0.8,,,reviewed,ak,ak
2006-07-02T17:47:49.290Z,51.0499,-179.303,7.1,2.3,ml,,,,0.54,ak,ak0068exr241,2019-02-13T04:58:13.357Z,"206 km WSW of Adak, Alaska",earthquake,,3.4,,,reviewed,ak,ak
2006-07-02T17:45:56.690Z,51.099,-179.479,46.1,3.5,ml,12,156.2,,1.16,us,usp000emsf,2019-02-13T04:57:38.659Z,"215 km WSW of Adak, Alaska",earthquake,,11.9,,,reviewed,us,aeic
2006-07-02T17:44:12.805Z,51.0287,-179.2684,10,2.3,ml,,,,0.72,ak,ak0068exqc5c,2019-02-13T04:57:39.091Z,"205 km WSW of Adak, Alaska",earthquake,,3.4,,,reviewed,ak,ak
2006-07-02T17:43:20.640Z,51.0328,-179.2009,10,2.4,ml,,,,0.8,ak,ak0068exq51c,2019-02-13T04:57:38.264Z,"201 km WSW of Adak, Alaska",earthquake,,1.2,,,reviewed,ak,ak
2006-07-02T17:40:17.889Z,51.0332,-179.394,8.9,3.1,ml,,,,0.5,ak,ak0068exphoc,2019-02-13T04:57:37.851Z,"213 km WSW of Adak, Alaska",earthquake,,1.4,,,reviewed,ak,ak
2006-07-02T17:39:04.852Z,51.0915,-179.3017,15.5,2.7,ml,,,,0.61,ak,ak0068exp8yd,2019-02-13T04:57:37.537Z,"204 km WSW of Adak, Alaska",earthquake,,0.4,,,reviewed,ak,ak
2006-07-02T17:37:18.952Z,50.9906,-179.3159,9.2,2,ml,,,,0.43,ak,ak0068exoulz,2019-02-13T04:58:12.610Z,"210 km WSW of Adak, Alaska",earthquake,,5.5,,,reviewed,ak,ak
2006-07-02T17:35:10.053Z,50.9298,-179.1581,13.2,2.8,ml,,,,0.41,ak,ak0068exoehp,2019-02-13T04:58:12.233Z,"204 km WSW of Adak, Alaska",earthquake,,3.7,,,reviewed,ak,ak
2006-07-02T17:34:31.024Z,50.9833,-179.2405,11.9,2,ml,,,,0.5,ak,ak0068exo8e6,2019-02-13T04:58:12.984Z,"206 km WSW of Adak, Alaska",earthquake,,6.6,,,reviewed,ak,ak
2006-07-02T17:32:30.600Z,51.0587,-179.2916,7.6,2.3,ml,,,,0.68,ak,ak0068exnsxg,2019-02-13T04:57:37.137Z,"205 km WSW of Adak, Alaska",earthquake,,1.7,,,reviewed,ak,ak
2006-07-02T17:30:55.925Z,51.007,-179.2039,19,2.3,ml,,,,0.97,ak,ak0068exnfg8,2019-02-13T04:57:36.733Z,"Andreanof Islands, Aleutian Islands, Alaska",earthquake,,1.8,,,reviewed,ak,ak
2006-07-02T17:29:22.800Z,19.3383333,-155.1916667,8.4,2.72,ml,39,78,,0.11,hv,hv5506320,2020-03-31T21:48:02.980Z,"12 km SSE of Volcano, Hawaii",earthquake,0.33,0.33,0.11,9,reviewed,hv,hv
2006-07-02T17:28:54.136Z,51.0101,-179.3519,7.2,2.6,ml,,,,0.4,ak,ak0068exmzvp,2019-02-13T04:58:11.854Z,"211 km WSW of Adak, Alaska",earthquake,,3,,,reviewed,ak,ak
2006-07-02T17:27:47.293Z,51.0033,-179.1498,15.5,2.5,ml,,,,0.72,ak,ak0068exmrmx,2019-02-28T19:48:27.431Z,"199 km WSW of Adak, Alaska",earthquake,,2.3,,,reviewed,ak,ak
2006-07-02T17:27:07.038Z,51.0047,-179.2665,4.8,2.2,ml,,,,0.51,ak,ak0068exmoj3,2019-02-13T04:57:36.327Z,"207 km WSW of Adak, Alaska",earthquake,,1.5,,,reviewed,ak,ak
2006-07-02T17:24:56.468Z,51.0113,-179.3035,5,2.7,ml,,,,0.63,ak,ak0068exm572,2019-02-13T04:58:11.176Z,"208 km WSW of Adak, Alaska",earthquake,,5.2,,,reviewed,ak,ak
2006-07-02T17:20:25.780Z,51.102,-179.357,49.2,5.6,mwc,363,68.5,,0.74,us,usp000emse,2022-05-02T15:32:13.651Z,"Andreanof Islands, Aleutian Islands, Alaska",earthquake,,3.6,,,reviewed,us,hrv
2006-07-02T17:18:39.122Z,51.1269,-179.3295,5,2.2,ml,,,,0.58,ak,ak0068exktk8,2019-02-13T04:57:35.439Z,"204 km WSW of Adak, Alaska",earthquake,,1.1,,,reviewed,ak,ak
2006-07-02T17:18:02.170Z,33.548,71.613,31,4.3,mb,33,96,,0.89,us,usp000emsd,2014-11-07T01:29:34.183Z,"15 km ESE of Kohat, Pakistan",earthquake,,19,,10,reviewed,us,us
2006-07-02T17:16:18.068Z,51.0431,-179.3253,13,2.6,ml,,,,0.61,ak,ak0068exkci6,2019-02-13T04:57:35.069Z,"208 km WSW of Adak, Alaska",earthquake,,1.6,,,reviewed,ak,ak
2006-07-02T17:07:28.049Z,50.8536,-179.1555,7.6,2,ml,,,,0.45,ak,ak0068exiftw,2019-02-13T04:58:09.220Z,"209 km SW of Adak, Alaska",earthquake,,4.6,,,reviewed,ak,ak
2006-07-02T17:06:21.019Z,51.0236,-179.285,6.1,2.2,ml,,,,0.49,ak,ak0068exi7kl,2019-02-13T04:58:10.785Z,"207 km WSW of Adak, Alaska",earthquake,,3.3,,,reviewed,ak,ak
2006-07-02T17:04:30.294Z,50.9806,-179.3467,13.3,2.5,ml,,,,0.44,ak,ak0068exhsut,2019-02-13T04:57:34.694Z,"213 km WSW of Adak, Alaska",earthquake,,4,,,reviewed,ak,ak
2006-07-02T17:01:55.618Z,51.0227,-179.2732,9.4,3.3,ml,,,,0.41,ak,ak0068exh7nt,2019-02-13T04:58:08.811Z,"206 km WSW of Adak, Alaska",earthquake,,2.7,,,reviewed,ak,ak
2006-07-02T17:00:55.066Z,50.9854,-179.2942,7.4,4.1,ml,,,,0.59,ak,ak0068exgzwi,2019-02-13T04:58:08.382Z,"209 km WSW of Adak, Alaska",earthquake,,3.5,,,reviewed,ak,ak
2006-07-02T16:58:00.860Z,51.188,-179.387,46.1,5.5,mwb,358,98,,0.79,us,usp000emsc,2022-05-02T15:32:12.013Z,"Andreanof Islands, Aleutian Islands, Alaska",earthquake,,4,,,reviewed,us,us
2006-07-02T16:47:20.200Z,19.352,-155.2168333,26.828,2.29,ml,41,58,,0.1,hv,hv5506317,2020-03-31T21:48:02.790Z,"10 km S of Volcano, Hawaii",earthquake,0.5,0.61,0.19,10,reviewed,hv,hv
2006-07-02T16:39:05.900Z,-27.924,-71.264,36.6,2.9,ml,5,214.7,,,us,usp000emsb,2014-11-07T01:29:34.076Z,"87 km NW of Vallenar, Chile",earthquake,,,,,reviewed,guc,guc
2006-07-02T16:24:49.980Z,-0.122,125.757,25,4.2,mb,12,172.9,,1.02,us,usp000emsa,2014-11-07T01:29:34.073Z,"183 km SSE of Tondano, Indonesia",earthquake,,0,,2,reviewed,us,us
2006-07-02T16:01:41.651Z,62.3998,-148.9985,1,2.1,ml,,,,0.79,ak,ak0068ewvqz9,2019-02-13T04:57:33.410Z,"51 km ENE of Susitna North, Alaska",earthquake,,0,,,reviewed,ak,ak
2006-07-02T15:58:28.570Z,-5.14,151.454,92.7,4,mb,9,293.8,,0.99,us,usp000ems9,2014-11-07T01:29:34.069Z,"126 km SW of Kokopo, Papua New Guinea",earthquake,,29.7,,3,reviewed,us,us
2006-07-02T15:55:59.520Z,46.132,149.295,20,4.1,mb,14,159.6,,0.82,us,usp000ems8,2014-11-07T01:29:34.065Z,"Kuril Islands",earthquake,,0,,4,reviewed,us,us
2006-07-02T15:50:05.100Z,40.38,19.74,5,3.4,md,4,275.9,,,us,usp000ems7,2014-11-07T01:29:34.062Z,"18 km SSE of Selenicë, Albania",earthquake,,,,,reviewed,ath,ath
2006-07-02T15:31:10.790Z,52.0232,177.2246,5.5,2.4,ml,,,,0.8,ak,ak0068ewgoh3,2019-02-28T19:48:25.542Z,"Rat Islands, Aleutian Islands, Alaska",earthquake,,0.5,,,reviewed,ak,ak
2006-07-02T15:13:50.970Z,52.0004,177.2198,12.6,2.4,ml,,,,0.53,ak,ak0068ewcwop,2019-02-13T04:57:33.120Z,"290 km ESE of Attu Station, Alaska",earthquake,,4.2,,,reviewed,ak,ak
2006-07-02T15:13:18.260Z,63.6472,-151.9228,8.6,2.5,ml,,,,0.71,ak,ak0068ewcu5u,2019-02-13T04:57:32.700Z,"15 km NW of Denali National Park, Alaska",earthquake,,0.2,,,reviewed,ak,ak
2006-07-02T15:10:31.433Z,52.2043,177.3588,1,2.7,ml,,,,0.9,ak,ak0068ewc813,2019-02-13T04:58:00.546Z,"292 km ESE of Attu Station, Alaska",earthquake,,0,,,reviewed,ak,ak
2006-07-02T14:52:26.696Z,51.0149,-179.2344,16.3,2.4,ml,,,,0.52,ak,ak0068evzs4t,2019-02-13T04:57:32.278Z,"204 km WSW of Adak, Alaska",earthquake,,0.7,,,reviewed,ak,ak
2006-07-02T14:38:59.510Z,50.532,-179.529,10,3.3,ml,5,237.4,,1.4,us,usp000ems6,2019-02-13T04:57:31.835Z,"251 km SW of Adak, Alaska",earthquake,,,,,reviewed,us,aeic
2006-07-02T14:38:15.170Z,36.7493333,-121.4465,7.048,2.77,md,78,34,0.01441,0.12,nc,nc21525524,2017-01-14T22:50:07.960Z,"10 km SW of Ridgemark, California",earthquake,0.14,0.28,0.12,100,reviewed,nc,nc
2006-07-02T14:37:36.780Z,52.815,7.822,5,3,ml,26,172.6,,0.61,us,usp000ems4,2014-11-07T01:29:34.044Z,"3 km NW of Lastrup, Germany",earthquake,,,,,reviewed,us,ldg
2006-07-02T14:34:14.425Z,51.4551,-175.5923,47.3,2,ml,,,,0.54,ak,ak0068evvwaq,2019-02-13T04:58:32.322Z,"85 km ESE of Adak, Alaska",earthquake,,0.7,,,reviewed,ak,ak
2006-07-02T14:28:58.487Z,52.1217,177.2733,5.2,2.7,ml,,,,0.64,ak,ak0068evupeg,2019-02-13T04:57:31.415Z,"289 km ESE of Attu Station, Alaska",earthquake,,4.4,,,reviewed,ak,ak
2006-07-02T14:26:12.381Z,51.878,177.0173,13.2,2.3,ml,,,,0.35,ak,ak0068evu6eu,2019-02-13T04:58:31.976Z,"282 km ESE of Attu Station, Alaska",earthquake,,2.8,,,reviewed,ak,ak
2006-07-02T14:12:03.649Z,52.0355,177.1419,5,2,ml,,,,0.64,ak,ak0068evr5po,2019-02-13T04:58:00.186Z,"Rat Islands, Aleutian Islands, Alaska",earthquake,,1,,,reviewed,ak,ak
2006-07-02T14:08:31.019Z,52.025,177.151,13.3,2.3,ml,,,,0.5,ak,ak0068evqcyl,2019-02-13T04:57:59.830Z,"284 km ESE of Attu Station, Alaska",earthquake,,1.6,,,reviewed,ak,ak
2006-07-02T14:03:43.040Z,48.548,8.276,5,2.6,ml,47,52.2,,1.31,us,usp000ems3,2014-11-07T01:29:34.022Z,"6 km S of Biberach, Germany",earthquake,,,,,reviewed,us,ldg
2006-07-02T13:57:30.284Z,51.052,-179.287,10,2.6,ml,,,,0.54,ak,ak0068evffdw,2019-02-13T04:57:31.055Z,"205 km WSW of Adak, Alaska",earthquake,,0,,,reviewed,ak,ak
2006-07-02T13:53:13.748Z,60.0262,-152.9692,118.5,2,ml,,,,0.46,ak,ak0068evej8u,2019-02-13T04:58:31.594Z,"68 km ENE of Pedro Bay, Alaska",earthquake,,0.3,,,reviewed,ak,ak
2006-07-02T13:45:16.611Z,66.6304,-147.3689,10.5,2,ml,,,,1.03,ak,ak0068evctql,2019-02-13T04:58:31.242Z,"30 km N of Beaver, Alaska",earthquake,,0.9,,,reviewed,ak,ak
2006-07-02T13:40:12.010Z,20.832,-66.641,124.3,3.9,md,8,330.1,,,us,usp000ems2,2014-11-07T01:29:34.018Z,"260 km N of Hatillo, Puerto Rico",earthquake,,,,,reviewed,rspr,rspr
2006-07-02T13:29:38.181Z,52.0157,177.1053,13.7,2.2,ml,,,,0.41,ak,ak0068ev9fy2,2019-02-13T04:57:59.108Z,"282 km ESE of Attu Station, Alaska",earthquake,,4.5,,,reviewed,ak,ak
2006-07-02T13:25:48.200Z,38.47,23.51,20,2.7,ml,6,161.2,,,us,usp000ems0,2014-11-07T01:29:34.011Z,"3 km WSW of Dhrosiá, Greece",earthquake,,,,,reviewed,ath,ath
2006-07-02T13:11:23.178Z,51.0044,-179.3053,5.9,2.8,ml,,,,0.59,ak,ak0068ev5jwd,2019-02-13T04:57:30.754Z,"209 km WSW of Adak, Alaska",earthquake,,1,,,reviewed,ak,ak
2006-07-02T13:05:26.489Z,51.0722,-179.3362,6.3,2,ml,,,,0.64,ak,ak0068ev49uw,2019-02-13T04:58:05.667Z,"207 km WSW of Adak, Alaska",earthquake,,2.9,,,reviewed,ak,ak
2006-07-02T13:04:47.001Z,58.9459,-152.4312,55.9,2.3,ml,,,,0.59,ak,ak0068ev43q4,2019-02-13T04:57:29.975Z,"54 km SSW of Nanwalek, Alaska",earthquake,,0.3,,,reviewed,ak,ak
2006-07-02T12:57:22.741Z,51.0391,-179.2789,7.2,3,ml,,,,0.45,ak,ak0068eutz76,2019-02-13T04:57:29.594Z,"205 km WSW of Adak, Alaska",earthquake,,0.6,,,reviewed,ak,ak
2006-07-02T12:52:55.900Z,47.271,-0.728,5,2.6,ml,20,72.9,,,us,usp000emrz,2014-11-07T01:29:33.998Z,"0 km S of La Jumellière, France",earthquake,,,,,reviewed,ldg,ldg
2006-07-02T12:47:58.790Z,36.677,-89.5306667,12.01,2.4,md,37,63,,0.07,nm,nm606072,2016-04-08T18:48:38.710Z,"10 km N of New Madrid, Missouri",earthquake,0.3,0.5,0.133,10,reviewed,nm,nm
2006-07-02T12:42:57.708Z,51.0147,-179.2377,7.5,2.6,ml,,,,0.51,ak,ak0068euqu5m,2019-02-13T04:57:29.216Z,"204 km WSW of Adak, Alaska",earthquake,,1.2,,,reviewed,ak,ak
2006-07-02T12:38:23.080Z,51.0288,-179.2663,10.5,2,ml,,,,0.55,ak,ak0068eupwmc,2019-02-13T04:58:04.856Z,"205 km WSW of Adak, Alaska",earthquake,,4,,,reviewed,ak,ak
2006-07-02T12:36:17.900Z,-29.452,-71.712,43.8,3.7,m,7,220.8,,,us,usp000emry,2014-11-07T01:29:33.993Z,"66 km NNW of Coquimbo, Chile",earthquake,,,,,reviewed,guc,guc
2006-07-02T12:32:18.078Z,51.0687,-179.3292,4.9,2.7,ml,,,,0.49,ak,ak0068euolxr,2019-02-13T04:57:28.471Z,"207 km WSW of Adak, Alaska",earthquake,,0.8,,,reviewed,ak,ak
2006-07-02T12:29:12.980Z,51.149,-179.426,49,4.6,mb,124,130,,0.87,us,usp000emrx,2019-02-13T04:57:28.056Z,"209 km WSW of Adak, Alaska",earthquake,,5.5,,63,reviewed,us,us
2006-07-02T12:18:12.556Z,51.5201,-173.1436,10,2.9,ml,,,,0.47,ak,ak0068eullhj,2019-02-13T04:58:30.586Z,"Andreanof Islands, Aleutian Islands, Alaska",earthquake,,0,,,reviewed,ak,ak
2006-07-02T12:14:57.550Z,-56.372,-27.325,112.5,4.7,mb,44,68.4,,0.7,us,usp000emrw,2014-11-07T01:29:33.952Z,"South Sandwich Islands region",earthquake,,9.5,,13,reviewed,us,us
2006-07-02T12:12:05.400Z,51.0245,-179.2675,11.4,2.5,ml,,,,0.35,ak,ak0068eukan0,2019-02-28T19:48:24.497Z,"206 km WSW of Adak, Alaska",earthquake,,1.9,,,reviewed,ak,ak
2006-07-02T12:08:49.990Z,51.037,-179.38,49.4,4.3,mb,56,139.8,,0.82,us,usp000emrv,2019-02-13T04:57:27.268Z,"212 km WSW of Adak, Alaska",earthquake,,6.8,,21,reviewed,us,us
2006-07-02T11:37:53.976Z,51.4538,-175.9492,17,2.1,ml,,,,0.26,ak,ak0068eu4bol,2019-02-13T04:58:30.217Z,"66 km SE of Adak, Alaska",earthquake,,0.2,,,reviewed,ak,ak
2006-07-02T11:15:22.085Z,52.085,177.209,12.6,2.2,ml,,,,0.39,ak,ak0068etzjgw,2019-02-13T04:57:59.470Z,"286 km ESE of Attu Station, Alaska",earthquake,,9.6,,,reviewed,ak,ak
2006-07-02T11:13:47.500Z,38.08,21.93,77,3.5,m,19,86.5,,,us,usp000emru,2014-11-07T01:29:33.930Z,"13 km ESE of Chalandrítsa, Greece",earthquake,,,,,reviewed,ath,ath
2006-07-02T10:59:42.354Z,51.877,177.057,6.5,2.6,ml,,,,0.74,ak,ak0068etnkxn,2019-02-13T04:57:26.607Z,"284 km ESE of Attu Station, Alaska",earthquake,,0.4,,,reviewed,ak,ak
2006-07-02T10:38:58.370Z,36.3183333,-121.5036667,15.943,2.05,md,34,93,0.05225,0.16,nc,nc21525504,2017-01-14T22:48:14.960Z,"19 km SW of Soledad, California",earthquake,0.41,0.85,0.13,33,reviewed,nc,nc
2006-07-02T10:35:03.005Z,51.9648,177.2221,0.5,2.2,ml,,,,0.36,ak,ak0068eticpo,2019-02-13T04:57:58.004Z,"291 km ESE of Attu Station, Alaska",earthquake,,0.2,,,reviewed,ak,ak
2006-07-02T10:05:59.064Z,61.5977,-150.0052,46.2,2.1,ml,,,,0.43,ak,ak0068etc1k2,2019-02-13T04:57:26.179Z,"8 km NNW of Big Lake, Alaska",earthquake,,0.1,,,reviewed,ak,ak
2006-07-02T09:56:07.540Z,-5.98,149.321,105.5,4.5,mb,16,166,,1.07,us,usp000emrt,2014-11-07T01:29:33.924Z,"35 km NW of Kandrian, Papua New Guinea",earthquake,,19.5,,7,reviewed,us,us
2006-07-02T09:52:49.551Z,51.0287,-179.1909,10,2.5,ml,,,,0.59,ak,ak0068et0nvf,2019-02-13T04:57:25.772Z,"201 km WSW of Adak, Alaska",earthquake,,1,,,reviewed,ak,ak
2006-07-02T09:46:59.591Z,58.5523,-150.472,40.6,2.2,ml,,,,0.47,ak,ak0068eszecn,2019-02-13T04:58:29.094Z,"118 km SE of Port Graham, Alaska",earthquake,,1.9,,,reviewed,ak,ak
2006-07-02T09:28:12.465Z,52.0027,177.2191,13.3,2.2,ml,,,,0.41,ak,ak0068esvftq,2019-02-13T04:57:57.632Z,"289 km ESE of Attu Station, Alaska",earthquake,,4.5,,,reviewed,ak,ak
2006-07-02T08:43:03.285Z,52.0195,177.1938,13.7,2.6,ml,,,,0.74,ak,ak0068esd794,2019-02-13T04:57:25.397Z,"287 km ESE of Attu Station, Alaska",earthquake,,5.2,,,reviewed,ak,ak
2006-07-02T08:32:52.221Z,52.0738,177.1996,9.8,2.2,ml,,,,0.52,ak,ak0068esay5i,2019-02-13T04:57:57.264Z,"285 km ESE of Attu Station, Alaska",earthquake,,2.6,,,reviewed,ak,ak
2006-07-02T08:20:48.946Z,51.9492,-174.4138,67.9,2.5,ml,,,,0.26,ak,ak0068es8db2,2019-02-13T04:58:28.356Z,"31 km SSW of Atka, Alaska",earthquake,,2.4,,,reviewed,ak,ak
2006-07-02T08:17:16.425Z,51.0804,-179.2822,8.1,2,ml,,,,0.56,ak,ak0068es7nne,2019-02-13T04:58:03.370Z,"204 km WSW of Adak, Alaska",earthquake,,4.2,,,reviewed,ak,ak
2006-07-02T08:16:07.900Z,38.7993333,-122.8003333,-0.202,2.29,md,40,33,0.00991,0.07,nc,nc21525486,2017-01-14T22:47:09.170Z,"7 km WSW of Cobb, California",earthquake,0.14,0.25,0.14,25,reviewed,nc,nc
2006-07-02T08:15:24.079Z,51.9797,177.2801,0.8,2.3,ml,,,,0.66,ak,ak0068es78t3,2019-02-13T04:57:58.741Z,"294 km ESE of Attu Station, Alaska",earthquake,,0.1,,,reviewed,ak,ak
2006-07-02T08:05:22.196Z,51.97,177.2517,5.1,2.5,ml,,,,0.65,ak,ak0068es53i3,2019-02-13T04:57:58.372Z,"293 km ESE of Attu Station, Alaska",earthquake,,10.6,,,reviewed,ak,ak
2006-07-02T07:57:37.630Z,41.916,20.828,10,2.8,md,8,315.6,,,us,usp000emrs,2014-11-07T01:29:33.919Z,"6 km NW of Negotino, North Macedonia",earthquake,,,,,reviewed,pdg,pdg
2006-07-02T07:48:25.620Z,38.8001667,-122.7993333,-0.705,2.11,md,37,34,0.008108,0.06,nc,nc21525478,2017-01-14T22:46:33.300Z,"7 km WSW of Cobb, California",earthquake,0.12,0.4,0.09,16,reviewed,nc,nc
2006-07-02T07:45:21.130Z,29.322,129.205,10,4.4,mb,17,127,,0.98,us,usp000emrr,2014-11-07T01:29:33.913Z,"109 km NNW of Naze, Japan",earthquake,,0,,6,reviewed,us,us
2006-07-02T07:44:13.859Z,63.2214,-145.1298,7.4,2.4,ml,,,,0.71,ak,ak0068ers06h,2019-02-13T04:57:24.994Z,"28 km ENE of Paxson, Alaska",earthquake,,0.2,,,reviewed,ak,ak
2006-07-02T07:28:50.800Z,-37.2,177.36,164,4.9,mwc,76,132.5,,,us,usp000emrq,2016-11-10T01:24:56.330Z,"90 km N of Opotiki, New Zealand",earthquake,,,,,reviewed,wel,hrv
2006-07-02T07:27:27.514Z,52.4328,-174.1483,239.8,3.2,ml,,,,0.7,ak,ak0068eroe27,2019-02-13T04:58:27.180Z,"26 km N of Atka, Alaska",earthquake,,0.5,,,reviewed,ak,ak
2006-07-02T07:18:25.340Z,-13.374,-21.189,10,4.6,mb,97,62.3,,0.68,us,usp000emrp,2014-11-07T01:29:33.870Z,"South Atlantic Ocean",earthquake,,,,56,reviewed,us,us
2006-07-02T07:00:42.110Z,18.257,-67.493,20.5,2.9,md,6,324.9,,,us,usp000emrn,2014-11-07T01:29:33.866Z,"26 km WSW of Stella, Puerto Rico",earthquake,,,,,reviewed,rspr,rspr
2006-07-02T06:57:39.260Z,19.2585,-155.0531667,47.218,2.56,ml,29,245,,0.1,hv,hv5506283,2020-03-31T21:48:02.230Z,"24 km SSE of Fern Forest, Hawaii",earthquake,1.3,0.75,0.23,9,reviewed,hv,hv
2006-07-02T06:55:30.600Z,36.1,28.13,20,4.2,mb,170,66.8,,,us,usp000emrm,2014-11-07T01:29:33.820Z,"10 km E of Lárdos, Greece",earthquake,,,,78,reviewed,ath,us
2006-07-02T06:28:57.878Z,62.9121,-148.8681,10.3,2.1,ml,,,,0.56,ak,ak0068er38ij,2019-02-13T04:57:24.592Z,"53 km S of Cantwell, Alaska",earthquake,,0,,,reviewed,ak,ak
2006-07-02T06:18:40.900Z,37.76,20.89,22,3.2,md,4,205.7,,,us,usp000emrk,2014-11-07T01:29:33.817Z,"1 km E of Ambelókipoi, Greece",earthquake,,,,,reviewed,ath,ath
2006-07-02T06:17:29.700Z,37.56,20.94,12,3,md,4,220.4,,,us,usp000emrj,2014-11-07T01:29:33.814Z,"20 km SSE of Lithakiá, Greece",earthquake,,,,,reviewed,ath,ath
2006-07-02T06:17:02.420Z,19.3888333,-155.2775,1.779,2.19,ml,29,44,,0.11,hv,hv5506278,2020-03-31T21:48:02.070Z,"7 km SW of Volcano, Hawaii",earthquake,0.27,0.18,0.2,7,reviewed,hv,hv
2006-07-02T06:04:14.766Z,58.6369,-153.3081,62.6,3.1,ml,,,,0.57,ak,ak0068eqy004,2019-02-13T04:57:24.115Z,"68 km NNW of Aleneva, Alaska",earthquake,,0.1,,,reviewed,ak,ak
2006-07-02T05:49:12.000Z,15.937,-92.868,199.1,4.1,mb,28,125.8,,,us,usp000emrg,2014-11-07T01:29:33.801Z,"5 km SSW of La Tigrilla, Mexico",earthquake,,,,14,reviewed,unm,us
2006-07-02T05:19:50.660Z,39.8466667,-122.0633333,17.129,2.55,md,39,44,0.2225,0.2,nc,nc21525470,2017-01-14T22:45:40.260Z,"9 km S of Vina, California",earthquake,0.33,0.79,0.13,37,reviewed,nc,nc
2006-07-02T05:19:49.365Z,52.0755,177.1833,8.3,2.3,ml,,,,0.28,ak,ak0068eqfut4,2019-02-13T04:57:56.888Z,"284 km ESE of Attu Station, Alaska",earthquake,,8.6,,,reviewed,ak,ak
2006-07-02T05:17:18.140Z,31.916,143.559,10,4,mb,8,233.1,,1.17,us,usp000emrf,2014-11-07T01:29:33.797Z,"Izu Islands, Japan region",earthquake,,0,,1,reviewed,us,us
2006-07-02T05:15:38.400Z,38.73,23.46,4,2.7,md,4,172.5,,,us,usp000emre,2014-11-07T01:29:33.794Z,"2 km W of Prokópi, Greece",earthquake,,,,,reviewed,ath,ath
2006-07-02T05:11:58.290Z,52.0144,177.1563,13.7,2.5,ml,,,,0.45,ak,ak0068eqe5rp,2019-02-13T04:57:23.821Z,"285 km ESE of Attu Station, Alaska",earthquake,,0.4,,,reviewed,ak,ak
2006-07-02T04:53:59.334Z,51.9117,177.0319,8.1,2.2,ml,,,,0.64,ak,ak0068eq1qbh,2019-02-13T04:57:56.510Z,"281 km ESE of Attu Station, Alaska",earthquake,,8.1,,,reviewed,ak,ak
2006-07-02T04:51:14.088Z,52.1224,177.2227,71,2.6,ml,,,,0.47,ak,ak0068eq17e8,2019-02-13T04:57:23.430Z,"285 km ESE of Attu Station, Alaska",earthquake,,27.5,,,reviewed,ak,ak
2006-07-02T04:32:30.391Z,52.0046,177.1346,10.4,2.1,ml,,,,0.33,ak,ak0068epx61r,2019-02-13T04:57:56.128Z,"284 km ESE of Attu Station, Alaska",earthquake,,8.5,,,reviewed,ak,ak
2006-07-02T04:31:10.496Z,52.0364,177.1166,5,2.3,ml,,,,0.95,ak,ak0068epwwsp,2019-02-13T04:57:55.746Z,"282 km ESE of Attu Station, Alaska",earthquake,,0.5,,,reviewed,ak,ak
2006-07-02T04:28:41.390Z,52.1432,177.1413,7.2,2.8,ml,,,,0.6,ak,ak0068epwc17,2019-02-13T04:57:23.032Z,"279 km ESE of Attu Station, Alaska",earthquake,,4.7,,,reviewed,ak,ak
2006-07-02T04:17:51.560Z,60.144,59.919,7.9,4.1,mb,16,106.8,,0.85,us,usp000emrd,2014-11-07T01:29:33.786Z,"2 km WSW of Severoural’sk, Russia",earthquake,,41.1,,2,reviewed,us,us
2006-07-02T04:10:52.316Z,52.0653,177.1333,4.8,2.8,ml,,,,0.62,ak,ak0068epshzj,2019-02-13T04:57:22.636Z,"282 km ESE of Attu Station, Alaska",earthquake,,3,,,reviewed,ak,ak
2006-07-02T04:06:21.594Z,51.9762,177.2106,1.5,2.3,ml,,,,0.4,ak,ak0068eprkr3,2019-02-13T04:57:55.370Z,"290 km ESE of Attu Station, Alaska",earthquake,,0.2,,,reviewed,ak,ak
2006-07-02T04:04:08.194Z,51.9446,177.0472,13.3,3.1,ml,,,,0.34,ak,ak0068epr4ab,2019-02-13T04:57:22.240Z,"Rat Islands, Aleutian Islands, Alaska",earthquake,,1.6,,,reviewed,ak,ak
2006-07-02T04:01:06.527Z,52.0988,177.1817,13,3,ml,,,,0.44,ak,ak0068epqh0c,2019-02-13T04:57:54.996Z,"283 km ESE of Attu Station, Alaska",earthquake,,4.1,,,reviewed,ak,ak
2006-07-02T03:54:45.760Z,-23.723,-179.822,496.8,4.6,mb,33,140.7,,1.05,us,usp000emrc,2014-11-07T01:29:33.775Z,"south of the Fiji Islands",earthquake,,14.6,,13,reviewed,us,us
2006-07-02T03:53:56.490Z,51.713,176.93,8.6,5.8,mwb,423,29.7,,,us,usp000emrb,2022-05-02T15:32:05.738Z,"284 km ESE of Attu Station, Alaska",earthquake,,,,,reviewed,aeic,us
2006-07-02T03:45:54.600Z,16.326,-98.431,10,4.1,md,13,188.1,,,us,usp000emra,2014-11-07T01:29:33.665Z,"2 km SE of Santiago Tepextla, Mexico",earthquake,,,,,reviewed,unm,unm
2006-07-02T03:16:11.418Z,57.5646,-154.8318,70.4,2.3,ml,,,,0.22,ak,ak0068ep89it,2019-02-13T04:57:54.241Z,"22 km W of Karluk, Alaska",earthquake,,0.3,,,reviewed,ak,ak
2006-07-02T03:15:37.536Z,51.1091,-179.2262,9.7,2.4,ml,,,,0.76,ak,ak0068ep83tl,2019-02-13T04:57:53.834Z,"199 km WSW of Adak, Alaska",earthquake,,0.2,,,reviewed,ak,ak
2006-07-02T03:10:30.713Z,53.5941,-165.3298,20.3,2.5,ml,,,,0.4,ak,ak0068ep70pr,2019-02-13T04:57:21.378Z,"66 km SSE of Akutan, Alaska",earthquake,,0.1,,,reviewed,ak,ak
2006-07-02T03:08:41.686Z,51.4741,-177.1244,50.4,2.2,ml,,,,0.21,ak,ak0068ep6m4o,2019-02-13T04:57:20.995Z,"55 km SW of Adak, Alaska",earthquake,,0.2,,,reviewed,ak,ak
2006-07-02T02:57:44.970Z,-20.486,-176.418,120.9,5,mwc,74,84.9,,0.98,us,usp000emr9,2016-11-10T01:24:55.313Z,"145 km WNW of Haveluloto, Tonga",earthquake,,33.8,,,reviewed,us,hrv
2006-07-02T02:46:20.120Z,2.46,95.764,30,4,mb,8,218.2,,0.49,us,usp000emr8,2014-11-07T01:29:33.617Z,"68 km W of Sinabang, Indonesia",earthquake,,,,1,reviewed,us,us
2006-07-02T02:37:47.681Z,50.9876,-179.3089,7.1,2.1,ml,,,,0.42,ak,ak0068eorer4,2019-02-13T04:57:20.582Z,"210 km WSW of Adak, Alaska",earthquake,,0.5,,,reviewed,ak,ak
2006-07-02T02:09:13.350Z,1.836,97.612,30,3.9,mb,9,199.7,,0.69,us,usp000emr7,2014-11-07T01:29:33.612Z,"53 km SSW of Singkil, Indonesia",earthquake,,,,1,reviewed,us,us
2006-07-02T02:06:49.405Z,51.5928,-175.2144,31.5,2.6,ml,,,,0.21,ak,ak0068eokros,2019-02-13T04:57:19.777Z,"96 km SW of Atka, Alaska",earthquake,,1.2,,,reviewed,ak,ak
2006-07-02T01:43:26.650Z,36.475,-121.046,1.724,2.61,md,56,57,0.04234,0.08,nc,nc21525454,2017-01-14T22:44:47.690Z,"24 km NE of Greenfield, California",earthquake,0.14,0.34,0.15,62,reviewed,nc,nc
2006-07-02T01:32:29.519Z,51.104,-179.3065,4.8,3.3,ml,,,,0.47,ak,ak0068eo4v5z,2019-02-13T04:57:19.352Z,"204 km WSW of Adak, Alaska",earthquake,,1.3,,,reviewed,ak,ak
2006-07-02T01:24:12.500Z,-29.32,-71.544,47.4,3.5,m,5,236,,,us,usp000emr6,2014-11-07T01:29:33.608Z,"70 km NNW of La Serena, Chile",earthquake,,,,,reviewed,guc,guc
2006-07-02T01:01:53.790Z,19.248,-155.0216667,43.002,2.27,ml,35,222,,0.1,hv,hv5506237,2020-03-31T21:47:17.030Z,"26 km SSW of Leilani Estates, Hawaii",earthquake,0.98,0.81,0.19,10,reviewed,hv,hv
2006-07-02T00:45:04.982Z,59.7987,-153.4349,122.5,2,ml,,,,0.51,ak,ak0068enm5z6,2019-02-13T04:58:24.435Z,"37 km E of Pedro Bay, Alaska",earthquake,,0.7,,,reviewed,ak,ak
2006-07-02T00:35:54.330Z,-6.034,147.728,35,4.5,mb,25,126.7,,0.88,us,usp000emr5,2014-11-07T01:29:33.600Z,"59 km NNW of Finschhafen, Papua New Guinea",earthquake,,,,9,reviewed,us,us
2006-07-02T00:09:54.810Z,-2.957,127.626,97.4,3.8,mb,12,141.1,,1.17,us,usp000emr4,2014-11-07T01:29:33.593Z,"102 km NW of Ambon, Indonesia",earthquake,,28.9,,3,reviewed,us,us
2006-07-02T00:07:22.730Z,19.254,-68.949,14.8,3.8,md,9,342.8,,,us,usp000emr3,2014-11-07T01:29:33.587Z,"31 km NNE of Miches, Dominican Republic",earthquake,,,,,reviewed,rspr,rspr
2006-07-02T00:06:36.315Z,51.0685,-179.2624,3.6,2,ml,,,,0.47,ak,ak0068endvgv,2019-02-13T04:57:50.701Z,"203 km WSW of Adak, Alaska",earthquake,,0.5,,,reviewed,ak,ak
2006-07-01T23:46:26.711Z,51.0047,-179.2053,4.1,2.4,ml,,,,0.75,ak,ak0068dds1sf,2019-02-13T04:56:54.874Z,"203 km WSW of Adak, Alaska",earthquake,,0.3,,,reviewed,ak,ak
2006-07-01T23:45:46.868Z,51.9979,177.3064,3.2,2,ml,,,,0.73,ak,ak0068ddrvmm,2019-02-13T04:57:01.855Z,"295 km ESE of Attu Station, Alaska",earthquake,,0,,,reviewed,ak,ak
2006-07-01T23:41:48.369Z,59.5548,-152.8398,90.5,3,ml,,,,0.61,ak,ak0068ddr0vo,2019-02-13T04:56:54.325Z,"56 km WNW of Nanwalek, Alaska",earthquake,,0.1,,,reviewed,ak,ak
2006-07-01T23:37:40.085Z,51.016,-179.2845,6.8,2.6,ml,,,,0.52,ak,ak0068ddq5dk,2019-02-13T04:56:53.906Z,"207 km WSW of Adak, Alaska",earthquake,,1.1,,,reviewed,ak,ak
2006-07-01T23:34:53.545Z,52.0026,177.1838,11.9,2.1,ml,,,,0.47,ak,ak0068ddpj9m,2019-02-13T04:56:55.280Z,"287 km ESE of Attu Station, Alaska",earthquake,,1.1,,,reviewed,ak,ak
2006-07-01T23:29:18.000Z,17.396,-101.385,11.4,3.9,md,6,230.5,,,us,usp000emr1,2014-11-07T01:29:33.576Z,"18 km SSW of Palos Blancos, Mexico",earthquake,,,,,reviewed,unm,unm
2006-07-01T23:24:08.401Z,51.0026,-179.2917,13.3,2.9,ml,,,,0.52,ak,ak0068ddnamg,2019-02-13T04:56:53.485Z,"Andreanof Islands, Aleutian Islands, Alaska",earthquake,,0.3,,,reviewed,ak,ak
2006-07-01T23:20:19.153Z,52.0258,177.3357,4.8,2.3,ml,,,,1.04,ak,ak0068ddmgl7,2019-02-13T04:57:01.445Z,"296 km ESE of Attu Station, Alaska",earthquake,,0.2,,,reviewed,ak,ak
2006-07-01T23:15:25.290Z,51.0185,-179.3233,11.7,2,ml,,,,0.41,ak,ak0068ddlehd,2019-02-13T04:56:53.080Z,"209 km WSW of Adak, Alaska",earthquake,,1,,,reviewed,ak,ak
2006-07-01T23:15:10.150Z,0.85,126.919,56.3,5.5,mwc,96,54.4,,0.83,us,usp000emr0,2022-05-02T15:32:04.523Z,"52 km W of Ternate, Indonesia",earthquake,,6.6,,,reviewed,us,hrv
2006-07-01T23:10:17.340Z,51.45,-179.251,18.8,4.3,mb,34,194,,0.39,us,usp000emqz,2019-02-13T04:57:10.725Z,"187 km WSW of Adak, Alaska",earthquake,,12,,9,reviewed,us,us
2006-07-01T23:09:03.280Z,50.968,-179.291,4.6,3.4,ml,18,105.3,,,us,usp000emqy,2019-02-13T04:56:52.663Z,"210 km WSW of Adak, Alaska",earthquake,,,,,reviewed,aeic,aeic
2006-07-01T22:57:06.010Z,50.982,-179.318,10,4.6,mb,109,,,,us,usp000emqx,2019-02-13T04:56:52.226Z,"211 km WSW of Adak, Alaska",earthquake,,,,47,reviewed,aeic,us
2006-07-01T22:54:30.847Z,51.0326,-179.277,4.1,3.3,ml,,,,0.7,ak,ak0068dd8c8c,2019-02-13T04:56:51.795Z,"206 km WSW of Adak, Alaska",earthquake,,0.3,,,reviewed,ak,ak
2006-07-01T22:48:45.790Z,43.987,-29.295,10,4.3,mb,34,272.1,,0.73,us,usp000emqw,2014-11-07T01:29:33.485Z,"northern Mid-Atlantic Ridge",earthquake,,0,,15,reviewed,us,us
2006-07-01T22:41:49.990Z,38.7505,-122.7285,0.22,2.26,md,24,97,0.02523,0.16,nc,nc21525434,2017-01-14T22:44:03.330Z,"7 km S of Cobb, California",earthquake,0.33,0.66,0.14,25,reviewed,nc,nc
2006-07-01T22:39:09.522Z,50.8833,-179.2815,20.3,2.2,ml,,,,0.82,ak,ak0068dd52ug,2019-02-13T04:56:51.418Z,"214 km WSW of Adak, Alaska",earthquake,,2.6,,,reviewed,ak,ak
2006-07-01T22:36:23.800Z,43.76,3.1,5,2.7,ml,52,83.2,,,us,usp000emqu,2014-11-07T01:29:33.455Z,"9 km NW of Le Bousquet-d'Orb, France",earthquake,,,,,reviewed,str,ldg
2006-07-01T22:13:10.614Z,50.9744,-179.242,6.8,2.1,ml,,,,0.77,ak,ak0068dczib9,2019-02-13T04:56:51.009Z,"207 km WSW of Adak, Alaska",earthquake,,1.1,,,reviewed,ak,ak
2006-07-01T22:05:51.806Z,51.026,-179.1954,16,2.3,ml,,,,0.72,ak,ak0068dcxvrg,2019-02-13T04:56:50.623Z,"201 km WSW of Adak, Alaska",earthquake,,0.7,,,reviewed,ak,ak
2006-07-01T21:56:31.456Z,51.0396,-179.2188,9.6,2.2,ml,,,,0.82,ak,ak0068dcnc3t,2019-02-13T04:57:08.375Z,"202 km WSW of Adak, Alaska",earthquake,,7.8,,,reviewed,ak,ak
2006-07-01T21:53:19.900Z,50.994,-179.241,4.6,4.5,mb,101,130.2,,,us,usp000emqt,2019-02-13T04:56:50.144Z,"206 km WSW of Adak, Alaska",earthquake,,,,45,reviewed,aeic,us
2006-07-01T21:50:42.130Z,51.0331,-179.2772,4.8,3,ml,,,,0.52,ak,ak0068dcm2mt,2019-02-13T04:56:49.710Z,"206 km WSW of Adak, Alaska",earthquake,,0.6,,,reviewed,ak,ak
2006-07-01T21:43:38.414Z,52.1051,177.1265,12.9,2.1,ml,,,,0.69,ak,ak0068dckkc1,2019-02-13T04:57:00.264Z,"280 km ESE of Attu Station, Alaska",earthquake,,10.3,,,reviewed,ak,ak
2006-07-01T21:42:34.950Z,-25.419,-176.082,35,4.5,mb,10,240.9,,0.78,us,usp000emqs,2014-11-07T01:29:33.422Z,"south of the Fiji Islands",earthquake,,,,3,reviewed,us,us
2006-07-01T21:42:02.520Z,1.622,127.312,30,4.6,mb,26,117.6,,0.77,us,usp000emqr,2014-11-07T01:29:33.415Z,"78 km W of Tobelo, Indonesia",earthquake,,,,10,reviewed,us,us
2006-07-01T21:27:42.692Z,50.9966,-179.1888,14.2,2.5,ml,,,,0.62,ak,ak0068dch57h,2019-02-13T04:56:48.450Z,"202 km WSW of Adak, Alaska",earthquake,,0.5,,,reviewed,ak,ak
2006-07-01T21:25:42.271Z,51.0314,-179.2324,16.7,2.2,ml,,,,0.47,ak,ak0068dcgpqr,2019-02-13T04:56:48.023Z,"203 km WSW of Adak, Alaska",earthquake,,0.6,,,reviewed,ak,ak
2006-07-01T21:23:54.622Z,51.1246,-179.2809,4.6,2,ml,,,,0.92,ak,ak0068dcgb9i,2019-02-13T04:57:06.796Z,"201 km WSW of Adak, Alaska",earthquake,,1.2,,,reviewed,ak,ak
2006-07-01T21:19:40.379Z,50.9989,-179.2934,7,2,ml,,,,0.68,ak,ak0068dcffat,2019-02-13T04:57:06.503Z,"208 km WSW of Adak, Alaska",earthquake,,3.5,,,reviewed,ak,ak
2006-07-01T21:16:37.060Z,51.175,-179.314,27.3,4,ml,17,227.3,,1.74,us,usp000emqq,2019-02-13T04:57:05.793Z,"201 km WSW of Adak, Alaska",earthquake,,33.9,,,reviewed,us,aeic
2006-07-01T21:15:29.860Z,51.026,-179.273,12.5,4.5,mb,57,136,,,us,usp000emqp,2019-02-13T04:56:47.593Z,"206 km WSW of Adak, Alaska",earthquake,,,,17,reviewed,aeic,us
2006-07-01T21:14:39.965Z,50.9647,-179.2639,6,3.1,ml,,,,0.6,ak,ak0068dcecos,2019-02-13T04:56:47.274Z,"209 km WSW of Adak, Alaska",earthquake,,0.4,,,reviewed,ak,ak
2006-07-01T21:12:59.830Z,13.382,119.706,35,3.9,mb,9,227.9,,1.23,us,usp000emqn,2014-11-07T01:29:33.378Z,"65 km SW of Tagbak, Philippines",earthquake,,,,2,reviewed,us,us
2006-07-01T21:06:27.600Z,37.432,45.069,15.7,4,mblg,21,76.3,,1.25,us,usp000emqm,2014-11-07T01:29:33.367Z,"13 km S of Or?m?yeh, Iran",earthquake,,9.6,,,reviewed,us,teh
2006-07-01T20:57:46.356Z,53.7216,-167.1821,110.8,2.3,ml,,,,0.44,ak,ak0068dc25d7,2019-02-13T04:56:46.856Z,"45 km WSW of Unalaska, Alaska",earthquake,,0.3,,,reviewed,ak,ak
2006-07-01T20:46:38.800Z,-31.404,179.878,462.4,3.9,mb,14,212.8,,0.94,us,usp000emqk,2014-11-07T01:29:33.360Z,"Kermadec Islands region",earthquake,,42.3,,1,reviewed,us,us
2006-07-01T20:46:01.613Z,50.992,-179.2832,10.6,3.2,ml,,,,0.45,ak,ak0068dbzp1d,2019-02-13T04:56:46.528Z,"208 km WSW of Adak, Alaska",earthquake,,0.7,,,reviewed,ak,ak
2006-07-01T20:42:53.890Z,51.178,-179.318,35,3.3,ml,7,211.8,,1.4,us,usp000emqj,2019-02-13T04:56:46.087Z,"201 km WSW of Adak, Alaska",earthquake,,,,,reviewed,us,aeic
2006-07-01T20:36:34.920Z,51.176,-174.373,35,3.4,ml,4,217.5,,0.97,us,usp000emqh,2019-02-13T04:56:45.643Z,"114 km S of Atka, Alaska",earthquake,,,,,reviewed,us,aeic
2006-07-01T20:27:14.641Z,52.0359,177.1016,4.6,2.6,ml,,,,1.09,ak,ak0068dbvnfs,2019-02-13T04:56:44.947Z,"281 km ESE of Attu Station, Alaska",earthquake,,0.2,,,reviewed,ak,ak
2006-07-01T20:20:56.289Z,51.9534,177.1523,5.6,2.5,ml,,,,1.23,ak,ak0068dbu8n0,2019-02-13T04:56:44.597Z,"287 km ESE of Attu Station, Alaska",earthquake,,2.9,,,reviewed,ak,ak
2006-07-01T20:17:28.940Z,0.197,122.484,251.6,3.9,mb,13,130.2,,0.86,us,usp000emqg,2014-11-07T01:29:33.346Z,"74 km WSW of Gorontalo, Indonesia",earthquake,,20.4,,2,reviewed,us,us
2006-07-01T20:16:22.458Z,51.0317,-179.281,7.4,3,ml,,,,0.6,ak,ak0068dbtb5x,2019-02-13T04:56:44.195Z,"206 km WSW of Adak, Alaska",earthquake,,0.6,,,reviewed,ak,ak
2006-07-01T20:13:55.057Z,52.0252,177.0149,4.8,2.5,ml,,,,1.24,ak,ak0068dbsqj5,2019-02-13T04:56:43.840Z,"275 km ESE of Attu Station, Alaska",earthquake,,0.1,,,reviewed,ak,ak
2006-07-01T20:12:08.600Z,-56.325,-25.003,51.1,5,mwc,38,87.5,,0.8,us,usp000emqf,2016-11-10T01:24:54.317Z,"South Sandwich Islands region",earthquake,,,,,reviewed,us,hrv
2006-07-01T20:10:16.144Z,50.9575,-179.2872,13.1,2.2,ml,,,,0.94,ak,ak0068dbs0dq,2019-02-13T04:56:43.462Z,"210 km WSW of Adak, Alaska",earthquake,,1.1,,,reviewed,ak,ak
2006-07-01T20:03:04.380Z,51.054,-179.298,54.1,4.5,mb,47,98.3,,0.96,us,usp000emqe,2019-02-13T04:56:43.044Z,"206 km WSW of Adak, Alaska",earthquake,,6.7,,9,reviewed,us,us
2006-07-01T19:56:36.500Z,38.64,21.61,32,3.2,md,5,148.9,,,us,usp000emqd,2014-11-07T01:29:33.313Z,"8 km ENE of Paravóla, Greece",earthquake,,,,,reviewed,ath,ath
2006-07-01T19:48:10.530Z,51.0221,-179.3059,8.2,2.1,ml,,,,0.55,ak,ak0068dbepjx,2019-02-13T04:56:42.376Z,"208 km WSW of Adak, Alaska",earthquake,,0.7,,,reviewed,ak,ak
2006-07-01T19:42:55.350Z,21.414,146.096,35,4.5,mb,25,116.2,,0.97,us,usp000emqc,2014-11-07T01:29:33.303Z,"Mariana Islands region",earthquake,,,,6,reviewed,us,us
2006-07-01T19:40:39.963Z,52.1116,177.0868,6.2,2.6,ml,,,,0.63,ak,ak0068dbd23g,2019-02-13T04:57:01.032Z,"277 km ESE of Attu Station, Alaska",earthquake,,1.2,,,reviewed,ak,ak
2006-07-01T19:38:58.668Z,51.0248,-179.2672,6.9,2.9,ml,,,,0.67,ak,ak0068dbco3u,2019-02-13T04:56:42.671Z,"205 km WSW of Adak, Alaska",earthquake,,5.5,,,reviewed,ak,ak
2006-07-01T19:34:39.610Z,51.063,-179.314,41.6,5.5,mwc,398,68.5,,0.81,us,usp000emqb,2022-05-02T18:22:44.111Z,"206 km WSW of Adak, Alaska",earthquake,,3.9,,,reviewed,us,hrv
2006-07-01T19:31:34.825Z,52.3322,-169.2021,29.2,2.5,ml,,,,0.8,ak,ak0068dbb496,2019-02-13T04:57:18.141Z,"71 km SSW of Nikolski, Alaska",earthquake,,21.8,,,reviewed,ak,ak
2006-07-01T19:26:58.070Z,52.668,-34.923,10,4.3,mb,42,155.5,,0.91,us,usp000emqa,2014-11-07T01:29:33.065Z,"Reykjanes Ridge",earthquake,,,,25,reviewed,us,us
2006-07-01T19:23:51.405Z,54.9272,-163.6653,124.6,2.2,ml,,,,0.29,ak,ak0068db9ft0,2019-02-13T04:57:17.719Z,"18 km WNW of False Pass, Alaska",earthquake,,0.3,,,reviewed,ak,ak
2006-07-01T19:18:45.690Z,39.46,-123.1151667,3.641,2.28,md,17,55,0.1468,0.07,nc,nc21525422,2017-01-14T22:43:18.852Z,"15 km N of Potter Valley, California",earthquake,0.24,2.02,0.14,17,reviewed,nc,nc
2006-07-01T18:53:52.200Z,33.2286667,-116.0416667,3.107,2.43,ml,65,24,0.06942,0.25,ci,ci14237372,2016-03-09T12:12:09.425Z,"11km SW of Salton City, CA",earthquake,0.24,0.71,0.155,121,reviewed,ci,ci
2006-07-01T18:51:07.000Z,38.69,23.44,14,3.4,ml,8,115.3,,,us,usp000emq9,2014-11-07T01:29:33.060Z,"6 km SW of Prokópi, Greece",earthquake,,,,,reviewed,ath,ath
2006-07-01T18:31:41.140Z,-5.015,130.426,17.4,4.5,mb,20,114.2,,0.98,us,usp000emq8,2014-11-07T01:29:33.043Z,"249 km SE of Amahai, Indonesia",earthquake,,52.2,,11,reviewed,us,us
2006-07-01T17:53:46.490Z,51.9857,177.2142,5.2,2.5,ml,,,,0.41,ak,ak0068da8zp5,2019-02-13T04:56:59.915Z,"290 km ESE of Attu Station, Alaska",earthquake,,9.5,,,reviewed,ak,ak
2006-07-01T17:24:09.100Z,8.099,-64.204,5.9,4.4,mw,35,52.8,,,us,usp000emq7,2014-11-07T01:29:33.025Z,"73 km W of Ciudad Bolívar, Venezuela",earthquake,,,,,reviewed,car,car
2006-07-01T16:48:17.804Z,51.985,177.3105,0.1,2,ml,,,,0.58,ak,ak0068d9mfas,2019-02-13T04:56:59.560Z,"296 km ESE of Attu Station, Alaska",earthquake,,0.1,,,reviewed,ak,ak
2006-07-01T16:38:25.862Z,50.2087,178.6017,15,2.4,ml,,,,0.53,ak,ak0068d9kare,2019-02-13T04:57:15.855Z,"Rat Islands, Aleutian Islands, Alaska",earthquake,,8.4,,,reviewed,ak,ak
2006-07-01T16:22:07.720Z,50.196,156.435,90,4.4,mb,46,144.6,,0.8,us,usp000emq6,2014-11-07T01:29:33.003Z,"57 km SSE of Severo-Kuril’sk, Russia",earthquake,,10.7,,22,reviewed,us,us
2006-07-01T15:55:33.210Z,13.15,-89.784,67.6,4.6,mb,101,106.2,,0.96,us,usp000emq5,2014-11-07T01:29:32.956Z,"49 km S of Acajutla, El Salvador",earthquake,,6,,57,reviewed,us,us
2006-07-01T15:55:12.196Z,51.9887,177.1596,5.5,2.3,ml,,,,0.77,ak,ak0068d92h9v,2019-02-13T04:56:41.561Z,"286 km ESE of Attu Station, Alaska",earthquake,,4.2,,,reviewed,ak,ak
2006-07-01T15:51:51.900Z,-24.337,-67.297,220,3.8,mb,14,93.9,,,us,usp000emq4,2014-11-07T01:29:32.947Z,"100 km W of San Antonio de los Cobres, Argentina",earthquake,,,,4,reviewed,guc,us
2006-07-01T15:35:28.980Z,34.734,72.975,10,3.3,mb,18,98.8,,1.07,us,usp000emq3,2014-11-07T01:29:32.939Z,"6 km N of Shingli Bala, Pakistan",earthquake,,,,4,reviewed,us,us
2006-07-01T15:26:22.390Z,43.918,-28.388,10,4.5,mb,70,155.4,,0.61,us,usp000emq2,2014-11-07T01:29:32.909Z,"northern Mid-Atlantic Ridge",earthquake,,,,33,reviewed,us,us
2006-07-01T15:19:41.600Z,15.698,-96.149,20,3.7,md,4,296.7,,,us,usp000emq1,2014-11-07T01:29:32.905Z,"7 km S of Sector H Tres, Mexico",earthquake,,,,,reviewed,unm,unm
2006-07-01T15:13:39.400Z,-31.779,-69.27,136.5,3.6,m,12,178.1,,,us,usp000emq0,2014-11-07T01:29:32.896Z,"51 km SSE of Calingasta, Argentina",earthquake,,,,,reviewed,guc,guc
2006-07-01T15:03:14.300Z,38.138,15.203,5.9,2.7,ml,10,107.8,,,us,usp000empz,2014-11-07T01:29:32.873Z,"1 km SW of Barcellona Pozzo di Gotto, Italy",earthquake,,,,,reviewed,rom,rom
2006-07-01T14:39:22.300Z,16.542,-99.416,16.1,3.7,md,5,223.8,,,us,usp000empy,2014-11-07T01:29:32.868Z,"25 km SSE of Llano de la Puerta, Mexico",earthquake,,,,,reviewed,unm,unm
2006-07-01T14:36:48.200Z,38.73,23.53,30,4,ml,22,121.8,,,us,usp000empx,2014-11-07T01:29:32.854Z,"3 km E of Prokópi, Greece",earthquake,,,,,reviewed,ath,ath
2006-07-01T14:34:08.500Z,-31.734,-72.01,28.6,3,ml,12,214.9,,,us,usp000empw,2014-11-07T01:29:32.842Z,"80 km W of Illapel, Chile",earthquake,,,,,reviewed,guc,guc
2006-07-01T13:58:53.360Z,33.804,-6.43,32.3,3.2,m,12,295.6,,,us,usp000empv,2014-11-07T01:29:32.830Z,"15 km SW of Tiflet, Morocco",earthquake,,,,,reviewed,mdd,mdd
2006-07-01T13:49:14.600Z,39.702,76.069,10,3.7,mb,11,210.8,,1.03,us,usp000empu,2014-11-07T01:29:32.819Z,"26 km NNE of Kashgar, China",earthquake,,,,2,reviewed,us,us
2006-07-01T13:43:55.690Z,52.0019,177.1651,5.6,2.2,ml,,,,0.81,ak,ak0068d7t4tt,2019-02-13T04:56:59.203Z,"286 km ESE of Attu Station, Alaska",earthquake,,1.4,,,reviewed,ak,ak
2006-07-01T13:36:57.200Z,-36.99,177.54,147,4,m,43,214.5,,,us,usp000empt,2014-11-07T01:29:32.800Z,"115 km N of Opotiki, New Zealand",earthquake,,,,,reviewed,wel,wel
2006-07-01T13:34:38.670Z,-16.68,-175.392,270.9,4.2,mb,8,146.9,,0.98,us,usp000emps,2014-11-07T01:29:32.794Z,"188 km WSW of Hihifo, Tonga",earthquake,,36.1,,1,reviewed,us,us
2006-07-01T13:19:43.860Z,34.465,32.021,25,3.7,ml,19,162.1,,,us,usp000empr,2014-11-07T01:29:32.782Z,"50 km SW of Paphos, Cyprus",earthquake,,,,,reviewed,nic,isk
2006-07-01T13:19:28.780Z,26.847,55.832,10,3.7,ml,24,66.1,,1.02,us,usp000empq,2014-11-07T01:29:32.765Z,"44 km WSW of Qeshm, Iran",earthquake,,,,,reviewed,us,thr
2006-07-01T13:16:00.360Z,-7.512,106.134,10,4.5,mb,17,117,,0.9,us,usp000empp,2014-11-07T01:29:32.752Z,"74 km SW of Pelabuhanratu, Indonesia",earthquake,,,,6,reviewed,us,us
2006-07-01T13:12:39.190Z,51.453,-177.362,41.1,4.4,mb,43,130.1,,1.28,us,usp000empn,2019-02-28T19:48:21.669Z,"68 km SW of Adak, Alaska",earthquake,,,,11,reviewed,us,us
2006-07-01T13:12:15.310Z,0.618,125.99,10,4.3,mb,12,142.8,,1.14,us,usp000empm,2014-11-07T01:29:32.710Z,"141 km ESE of Tondano, Indonesia",earthquake,,,,2,reviewed,us,us
2006-07-01T12:40:01.590Z,30.331,94.834,46,3.9,mb,17,119.2,,0.83,us,usp000empk,2014-11-07T01:29:32.696Z,"204 km NNE of Shi Yomi, India",earthquake,,17.4,,6,reviewed,us,us
2006-07-01T12:33:22.800Z,38.27,20.47,2,3.3,md,5,205.8,,,us,usp000empj,2014-11-07T01:29:32.691Z,"8 km NNE of Lixoúri, Greece",earthquake,,,,,reviewed,ath,ath
2006-07-01T12:27:18.250Z,-1.143,137.866,33.5,4.6,mb,34,120.6,,1.27,us,usp000emph,2014-11-07T01:29:32.668Z,"198 km E of Biak, Indonesia",earthquake,,31.3,,18,reviewed,us,us
2006-07-01T12:15:31.381Z,51.8949,177.0252,5.3,2.1,ml,,,,0.85,ak,ak0068d71naq,2019-02-13T04:56:58.844Z,"282 km ESE of Attu Station, Alaska",earthquake,,1.6,,,reviewed,ak,ak
2006-07-01T12:08:18.470Z,52.035,-169.743,42.3,3.4,ml,19,151.3,,,us,usp000empg,2019-02-13T04:56:39.949Z,"117 km SSW of Nikolski, Alaska",earthquake,,,,,reviewed,aeic,aeic
2006-07-01T11:40:19.490Z,38.8345,-122.797,1.384,3.05,md,66,40,0.006306,0.06,nc,nc21525352,2017-01-14T22:40:07.380Z,"6 km WNW of Cobb, California",earthquake,0.11,0.17,0.12,56,reviewed,nc,nc
2006-07-01T11:38:17.465Z,52.0221,177.1441,11.1,2,ml,,,,0.67,ak,ak0068d6l436,2019-02-13T04:56:58.123Z,"284 km ESE of Attu Station, Alaska",earthquake,,9.8,,,reviewed,ak,ak
2006-07-01T11:38:07.970Z,18.038,121.142,34.5,4.7,mb,70,122.4,,1.12,us,usp000empe,2014-11-07T01:29:32.583Z,"4 km WNW of Kabugao, Philippines",earthquake,,,,22,reviewed,us,us
2006-07-01T11:26:32.060Z,34.908,30.604,53.4,4.1,mb,89,52.2,,1.04,us,usp000empd,2014-11-07T01:29:32.515Z,"158 km SSE of Demre, Turkey",earthquake,,,,30,reviewed,us,us
2006-07-01T10:46:36.119Z,53.2206,-167.9373,78.3,2,ml,,,,0.54,ak,ak0068d61fnf,2019-02-13T04:57:14.477Z,"69 km ENE of Nikolski, Alaska",earthquake,,2.7,,,reviewed,ak,ak
2006-07-01T10:37:51.460Z,19.3818333,-155.2815,1.679,2.01,ml,29,46,,0.1,hv,hv5506124,2020-03-31T21:47:16.230Z,"8 km SW of Volcano, Hawaii",earthquake,0.26,0.18,0.2,7,reviewed,hv,hv
2006-07-01T10:36:37.880Z,-24.16,-66.805,181.5,4.3,mb,23,93.8,,0.93,us,usp000empc,2014-11-07T01:29:32.494Z,"49 km W of San Antonio de los Cobres, Argentina",earthquake,,6.4,,4,reviewed,us,us
2006-07-01T10:32:27.159Z,51.9026,177.2658,4.8,2,ml,,,,0.92,ak,ak0068d5yexn,2019-02-13T04:56:57.760Z,"296 km ESE of Attu Station, Alaska",earthquake,,0,,,reviewed,ak,ak
2006-07-01T10:11:48.930Z,36.5346667,-121.1165,2.576,2.49,md,53,44,0.04144,0.05,nc,nc21525344,2017-01-14T22:39:00.120Z,"22 km ENE of Soledad, California",earthquake,0.1,0.3,0.15,69,reviewed,nc,nc
2006-07-01T09:29:38.300Z,15.665,-93.939,35.7,4,md,5,227.7,,,us,usp000empa,2014-11-07T01:29:32.435Z,"34 km SSW of Cabeza de Toro, Mexico",earthquake,,,,,reviewed,unm,unm
2006-07-01T09:18:33.200Z,16.796,-100.135,10,4.2,md,9,217.9,,,us,usp000emp9,2014-11-07T01:29:32.425Z,"17 km SSW of Los Mogotes, Mexico",earthquake,,,,,reviewed,unm,unm
2006-07-01T09:14:38.176Z,51.9113,177.016,4.8,3,ml,,,,0.95,ak,ak0068d595ah,2019-02-13T04:56:39.158Z,"280 km ESE of Attu Station, Alaska",earthquake,,1.2,,,reviewed,ak,ak
2006-07-01T08:48:44.800Z,2.531,128.447,142.3,4.4,mb,13,147.2,,0.89,us,usp000emp8,2014-11-07T01:29:32.413Z,"101 km NNE of Tobelo, Indonesia",earthquake,,51.4,,1,reviewed,us,us
2006-07-01T08:43:55.200Z,-31.632,-69.156,150,2.9,m,4,290.8,,,us,usp000emp7,2014-11-07T01:29:32.406Z,"41 km WSW of Villa Basilio Nievas, Argentina",earthquake,,,,,reviewed,guc,guc
2006-07-01T07:52:52.220Z,33.7971667,-116.1813333,9.998,2.04,ml,55,34,0.1575,0.2,ci,ci14237300,2016-03-08T16:57:20.333Z,"9km NNE of Indio, CA",earthquake,0.27,0.79,0.205,87,reviewed,ci,ci
2006-07-01T07:37:48.290Z,45.8143333,-74.7948333,14.62,2.15,md,14,64,,0.24,ld,ld2006070100,2016-05-27T19:20:22.020Z,"23 km NNW of L'Orignal, Canada",earthquake,0.32,0.7,,,reviewed,ld,ld
2006-07-01T07:23:17.463Z,60.1116,-152.5263,92.5,2,ml,,,,0.56,ak,ak0068d445xe,2019-02-13T04:56:38.371Z,"47 km WNW of Happy Valley, Alaska",earthquake,,0.9,,,reviewed,ak,ak
2006-07-01T07:22:51.420Z,51.8709,177.0398,4.8,2.5,ml,,,,1.1,ak,ak0068d440ty,2019-02-13T04:56:38.777Z,"284 km ESE of Attu Station, Alaska",earthquake,,2.9,,,reviewed,ak,ak
2006-07-01T07:16:23.857Z,51.9576,177.0371,4.8,2,ml,,,,1,ak,ak0068d42oep,2019-02-13T04:56:56.676Z,"280 km ESE of Attu Station, Alaska",earthquake,,0.8,,,reviewed,ak,ak
2006-07-01T07:06:13.760Z,32.705,-115.4001667,15.471,2.2,ml,18,204,0.1075,0.25,ci,ci14237292,2016-03-09T07:58:59.993Z,"9km NE of Mexicali, B.C., MX",earthquake,1.19,0.85,0.164,39,reviewed,ci,ci
2006-07-01T06:57:51.820Z,33.7103333,-116.8498333,15.811,2,ml,50,22,0.06609,0.2,ci,ci14237280,2016-03-08T18:39:27.696Z,"6km SE of Valle Vista, CA",earthquake,0.23,0.45,0.217,97,reviewed,ci,ci
2006-07-01T06:51:38.805Z,60.6041,-151.902,78.3,2.2,ml,,,,0.63,ak,ak0068d3os0o,2019-02-13T04:56:37.934Z,"31 km W of Salamatof, Alaska",earthquake,,0.3,,,reviewed,ak,ak
2006-07-01T06:48:18.430Z,33.2476667,-116.0266667,2.847,2.12,ml,50,42,0.04707,0.26,ci,ci14237276,2016-03-09T07:58:58.530Z,"9km SW of Salton City, CA",earthquake,0.3,0.86,0.191,95,reviewed,ci,ci
2006-07-01T06:46:29.200Z,-4.842,148.963,10,4.6,mb,6,323.4,,1.02,us,usp000emp6,2014-11-07T01:29:32.398Z,"151 km WNW of Kimbe, Papua New Guinea",earthquake,,0,,1,reviewed,us,us
2006-07-01T06:41:51.379Z,52.4925,-170.0362,25.7,2.4,ml,,,,0.79,ak,ak0068d3mntt,2019-02-13T04:57:12.306Z,"93 km WSW of Nikolski, Alaska",earthquake,,3.4,,,reviewed,ak,ak
2006-07-01T06:31:14.050Z,46.1931667,-122.1948333,-1.874,3.3,md,21,57,,0.34,uw,uw10692903,2016-07-22T22:19:16.490Z,"Washington",earthquake,,,0.06,5,reviewed,uw,uw
2006-07-01T06:19:00.300Z,-29.538,-70.931,53.5,2.8,m,4,186.9,,,us,usp000emp4,2014-11-07T01:29:32.372Z,"50 km NE of La Serena, Chile",earthquake,,,,,reviewed,guc,guc
2006-07-01T06:03:30.840Z,38.8171667,-122.7871667,1.3,2.29,md,44,36,0.006306,0.08,nc,nc21525322,2017-01-14T22:36:58.130Z,"5 km W of Cobb, California",earthquake,0.17,0.23,0.11,24,reviewed,nc,nc
2006-07-01T05:50:07.373Z,63.0375,-150.7108,107.6,2,ml,,,,0.6,ak,ak0068d3329t,2019-02-13T04:57:11.901Z,"60 km N of Petersville, Alaska",earthquake,,0.3,,,reviewed,ak,ak
2006-07-01T05:24:04.900Z,39.58,21.25,55,3.5,md,4,130.6,,,us,usp000emp3,2014-11-07T01:29:32.365Z,"14 km ENE of Prámanta, Greece",earthquake,,,,,reviewed,ath,ath
2006-07-01T04:54:19.413Z,51.9122,177.0587,4.7,2.1,ml,,,,0.9,ak,ak0068d2iigl,2019-02-13T04:56:37.131Z,"Rat Islands, Aleutian Islands, Alaska",earthquake,,0,,,reviewed,ak,ak
2006-07-01T04:49:15.830Z,19.6553333,-156.4843333,36.293,2.04,ml,21,305,,0.13,hv,hv5506097,2020-03-31T21:31:43.540Z,"50 km W of Kailua-Kona, Hawaii",earthquake,1.38,3.79,0.1,3,reviewed,hv,hv
2006-07-01T04:40:00.750Z,37.5301667,-118.4375,10.143,2.37,md,42,88,0.01802,0.06,nc,nc21525310,2018-04-24T20:33:21.621Z,"California-Nevada border region",earthquake,0.22,0.45,0.12,38,reviewed,nc,nc
2006-07-01T04:36:22.210Z,33.25,-116.0285,2.977,2.36,ml,63,24,0.04667,0.27,ci,ci14237248,2016-03-08T23:25:55.421Z,"9km SW of Salton City, CA",earthquake,0.27,0.74,0.158,121,reviewed,ci,ci
2006-07-01T04:23:21.868Z,51.9928,177.084,7.1,2.4,ml,,,,0.73,ak,ak0068d2bvga,2019-02-13T04:56:36.734Z,"Rat Islands, Aleutian Islands, Alaska",earthquake,,4.4,,,reviewed,ak,ak
2006-07-01T03:45:47.670Z,-6.203,151.221,67.8,4.2,mb,9,296.8,,0.71,us,usp000emp2,2014-11-07T01:29:32.356Z,"139 km ESE of Kimbe, Papua New Guinea",earthquake,,29.1,,3,reviewed,us,us
2006-07-01T03:41:46.900Z,36.604,71.465,81,3.5,mb,10,233.8,,0.5,us,usp000emp1,2014-11-07T01:29:32.346Z,"10 km SW of Ashk?sham, Afghanistan",earthquake,,30.6,,2,reviewed,us,us
2006-07-01T03:29:31.120Z,39.297,-121.1128333,8.759,2.16,md,11,121,0.1378,0.05,nc,nc21525302,2017-01-14T22:35:37.429Z,"7 km NNE of Rough and Ready, California",earthquake,0.46,1.29,0.19,4,reviewed,nc,nc
2006-07-01T03:23:52.679Z,51.9988,175.9399,25.7,2.1,ml,,,,0.13,ak,ak0068d1qi83,2019-02-13T04:56:55.947Z,"209 km ESE of Attu Station, Alaska",earthquake,,106.5,,,reviewed,ak,ak
2006-07-01T03:20:08.810Z,36.91,4.487,0,3.7,m,10,295.8,,,us,usp000emp0,2014-11-07T01:29:32.334Z,"20 km NE of Arhribs, Algeria",earthquake,,,,,reviewed,mdd,mdd
2006-07-01T03:07:34.686Z,51.5354,176.4389,2.8,2.3,ml,,,,0.45,ak,ak0068d1n1do,2019-02-13T04:56:56.311Z,"265 km SE of Attu Station, Alaska",earthquake,,1.8,,,reviewed,ak,ak
2006-07-01T02:47:28.020Z,-29.315,-177.92,22.9,5,mwc,25,132.2,,0.68,us,usp000emny,2016-11-10T01:24:53.309Z,"Kermadec Islands, New Zealand",earthquake,,4.9,,,reviewed,us,hrv
2006-07-01T02:46:42.180Z,54.772,-161.443,64.6,2.6,ml,4,207.6,,,us,usp000emnx,2019-02-13T04:56:36.285Z,"64 km ESE of King Cove, Alaska",earthquake,,,,,reviewed,aeic,aeic
2006-07-01T02:46:19.300Z,49.14,6.89,1,2.8,ml,43,64.7,,,us,usp000emnw,2014-11-07T01:29:32.225Z,"0 km SSW of Folkling, France",earthquake,,,,,reviewed,str,ldg
2006-07-01T02:28:33.407Z,51.991,177.3877,4.9,2.5,ml,,,,0.66,ak,ak0068d163po,2019-02-13T04:56:35.773Z,"Rat Islands, Aleutian Islands, Alaska",earthquake,,3.3,,,reviewed,ak,ak
2006-07-01T02:21:39.480Z,-8.527,117.918,153.1,3.6,mb,8,137.9,,1.21,us,usp000emnv,2014-11-07T01:29:32.215Z,"49 km ESE of Pototano, Indonesia",earthquake,,47.3,,2,reviewed,us,us
2006-07-01T02:07:09.930Z,42.455,-111.4858333,7.22,2.14,ml,15,270,0.4034,0.12,uu,uu50318220,2018-08-28T21:53:31.250Z,"southern Idaho",earthquake,2.46,0.94,,4,reviewed,uu,uu
2006-07-01T02:01:38.740Z,31.6966667,-116.0258333,5.842,2.58,ml,8,317,0.9519,0.2,ci,ci14237220,2016-03-09T12:12:06.026Z,"51km E of Maneadero, B.C., MX",earthquake,1.59,31.61,0.124,38,reviewed,ci,ci
2006-07-01T02:00:27.750Z,43.584,-9.757,15,2.5,mblg,7,308.8,,,us,usp000emnu,2014-11-07T01:29:32.196Z,"68 km NW of Camariñas, Spain",earthquake,,,,,reviewed,mdd,mdd
2006-07-01T01:56:43.920Z,33.2448333,-116.0403333,1.935,2.14,ml,48,24,0.05763,0.27,ci,ci14237216,2016-03-09T13:59:52.718Z,"10km SW of Salton City, CA",earthquake,0.3,0.9,0.137,98,reviewed,ci,ci
2006-07-01T01:37:47.170Z,33.2483333,-116.0381667,2.267,2.2,ml,48,26,0.05408,0.25,ci,ci14237200,2016-03-09T13:59:50.569Z,"10km SW of Salton City, CA",earthquake,0.31,0.83,0.16,94,reviewed,ci,ci
2006-07-01T01:21:29.160Z,-5.854,146.28,35,4.5,mb,30,91.3,,1.11,us,usp000emnt,2014-11-07T01:29:32.161Z,"66 km NE of Kainantu, Papua New Guinea",earthquake,,,,10,reviewed,us,us
2006-07-01T01:04:10.763Z,52.0721,177.0867,6.4,2.1,ml,,,,0.61,ak,ak0068d0fh6c,2019-02-13T04:56:55.571Z,"278 km ESE of Attu Station, Alaska",earthquake,,1.1,,,reviewed,ak,ak
2006-07-01T00:18:17.170Z,-12.764,166.788,289.1,3.8,mb,26,196.3,,0.46,us,usp000emns,2014-11-07T01:29:31.600Z,"148 km NW of Sola, Vanuatu",earthquake,,26.6,,1,reviewed,us,us
