time,latitude,longitude,depth,mag,magType,nst,gap,dmin,rms,net,id,updated,place,type,horizontalError,depthError,magError,magNst,status,locationSource,magSource
2016-11-30T23:57:41.890Z,-61.0415,-40.5804,10,4.6,mb,,114,13.444,0.73,us,us20007yz9,2017-02-23T00:11:54.040Z,"Scotia Sea",earthquake,9.6,2,0.128,18,reviewed,us,us
2016-11-30T23:38:02.400Z,-20.2636,-177.7014,498.78,4.5,mb,,77,4.734,0.63,us,us10007dww,2017-02-23T00:11:54.040Z,"277 km WNW of Haveluloto, Tonga",earthquake,13,7.3,0.092,35,reviewed,us,us
2016-11-30T23:33:11.510Z,-15.4431,167.7287,114.97,4.7,mb,,141,5.325,0.71,us,us10007dws,2017-02-23T00:11:54.040Z,"61 km E of Luganville, Vanuatu",earthquake,11.7,7.8,0.091,37,reviewed,us,us
2016-11-30T22:27:49.018Z,61.7916,-149.8889,31.1,2.1,ml,,,,0.6,ak,ak016feeaout,2023-08-03T21:24:38.375Z,"9 km ENE of Willow, Alaska",earthquake,,0.3,,,reviewed,ak,ak
2016-11-30T22:17:28.382Z,61.6839,-148.4672,26.4,2,ml,,,,0.71,ak,ak016fee8i3q,2023-08-03T21:24:36.385Z,"12 km S of Chickaloon, Alaska",earthquake,,0.3,,,reviewed,ak,ak
2016-11-30T22:15:25.380Z,49.3733333,-120.5023333,-0.53,2.09,ml,4,202,0.582,0.1,uw,uw61220992,2016-11-30T23:52:32.080Z,"9 km S of Princeton, Canada",explosion,0.63,31.61,0.058,4,reviewed,uw,uw
2016-11-30T22:07:29.230Z,-21.3301,-179.1441,596.27,5.1,mb,,13,4.439,0.77,us,us10007dw1,2017-02-23T00:11:54.040Z,"Fiji region",earthquake,9.3,5,0.045,163,reviewed,us,us
2016-11-30T21:56:24.100Z,17.84,-65.5985,10,2.1,Md,4,270,0.2587148,0.15,pr,pr16335006,2016-11-30T23:15:56.276Z,"31 km SSW of Esperanza, Puerto Rico",earthquake,1.1,0.8,0,4,reviewed,pr,pr
2016-11-30T21:50:12.991Z,62.715,-150.5957,84,2.6,ml,,,,0.48,ak,ak016fedu3xv,2023-08-03T21:24:33.699Z,"25 km NNE of Petersville, Alaska",earthquake,,0.4,,,reviewed,ak,ak
2016-11-30T21:44:05.120Z,51.9427,178.4452,100.08,5.3,mb,,31,0.777,0.78,us,us10007dvn,2023-08-03T21:24:26.298Z,"Rat Islands, Aleutian Islands, Alaska",earthquake,6.7,4.2,0.037,250,reviewed,us,us
2016-11-30T21:31:03.180Z,-22.9889,-69.1266,103.37,4.3,mb,,56,0.385,0.85,us,us10007dvj,2017-02-23T00:11:54.040Z,"62 km SSW of Calama, Chile",earthquake,5.3,5.1,0.187,8,reviewed,us,us
2016-11-30T21:16:21.020Z,-7.2591,129.2315,144.33,4.2,mb,,74,2.171,0.59,us,us20007yz7,2017-02-23T00:11:54.040Z,"283 km ENE of Lospalos, Timor Leste",earthquake,7.9,12,0.175,9,reviewed,us,us
2016-11-30T21:01:32.190Z,43.6071,-105.1862,0,3.3,ml,,52,0.978,0.7,us,us10007dvd,2017-02-23T00:11:54.040Z,"Wyoming",mining explosion,5.2,2,0.062,48,reviewed,us,us
2016-11-30T20:23:09.070Z,-22.7935,-178.4527,386.33,4.5,mb,,123,5.998,0.58,us,us20007yz6,2017-02-23T00:11:54.040Z,"south of the Fiji Islands",earthquake,9.2,13.7,0.097,31,reviewed,us,us
2016-11-30T19:56:50.230Z,70.2691,-143.7173,17.8,2.4,ml,,,,0.81,ak,ak016fecolwf,2023-08-03T21:24:08.050Z,"15 km NNW of Kaktovik, Alaska",earthquake,,0.4,,,reviewed,ak,ak
2016-11-30T18:57:07.669Z,60.0012,-152.6732,98,4.2,mw,,,,0.69,ak,ak016fec3aq6,2023-08-03T21:23:55.659Z,"52 km W of Happy Valley, Alaska",earthquake,,0.3,,,reviewed,ak,ak
2016-11-30T18:47:42.070Z,-6.2701,128.6719,272.15,4.2,mb,,88,3.112,0.73,us,us20007yz8,2017-02-23T00:11:54.040Z,"289 km S of Ambon, Indonesia",earthquake,5.7,11.3,0.199,7,reviewed,us,us
2016-11-30T17:51:28.000Z,-28.738,-70.5,88.8,4.6,mb,,,,1.16,us,us10007dha,2017-02-23T00:11:54.040Z,"31 km SE of Vallenar, Chile",earthquake,4.4,4.8,0.386,2,reviewed,guc,us
2016-11-30T17:50:55.230Z,33.962,-116.8695,8.8,2.12,ml,105,17,0.0697,0.15,ci,ci37535679,2017-02-08T19:50:30.970Z,"4km N of Banning, CA",earthquake,0.1,0.3,0.207,26,reviewed,ci,ci
2016-11-30T17:42:26.000Z,6.3,-75.86,28,3.6,mwr,,,,1.93,us,us10007dvx,2022-08-07T11:26:32.628Z,"10 km WSW of Ebéjico, Colombia",earthquake,9,6.9,,,reviewed,rsnc,rsnc
2016-11-30T17:08:28.990Z,3.2539,124.4076,348.94,4,mb,,94,3.85,0.78,us,us20007yz5,2017-02-23T00:11:54.040Z,"201 km NNW of Manado, Indonesia",earthquake,10.6,10.6,0.116,20,reviewed,us,us
2016-11-30T16:53:23.306Z,59.9558,-152.6007,88.3,2.4,ml,,,,0.42,ak,ak016feavluy,2023-08-03T21:23:38.265Z,"47 km WNW of Anchor Point, Alaska",earthquake,,0.3,,,reviewed,ak,ak
2016-11-30T16:34:37.070Z,-27.0566,-71.3287,4.87,4.7,mwr,,119,0.917,1.38,us,us10007dae,2017-02-23T00:11:54.040Z,"104 km WNW of Copiapó, Chile",earthquake,2.6,4.1,,,reviewed,us,guc
2016-11-30T14:42:34.940Z,-6.2685,149.5898,55.56,4.3,mb,,84,3.111,0.7,us,us10007da0,2017-02-23T00:11:54.040Z,"8 km SE of Kandrian, Papua New Guinea",earthquake,8.5,9.5,0.143,14,reviewed,us,us
2016-11-30T13:58:09.210Z,-7.676,127.8065,161.54,4.2,mb,,127,3.473,1.34,us,us20007yz1,2017-02-23T00:11:54.040Z,"129 km NE of Lospalos, Timor Leste",earthquake,9.8,12.3,0.175,9,reviewed,us,us
2016-11-30T13:14:10.210Z,-21.0404,-68.5883,103.32,4.8,mww,,43,0.839,0.92,us,us10007d9e,2017-02-23T00:11:54.040Z,"160 km NNE of Calama, Chile",earthquake,6.2,4.9,,,reviewed,us,us
2016-11-30T13:13:23.320Z,19.208,-155.4576667,39.63,2.07,md,37,110,,0.1,hv,hv61501221,2020-07-06T21:00:40.770Z,"2 km ENE of P?hala, Hawaii",earthquake,0.64,1.25,0.113,21,reviewed,hv,hv
2016-11-30T13:02:50.500Z,-36.8748,177.9065,100.06,4.2,mb,,218,0.756,1.06,us,us20007yyz,2017-02-23T00:11:54.040Z,"137 km NNE of Opotiki, New Zealand",earthquake,10,11.6,0.187,8,reviewed,us,us
2016-11-30T12:56:49.057Z,61.6947,-150.8008,65.8,2.2,ml,,,,0.41,ak,ak016fe8ikkp,2023-08-03T21:22:54.779Z,"22 km NW of Susitna, Alaska",earthquake,,0.4,,,reviewed,ak,ak
2016-11-30T12:29:18.230Z,44.653,-111.884,9.95,2.08,ml,31,76,0.174,0.23,mb,mb80191429,2016-12-02T20:19:35.490Z,"40 km NE of Spencer, Idaho",earthquake,0.42,0.72,0.165,15,reviewed,mb,mb
2016-11-30T12:04:34.260Z,22.8346,121.3826,10,4.6,mb,,78,0.279,1.01,us,us10007d99,2022-05-03T19:50:16.623Z,"99 km ESE of Yujing, Taiwan",earthquake,3.7,1.8,0.098,31,reviewed,us,us
2016-11-30T11:15:39.010Z,-5.0702,129.4989,224.35,4.4,mb,,85,3.401,0.9,us,us20007yz2,2017-02-23T00:11:54.040Z,"201 km SSE of Amahai, Indonesia",earthquake,11.6,15.8,0.139,15,reviewed,us,us
2016-11-30T11:00:39.137Z,53.7547,-165.7187,84.6,2.1,ml,,,,0.37,ak,ak016fe7l43t,2023-08-03T21:22:27.420Z,"42 km S of Akutan, Alaska",earthquake,,2.1,,,reviewed,ak,ak
2016-11-30T10:27:16.424Z,60.9073,-152.4395,114,2,ml,,,,0.44,ak,ak016fe75f2y,2023-08-03T21:22:17.640Z,"67 km WNW of Nikiski, Alaska",earthquake,,0.5,,,reviewed,ak,ak
2016-11-30T10:21:13.630Z,-20.7152,-178.3159,611.29,4.2,mb,,202,4.527,0.46,us,us20007yyv,2017-02-23T00:11:54.040Z,"Fiji region",earthquake,14.4,12.7,0.121,19,reviewed,us,us
2016-11-30T10:20:59.300Z,37.8308333,-122.239,3.53,2.22,md,33,39,0.01982,0.07,nc,nc71105159,2017-02-11T08:46:45.940Z,"0 km NW of Piedmont, California",earthquake,0.2,0.28,0.117,6,reviewed,nc,nc
2016-11-30T10:20:53.300Z,37.8306667,-122.241,5.23,2.3,md,124,19,0.02072,0.1,nc,nc72731140,2017-02-11T08:46:36.430Z,"1 km NW of Piedmont, California",earthquake,0.08,0.12,0.146,62,reviewed,nc,nc
2016-11-30T10:17:03.830Z,-4.4819,101.9229,47.46,4.4,mb,,100,1.036,0.73,us,us20007yyw,2017-02-23T00:11:54.040Z,"84 km SSW of Bengkulu, Indonesia",earthquake,5.9,8,0.11,24,reviewed,us,us
2016-11-30T10:07:35.089Z,63.0507,-149.1249,77.6,2.3,ml,,,,0.63,ak,ak016fe71678,2023-08-03T21:22:15.543Z,"39 km SSW of Cantwell, Alaska",earthquake,,0.3,,,reviewed,ak,ak
2016-11-30T09:40:09.322Z,60.1784,-153.2589,142.8,2.4,ml,,,,0.51,ak,ak016fe6mr8k,2023-08-03T21:21:49.671Z,"58 km E of Port Alsworth, Alaska",earthquake,,0.4,,,reviewed,ak,ak
2016-11-30T09:06:57.540Z,55.1856,-159.4421,13.6,2.3,ml,,,,0.36,ak,ak016fe6fkm2,2023-08-03T21:21:43.576Z,"69 km ESE of Sand Point, Alaska",earthquake,,2.7,,,reviewed,ak,ak
2016-11-30T08:47:37.843Z,62.1896,-149.9813,16.2,3.1,ml,,,,0.79,ak,ak016fe62vug,2023-08-03T21:21:28.179Z,"7 km WNW of Susitna North, Alaska",earthquake,,0.1,,,reviewed,ak,ak
2016-11-30T08:10:13.400Z,18.1749,-64.986,29,2.5,Md,6,208.8,0.17696811,0.5,pr,pr16335002,2017-02-23T00:11:54.040Z,"19 km SSW of Charlotte Amalie, U.S. Virgin Islands",earthquake,6.8,6.9,0,6,reviewed,pr,pr
2016-11-30T07:43:13.950Z,54.5349,-158.976,21.8,2.7,ml,,,,0.44,us,us20007zbc,2023-08-03T21:21:07.151Z,"132 km SE of Sand Point, Alaska",earthquake,5.4,9,0.128,8,reviewed,ak,us
2016-11-30T07:37:47.160Z,43.2755,-110.6533,5,2.8,ml,,72,0.169,0.91,us,us10007d84,2017-02-23T00:11:54.040Z,"10 km E of Hoback, Wyoming",earthquake,1.9,2,0.261,24,reviewed,us,mb
2016-11-30T06:44:35.641Z,54.634,-159.0238,22.5,2.3,ml,,,,0.37,ak,ak016fe4vdbg,2023-08-03T21:20:33.900Z,"122 km SE of Sand Point, Alaska",earthquake,,0.5,,,reviewed,ak,ak
2016-11-30T06:43:50.356Z,52.6949,-167.8768,47.1,2.2,ml,,,,0.35,ak,ak016fe4v6qj,2023-08-03T21:20:31.004Z,"71 km ESE of Nikolski, Alaska",earthquake,,4,,,reviewed,ak,ak
2016-11-30T06:40:20.250Z,54.5533,-158.969,14.6,3.2,ml,,,,0.8,us,us20007zb9,2023-08-03T21:20:29.144Z,"131 km SE of Sand Point, Alaska",earthquake,4.8,3.7,0.105,12,reviewed,ak,us
2016-11-30T06:40:13.640Z,2.7858,123.4363,433.39,4.3,mb,,92,3.131,0.79,us,us20007yys,2017-02-23T00:11:53.040Z,"213 km NW of Manado, Indonesia",earthquake,11.5,9.3,0.096,31,reviewed,us,us
2016-11-30T06:29:27.850Z,19.386,-155.279,1.46,2.64,ml,39,45,,0.08,hv,hv61500821,2020-07-06T21:00:12.910Z,"7 km SW of Volcano, Hawaii",earthquake,0.16,0.17,0.181,22,reviewed,hv,hv
2016-11-30T06:26:24.390Z,34.5095,-118.6275,1.59,2.01,ml,60,21,0.01596,0.23,ci,ci37753344,2017-02-08T21:39:07.919Z,"2km N of Castaic, CA",earthquake,0.18,0.3,0.178,65,reviewed,ci,ci
2016-11-30T05:52:55.440Z,44.7421,10.6322,23.83,3.7,ml,,49,0.228,0.7,us,us10007d7s,2017-02-23T00:11:53.040Z,"3 km S of Argine, Italy",earthquake,2.3,9.8,,,reviewed,us,rom
2016-11-30T05:32:25.000Z,17.964,-67.0753,11,2.4,Md,4,241.2,0.02874609,0.15,pr,pr16335001,2016-11-30T07:46:22.645Z,"3 km WSW of La Parguera, Puerto Rico",earthquake,1.3,0.7,0,2,reviewed,pr,pr
2016-11-30T05:25:39.890Z,36.7865,-121.3855,6.27,2.33,md,48,59,0.02973,0.09,nc,nc72731085,2017-02-11T08:45:39.580Z,"3 km SSW of Ridgemark, California",earthquake,0.14,0.32,0.222,65,reviewed,nc,nc
2016-11-30T05:17:09.072Z,62.0623,-150.8512,57.9,2.2,ml,,,,0.53,ak,ak016fe443bv,2023-08-03T21:19:53.160Z,"29 km ENE of Skwentna, Alaska",earthquake,,0.3,,,reviewed,ak,ak
2016-11-30T05:10:09.290Z,52.9286,-167.8305,42.8,2.6,ml,,,,0.62,us,us20007zb6,2023-08-03T21:19:45.310Z,"69 km E of Nikolski, Alaska",earthquake,10.5,10.1,,,reviewed,ak,ak
2016-11-30T04:44:48.000Z,36.3687,-97.694,5.698,2.4,ml,,35,,0.21,us,us10007d7e,2017-02-23T00:11:53.040Z,"1 km NE of Fairmont, Oklahoma",earthquake,1.7,7.6,,,reviewed,tul,tul
2016-11-30T03:32:46.470Z,37.2447,141.4855,10,4.2,mb,,163,0.833,0.8,us,us20007yyu,2017-02-23T00:11:53.040Z,"50 km ESE of Namie, Japan",earthquake,6.4,1.9,0.305,3,reviewed,us,us
2016-11-30T03:08:09.566Z,61.1375,-150.1672,20.9,2.2,ml,,,,0.7,ak,ak016fe2vapo,2023-08-03T21:19:11.791Z,"16 km WSW of Anchorage, Alaska",earthquake,,0.2,,,reviewed,ak,ak
2016-11-30T02:42:14.990Z,-6.9865,131.8204,24,5.7,mww,,48,1.116,0.95,us,us10007d73,2022-05-03T19:50:18.184Z,"182 km SW of Tual, Indonesia",earthquake,5.8,1.8,,,reviewed,us,us
2016-11-30T02:29:12.690Z,-6.9549,131.9442,24.44,5,mb,,74,1.205,0.61,us,us10007d72,2022-05-03T19:50:14.727Z,"171 km SSW of Tual, Indonesia",earthquake,4.9,5.1,0.078,53,reviewed,us,us
2016-11-30T02:29:09.950Z,60.9031,-152.4589,112.5,3.3,ml,,,,0.6,ak,ak016fe2ed6b,2023-08-03T21:19:05.149Z,"67 km WNW of Nikiski, Alaska",earthquake,,0.2,,,reviewed,ak,ak
2016-11-30T02:19:35.022Z,64.0582,-147.6699,6.3,2.5,ml,,,,0.74,ak,ak016fe2c9y6,2023-08-03T21:18:59.305Z,"62 km SW of Harding-Birch Lakes, Alaska",earthquake,,0.2,,,reviewed,ak,ak
2016-11-30T01:38:44.636Z,51.2432,-178.582,45.6,2.3,ml,,,,0.45,ak,ak016fe1uxov,2023-08-03T21:18:37.017Z,"Andreanof Islands, Aleutian Islands, Alaska",earthquake,,1.9,,,reviewed,ak,ak
2016-11-30T01:37:24.356Z,60.2447,-150.3267,55.6,2.6,ml,,,,0.69,ak,ak016fe1uoer,2023-08-03T21:18:34.878Z,"37 km SE of Funny River, Alaska",earthquake,,0.3,,,reviewed,ak,ak
2016-11-30T01:26:18.230Z,32.5756667,-115.3153333,19.43,2.11,ml,20,210,0.1226,0.28,ci,ci37753152,2017-02-08T21:55:21.992Z,"4km ENE of Puebla, B.C., MX",earthquake,0.87,1.14,0.173,37,reviewed,ci,ci
2016-11-30T01:19:21.800Z,19.6235,-65.2471,30,3.1,Md,6,313.2,1.29447232,0.23,pr,pr16335000,2017-02-23T00:11:53.040Z,"145 km NNW of Charlotte Amalie, U.S. Virgin Islands",earthquake,1.8,20.9,0,5,reviewed,pr,pr
2016-11-30T01:08:27.300Z,-22.1693,-179.102,612.09,4.3,mb,,231,5.151,0.66,us,us20007yyr,2017-02-23T00:11:53.040Z,"south of the Fiji Islands",earthquake,12.7,22.6,0.118,20,reviewed,us,us
2016-11-30T00:40:53.430Z,40.7878,51.856,40.56,4.5,mb,,87,5.464,1.07,us,us10007d69,2017-02-23T00:11:53.040Z,"126 km NW of Türkmenba?y, Turkmenistan",earthquake,7.4,7.2,0.08,46,reviewed,us,us
2016-11-30T00:02:32.200Z,35.9731667,-89.9193333,8.74,2.42,md,36,78,0.0418,0.18,nm,nm60140512,2016-12-04T06:15:15.971Z,"4 km ENE of Gosnell, Arkansas",earthquake,0.26,0.46,0.133,19,reviewed,nm,nm
2016-11-29T23:19:29.430Z,37.2499,141.5777,7.63,4.4,mb,,154,0.879,0.88,us,us10007gl3,2017-02-23T00:11:53.040Z,"57 km ESE of Namie, Japan",earthquake,5.5,5.2,0.162,11,reviewed,us,us
2016-11-29T23:12:03.248Z,51.43,-178.4792,26.7,2,ml,,,,0.39,ak,ak016fcr9gp0,2023-08-03T21:18:08.633Z,"136 km WSW of Adak, Alaska",earthquake,,8,,,reviewed,ak,ak
2016-11-29T22:38:10.670Z,-24.574,-179.613,485.5,4.1,mb,,112,7.135,0.8,us,us10007d86,2017-02-23T00:11:53.040Z,"south of the Fiji Islands",earthquake,14.5,11.8,0.127,17,reviewed,us,us
2016-11-29T22:18:47.000Z,17.9004,-65.64,11,2.5,Md,5,255.6,0.21290072,0.25,pr,pr16334016,2017-02-23T00:11:53.040Z,"27 km SE of El Negro, Puerto Rico",earthquake,1.7,1.5,0,5,reviewed,pr,pr
2016-11-29T22:15:50.600Z,39.3115,74.064,10,4.4,mb,,74,1.759,1.4,us,us10007d5v,2017-02-23T00:11:53.040Z,"126 km N of Murghob, Tajikistan",earthquake,5.2,1.9,0.13,17,reviewed,us,us
2016-11-29T22:15:48.527Z,58.7156,-154.5989,122.6,2.5,ml,,,,0.42,ak,ak016fcqorqc,2023-08-03T21:17:56.407Z,"81 km S of Kokhanok, Alaska",earthquake,,0.5,,,reviewed,ak,ak
2016-11-29T22:09:41.900Z,18.6284,-63.528,22,3.4,Md,12,324,1.21542058,0.2,pr,pr16334015,2017-02-23T00:11:53.040Z,"66 km NW of Sandy Ground Village, Anguilla",earthquake,1.8,15.8,0,10,reviewed,pr,pr
2016-11-29T22:08:44.600Z,18.6564,-66.6491,7,2.8,Md,5,266.4,0.5821083,0.23,pr,pr16334014,2017-02-23T00:11:53.040Z,"21 km NNE of Arecibo, Puerto Rico",earthquake,1.4,1.6,0,3,reviewed,pr,pr
2016-11-29T22:01:08.560Z,-60.3885,-47.4089,10,4.6,mb,,103,5.729,0.69,us,us10007gl1,2017-02-23T00:11:53.040Z,"Scotia Sea",earthquake,10.8,1.9,0.123,20,reviewed,us,us
2016-11-29T21:51:51.295Z,51.878,-176.9083,92.2,2,ml,,,,0.28,ak,ak016fcqb249,2023-08-03T21:17:52.055Z,"18 km W of Adak, Alaska",earthquake,,0.5,,,reviewed,ak,ak
2016-11-29T21:45:06.900Z,44.7531667,-110.9746667,7.77,2.02,ml,14,104,0.02327,0.16,uu,uu60172482,2016-11-30T15:47:45.670Z,"14 km NE of West Yellowstone, Montana",earthquake,0.44,0.57,0.239,4,reviewed,uu,uu
2016-11-29T20:49:30.520Z,59.2832,-154.7999,2.4,2.9,ml,,,,0.66,ak,ak016fcpp5h8,2023-08-03T21:17:33.810Z,"17 km S of Kokhanok, Alaska",earthquake,,0.2,,,reviewed,ak,ak
2016-11-29T20:23:51.330Z,53.7423,-161.3198,25.6,2.7,ml,,,,0.63,us,us20007zd5,2023-08-03T21:17:26.513Z,"160 km SSE of King Cove, Alaska",earthquake,8.5,9.7,0.148,6,reviewed,ak,us
2016-11-29T20:09:51.420Z,-17.1023,-176.4068,10,4.6,mb,,85,5.327,0.58,us,us10007gl0,2017-02-23T00:11:53.040Z,"Fiji region",earthquake,10.6,1.9,0.146,14,reviewed,us,us
2016-11-29T20:09:39.350Z,51.6128,16.157,5,4.2,mwr,,35,0.775,1.04,us,us10007d5c,2020-07-10T15:16:05.394Z,"1 km NNW of Gr?bocice, Poland",earthquake,3.1,1.9,0.098,10,reviewed,us,us
2016-11-29T20:01:14.020Z,51.2411,-177.9584,25.6,2.9,ml,,,,0.97,us,us20007zd4,2023-08-03T21:17:14.037Z,"115 km SW of Adak, Alaska",earthquake,9.1,9,,,reviewed,ak,ak
2016-11-29T19:37:39.510Z,-17.4673,-177.19,10,4.9,mb,,124,4.545,1.06,us,us10007gkz,2017-02-23T00:11:53.040Z,"Fiji region",earthquake,10.2,1.6,0.104,29,reviewed,us,us
2016-11-29T19:08:54.650Z,19.2513333,-155.5566667,4.14,3.13,ml,58,43,,0.24,hv,hv61500261,2020-07-06T20:58:37.590Z,"9 km WNW of P?hala, Hawaii",earthquake,0.33,1,0.164,44,reviewed,hv,hv
2016-11-29T18:28:27.000Z,51.3324,-177.632,35,3,ml,,203,0.6,0.3,us,us20007zd3,2023-08-03T21:17:07.758Z,"91 km SW of Adak, Alaska",earthquake,3.3,2,,,reviewed,us,ak
2016-11-29T18:26:51.660Z,-17.417,-176.575,12.49,5,mb,,66,5.134,0.79,us,us10007d4z,2017-02-23T00:11:53.040Z,"Fiji region",earthquake,8.4,4.1,0.069,67,reviewed,us,us
2016-11-29T18:07:45.460Z,-20.4794,-175.4163,72.54,5.1,mwc,,77,5.354,1.43,us,us10007d4u,2017-02-23T00:11:53.040Z,"76 km NNW of Nuku‘alofa, Tonga",earthquake,5.7,4.7,,9,reviewed,us,gcmt
2016-11-29T17:24:29.900Z,19.172,-64.66,39,2.2,Md,4,313.2,0.84261974,0.09,pr,pr16334013,2016-11-29T19:51:30.589Z,"94 km N of Cruz Bay, U.S. Virgin Islands",earthquake,2.5,8.8,0,3,reviewed,pr,pr
2016-11-29T17:17:45.840Z,-42.3562,173.9291,12.03,4.1,mb,,128,0.227,0.68,us,us10007d4n,2017-02-23T00:11:53.040Z,"93 km S of Blenheim, New Zealand",earthquake,2.3,5.5,0.214,6,reviewed,us,us
2016-11-29T17:01:13.290Z,28.5557,34.458,14.26,4.4,mb,,86,1.191,1.2,us,us10007d4k,2017-02-23T00:11:53.040Z,"8 km NNW of Dahab, Egypt",earthquake,7,4.3,0.087,38,reviewed,us,us
2016-11-29T17:00:49.480Z,16.4979,148.3733,38.4,4.7,mb,,94,2.779,1.3,us,us10007gl2,2017-02-23T00:11:53.040Z,"Mariana Islands region",earthquake,8.2,6.4,0.079,49,reviewed,us,us
2016-11-29T17:00:45.900Z,18.8551,-66.3482,45,2.6,Md,4,288,0.41322503,0.23,pr,pr16334012,2017-02-23T00:11:53.040Z,"43 km N of Brenas, Puerto Rico",earthquake,1.9,3.4,0,3,reviewed,pr,pr
2016-11-29T16:42:20.770Z,20.0418333,-155.492,42.18,2.22,md,27,196,,0.11,hv,hv61500021,2020-07-06T21:00:13.550Z,"4 km SSW of Honoka‘a, Hawaii",earthquake,1.05,1.46,0.046,9,reviewed,hv,hv
2016-11-29T16:14:03.240Z,42.5589,13.247,4.39,4.4,mwr,,123,0.121,0.64,us,us10007d4d,2017-02-23T00:11:53.040Z,"3 km N of Montereale, Italy",earthquake,5.4,4.6,,,reviewed,us,zamg
2016-11-29T16:13:53.967Z,53.8792,-164.4584,42.5,2.1,ml,,,,0.44,ak,ak016fcn3r38,2023-08-03T21:16:54.996Z,"90 km ESE of Akutan, Alaska",earthquake,,2.7,,,reviewed,ak,ak
2016-11-29T16:11:22.748Z,51.2582,-174.782,16.9,3.1,ml,,,,0.23,ak,ak016fcn398y,2023-08-03T21:16:47.168Z,"111 km SSW of Atka, Alaska",earthquake,,3.1,,,reviewed,ak,ak
2016-11-29T16:03:00.650Z,31.7985,-116.102,12.19,2.35,ml,16,133,0.2439,0.22,ci,ci37752872,2017-02-08T21:47:18.502Z,"45km ENE of Maneadero, B.C., MX",earthquake,0.5,1.39,0.115,43,reviewed,ci,ci
2016-11-29T15:21:22.270Z,64.7416,-141.2853,14.2,2.8,ml,,,,0.58,ak,ak016fcmjyrn,2023-08-03T21:16:41.799Z,"6 km SW of Eagle, Alaska",earthquake,,0.1,,,reviewed,ak,ak
2016-11-29T15:10:58.800Z,24.43,121.9,26.1,4.5,mb,,,,0.94,us,us10007r58,2017-02-23T00:11:52.040Z,"39 km SSE of Yilan, Taiwan",earthquake,4.5,4.7,0.144,14,reviewed,tap,us
2016-11-29T15:10:45.900Z,24.44,121.89,25.7,4.3,mb,,,,1.07,us,us10007gkx,2017-02-23T00:11:52.040Z,"37 km SSE of Yilan, Taiwan",earthquake,4.4,5.9,0.238,9,reviewed,tap,us
2016-11-29T15:05:21.020Z,-9.6736,118.8869,42.91,4,mb,,85,3.465,0.81,us,us10007d44,2017-02-23T00:11:52.040Z,"134 km SSE of Dompu, Indonesia",earthquake,8.9,12.3,0.182,8,reviewed,us,us
2016-11-29T14:49:14.455Z,59.6597,-153.1196,104.8,2.9,ml,,,,0.45,ak,ak016fcm4ilx,2023-08-03T21:16:38.258Z,"57 km ESE of Pedro Bay, Alaska",earthquake,,0.3,,,reviewed,ak,ak
2016-11-29T13:37:23.100Z,38.8657,70.7886,10,4.6,mb,,90,0.392,1.01,us,us10007d3x,2017-02-23T00:11:52.040Z,"40 km ESE of Rasht, Tajikistan",earthquake,2.6,1.8,0.182,9,reviewed,us,us
2016-11-29T13:19:36.570Z,6.6168,-72.8662,169.5,4.2,mb,,149,2.279,0.6,us,us10007gkw,2022-08-07T11:34:43.878Z,"8 km SW of Molagavita, Colombia",earthquake,12.2,13.7,0.093,32,reviewed,us,us
2016-11-29T13:15:17.110Z,-41.7688,174.4129,14.83,4,mwr,,107,0.15,0.78,us,us10007d3w,2017-02-23T00:11:52.040Z,"Cook Strait, New Zealand",earthquake,3.1,3.9,0.052,35,reviewed,us,us
2016-11-29T13:15:01.790Z,31.8013333,-116.107,11.75,2.71,ml,19,134,0.2438,0.19,ci,ci37752752,2017-02-08T20:28:48.448Z,"44km ENE of Maneadero, B.C., MX",earthquake,0.32,0.91,0.136,24,reviewed,ci,ci
2016-11-29T13:08:31.630Z,-7.7973,123.6191,252.99,4.5,mb,,31,1.601,1.16,us,us10007d3t,2017-02-23T00:11:52.040Z,"176 km NNW of Pante Makasar, Timor Leste",earthquake,7.2,6.5,0.087,39,reviewed,us,us
2016-11-29T12:59:36.500Z,33.1743333,-116.4135,4.33,2.49,ml,102,29,0.09366,0.19,ci,ci37752744,2017-02-08T20:44:39.756Z,"10km SSW of Borrego Springs, CA",earthquake,0.12,0.45,0.146,126,reviewed,ci,ci
2016-11-29T11:43:38.900Z,18.7597,-65.455,42,2.5,Md,5,262.8,0.47790373,0.1,pr,pr16334011,2017-02-23T00:11:52.040Z,"50 km NNE of Luquillo, Puerto Rico",earthquake,2,3.6,0,4,reviewed,pr,pr
2016-11-29T11:41:47.840Z,0.0473,97.7982,30.25,4.2,mb,,203,1.267,1.24,us,us10007gkt,2017-02-23T00:11:52.040Z,"216 km SSW of Sibolga, Indonesia",earthquake,9.3,5.9,0.167,10,reviewed,us,us
2016-11-29T11:04:43.920Z,40.7165,-112.0681667,9.68,2.38,ml,21,50,0.07524,0.17,uu,uu60172332,2016-11-30T14:42:04.057Z,"2 km ENE of Magna, Utah",earthquake,0.34,1.08,0.128,10,reviewed,uu,uu
2016-11-29T11:04:17.610Z,40.72,-112.0671667,8.8,2.1,ml,36,40,0.07862,0.19,uu,uu60172327,2017-02-23T00:11:52.040Z,"3 km ENE of Magna, Utah",earthquake,0.3,0.79,0.115,9,reviewed,uu,uu
2016-11-29T11:00:02.220Z,35.403,-118.2138333,7.76,2.53,ml,50,55,0.1462,0.14,ci,ci37752712,2017-02-08T19:41:07.281Z,"32km SE of Bodfish, CA",earthquake,0.14,0.59,0.14,102,reviewed,ci,ci
2016-11-29T10:37:50.730Z,7.5812,125.66,10,4.2,mb,,196,0.514,1.12,us,us10007gl4,2017-02-23T00:11:52.040Z,"0 km WNW of Luna, Philippines",earthquake,6.9,2,0.215,6,reviewed,us,us
2016-11-29T10:14:57.960Z,78.5314,-19.0536,10,4.4,mb,,103,6.039,1.22,us,us10007gkq,2017-02-23T00:11:52.040Z,"eastern Greenland",earthquake,10.5,2,0.204,7,reviewed,us,us
2016-11-29T10:00:46.680Z,35.6838333,-89.7655,11.96,2.54,md,31,86,0.1042,0.25,nm,nm60140392,2017-02-23T00:11:52.040Z,"10 km N of Garland, Tennessee",earthquake,0.39,1.72,0.077,21,reviewed,nm,nm
2016-11-29T09:39:15.200Z,18.9643,-65.2658,28,2.5,Md,6,280.8,0.6521769,0.18,pr,pr16334009,2017-02-23T00:11:52.040Z,"73 km N of Culebra, Puerto Rico",earthquake,2.1,12.5,0,5,reviewed,pr,pr
2016-11-29T09:31:01.200Z,19.1683,-64.6741,36,2.5,Md,7,313.2,0.83633153,0.25,pr,pr16334008,2017-02-23T00:11:52.040Z,"93 km N of Cruz Bay, U.S. Virgin Islands",earthquake,4.5,16.7,0,3,reviewed,pr,pr
2016-11-29T09:25:26.200Z,19.0305,-64.7289,87,2.9,Md,5,306,0.69619435,0.23,pr,pr16334007,2017-02-23T00:11:52.040Z,"77 km N of Cruz Bay, U.S. Virgin Islands",earthquake,7.4,7.1,0,3,reviewed,pr,pr
2016-11-29T09:11:10.980Z,9.7194,126.0495,10,4.3,mb,,133,8.741,1.11,us,us10007gkv,2017-02-23T00:11:52.040Z,"4 km S of Dapa, Philippines",earthquake,14.2,1.9,0.168,10,reviewed,us,us
2016-11-29T08:54:19.520Z,-17.8817,-178.4078,592.27,4.7,mb,,79,3.374,1.28,us,us10007d35,2017-02-23T00:11:52.040Z,"241 km E of Levuka, Fiji",earthquake,13,4,0.063,77,reviewed,us,us
2016-11-29T08:46:21.320Z,2.4733,92.5875,31.66,4.6,mb,,94,5.118,0.63,us,us10007d30,2017-02-23T00:11:52.040Z,"off the west coast of northern Sumatra",earthquake,11.6,5.5,0.098,31,reviewed,us,us
2016-11-29T07:22:39.710Z,49.0505,-113.3223,39.87,2.5,ml,,84,0.377,0.38,us,us10007d43,2017-02-23T00:11:52.040Z,"16 km S of Cardston, Canada",earthquake,3.8,8.5,,,reviewed,us,pgc
2016-11-29T07:09:25.610Z,50.4018,-176.2082,30.78,4.7,mb,,128,1.512,0.86,us,us10007d2m,2023-08-03T21:15:37.173Z,"166 km S of Adak, Alaska",earthquake,7.8,5.3,0.042,174,reviewed,us,us
2016-11-29T07:02:06.880Z,29.7357,-42.7041,10,4.8,mb,,152,14.93,0.59,us,us10007d2l,2017-02-23T00:11:52.040Z,"northern Mid-Atlantic Ridge",earthquake,8.6,1.9,0.086,42,reviewed,us,us
2016-11-29T06:49:56.530Z,-5.2389,148.4368,113.67,4.2,mb,,177,4.328,0.31,us,us10007gkj,2017-02-23T00:11:52.040Z,"159 km NNE of Finschhafen, Papua New Guinea",earthquake,14,17.7,0.186,10,reviewed,us,us
2016-11-29T06:46:14.423Z,57.5985,-154.9928,71.1,2.1,ml,,,,0.25,ak,ak016fchcema,2023-08-03T21:15:34.646Z,"32 km W of Karluk, Alaska",earthquake,,0.8,,,reviewed,ak,ak
2016-11-29T06:36:23.791Z,54.4874,-160.7902,4.8,2.3,ml,,,,0.62,ak,ak016fchaa6j,2023-08-03T21:15:32.387Z,"96 km S of Sand Point, Alaska",earthquake,,0.6,,,reviewed,ak,ak
2016-11-29T06:36:10.300Z,19.2695,-64.9984,30,3.1,Md,7,309.6,0.99263839,0.41,pr,pr16334005,2016-11-29T08:15:53.601Z,"102 km N of Charlotte Amalie, U.S. Virgin Islands",earthquake,2.9,29.6,0,6,reviewed,pr,pr
2016-11-29T06:34:26.500Z,19.148,-64.7229,24,2,Md,4,324,0.81297533,0.31,pr,pr16334006,2016-11-29T08:16:49.762Z,"90 km N of Cruz Bay, U.S. Virgin Islands",earthquake,2.7,27.6,0,3,reviewed,pr,pr
2016-11-29T06:33:32.560Z,24.8155,122.0343,10,4.5,mb,,52,0.512,1.5,us,us10007gkk,2017-02-23T00:11:52.040Z,"29 km ENE of Yilan, Taiwan",earthquake,2.9,1.9,0.242,6,reviewed,us,us
2016-11-29T06:27:27.440Z,52.3273,-175.6039,235,3.9,mb,,,,0.52,us,us20007zcy,2023-08-03T21:15:27.775Z,"86 km NE of Adak, Alaska",earthquake,21,7.4,0.149,14,reviewed,ak,us
2016-11-29T06:18:09.600Z,19.0797,-64.7492,24,2.3,Md,3,320.4,0.74470337,0.2,pr,pr16334004,2016-11-29T08:15:13.469Z,"82 km N of Cruz Bay, U.S. Virgin Islands",earthquake,1.9,18.1,0,2,reviewed,pr,pr
2016-11-29T05:20:04.200Z,19.1392,-64.7188,29,2.5,Md,3,324,0.80399218,0.1,pr,pr16334003,2017-02-23T00:11:52.040Z,"89 km N of Cruz Bay, U.S. Virgin Islands",earthquake,1.9,11.6,0,2,reviewed,pr,pr
2016-11-29T04:50:33.154Z,56.7341,-159.0625,140.3,2.7,ml,,,,0.31,ak,ak016fcg6fpv,2023-08-03T21:14:58.224Z,"35 km SW of Port Heiden, Alaska",earthquake,,0.7,,,reviewed,ak,ak
2016-11-29T04:34:30.490Z,-31.9647,-70.9865,91.08,4.3,mb,,127,0.65,0.55,us,us10007d2d,2017-02-23T00:11:52.040Z,"20 km S of Salamanca, Chile",earthquake,4.9,7.3,0.154,12,reviewed,us,us
2016-11-29T03:53:53.560Z,-0.171,125.6755,39.62,5.2,mb,,31,1.933,0.94,us,us10007d24,2017-02-23T00:11:52.040Z,"184 km SSE of Tondano, Indonesia",earthquake,6.4,5.1,0.051,127,reviewed,us,us
2016-11-29T03:46:37.480Z,39.6891,142.02,55.74,4.4,mb,,167,1.32,0.63,us,us10007gkp,2017-02-23T00:11:52.040Z,"8 km NE of Miyako, Japan",earthquake,4.3,11.6,0.203,7,reviewed,us,us
2016-11-29T03:45:02.910Z,38.8295,-122.8476667,1.82,2.97,md,66,26,0.007207,0.06,nc,nc72730585,2017-02-23T00:11:52.040Z,"10 km W of Cobb, California",earthquake,0.1,0.15,0.177,32,reviewed,nc,nc
2016-11-29T03:43:28.000Z,19.0428,-66.5059,35,3.5,Md,22,237.6,0.56324368,0.36,pr,pr16334001,2017-02-23T00:11:52.040Z,"64 km N of Tierras Nuevas Poniente, Puerto Rico",earthquake,1.4,5.9,0,18,reviewed,pr,pr
2016-11-29T03:24:06.350Z,51.9376,-170.4432,27.4,3.7,ml,,,,1.1,us,us10007gkd,2023-08-03T21:14:30.638Z,"154 km SW of Nikolski, Alaska",earthquake,6.4,7.9,0.148,6,reviewed,ak,us
2016-11-29T03:09:36.980Z,-42.2946,173.8456,18.62,4.3,mwr,,93,0.151,0.71,us,us10007d1w,2017-02-23T00:11:52.040Z,"86 km S of Blenheim, New Zealand",earthquake,3.4,1.9,0.048,42,reviewed,us,us
2016-11-29T02:58:20.700Z,19.6478,-64.2454,24,3.3,Md,6,331.2,1.39957521,0.33,pr,pr16334002,2017-02-23T00:11:52.040Z,"156 km NNE of Cruz Bay, U.S. Virgin Islands",earthquake,4.5,28.3,0,4,reviewed,pr,pr
2016-11-29T02:03:50.900Z,36.419,-98.1406,7.028,2.7,ml,,45,,0.49,us,us10007d1j,2022-08-07T11:25:42.838Z,"4 km NE of Meno, Oklahoma",earthquake,0.9,6.8,,,reviewed,tul,tul
2016-11-29T01:43:22.960Z,36.8645,-121.5965,5.47,2.29,md,35,60,0.008108,0.09,nc,nc72730570,2017-02-11T08:36:52.850Z,"4 km ESE of Aromas, California",earthquake,0.2,0.29,0.183,34,reviewed,nc,nc
2016-11-29T01:40:46.500Z,18.4664,-65.787,110,2.9,Md,6,255.6,0.20391757,0.1,pr,pr16334000,2017-02-23T00:11:52.040Z,"6 km NE of Vieques, Puerto Rico",earthquake,3.2,1,0,6,reviewed,pr,pr
2016-11-29T01:32:02.400Z,37.4232,-97.3819,9.45,2.3,mb_lg,,66,0.195,0.49,us,us10007d18,2022-08-07T11:25:52.824Z,"9 km WNW of Belle Plaine, Kansas",earthquake,2.6,6.9,0.193,7,reviewed,us,us
2016-11-29T01:02:59.640Z,39.9567,141.6542,65.68,4.4,mb,,184,0.946,0.43,us,us10007d14,2017-02-23T00:11:52.040Z,"42 km NW of Miyako, Japan",earthquake,5.7,8.8,0.155,12,reviewed,us,us
2016-11-29T00:53:32.041Z,61.5907,-151.2085,1.1,2.3,ml,,,,0.47,ak,ak016fcdtcd0,2023-08-03T21:13:53.121Z,"37 km W of Susitna, Alaska",earthquake,,0.2,,,reviewed,ak,ak
2016-11-29T00:42:13.800Z,-27.7942,-176.3067,10,4.2,mb,,164,14.244,0.39,us,us10007gkb,2017-02-23T00:11:52.040Z,"Kermadec Islands region",earthquake,14,1.9,0.187,8,reviewed,us,us
2016-11-29T00:26:24.200Z,39.8228,143.2026,21.8,4.5,mwr,,134,1.898,0.55,us,us10007d0r,2017-02-23T00:11:52.040Z,"109 km E of Miyako, Japan",earthquake,5.9,5.3,0.08,15,reviewed,us,us
2016-11-29T00:26:21.350Z,17.2416,145.4426,358.35,4.6,mb,,118,2.017,0.68,us,us10007d0s,2017-02-23T00:11:52.040Z,"227 km N of Saipan, Northern Mariana Islands",earthquake,9.7,7.5,0.05,117,reviewed,us,us
2016-11-29T00:19:29.230Z,34.92,23.2886,12.3,4.5,mwr,,122,1.363,0.94,us,us10007d0q,2017-02-23T00:11:52.040Z,"49 km SW of Palaióchora, Greece",earthquake,8.5,5.8,0.098,10,reviewed,us,us
2016-11-28T23:59:37.340Z,22.1821,121.3466,21.16,4.3,mb,,110,0.678,0.89,us,us10007d0p,2017-02-23T00:11:51.040Z,"65 km ENE of Hengchun, Taiwan",earthquake,3.7,7.2,0.116,21,reviewed,us,us
2016-11-28T22:10:48.490Z,49.4785,-120.5328333,-0.53,2.1,ml,7,289,0.6201,0.45,uw,uw61220357,2016-12-06T20:10:36.020Z,"2 km NW of Princeton, Canada",explosion,2.87,31.61,0.045,6,reviewed,uw,uw
2016-11-28T21:42:30.850Z,-23.1635,-175.0249,10,5,mb,,92,6.259,1.4,us,us10007czq,2017-02-23T00:11:51.040Z,"202 km S of ‘Ohonua, Tonga",earthquake,11,1.8,0.099,33,reviewed,us,us
2016-11-28T21:41:55.380Z,-31.5939,-68.7192,109.69,3.8,mb,,60,0.056,1.19,us,us10007czn,2017-02-23T00:11:51.040Z,"5 km SSE of Villa Basilio Nievas, Argentina",earthquake,7.6,7,0.509,1,reviewed,us,us
2016-11-28T21:21:55.404Z,60.9396,-150.8694,19.9,2,ml,,,,0.69,ak,ak016fb2lagk,2023-08-03T21:12:59.394Z,"9 km W of Point Possession, Alaska",earthquake,,0.5,,,reviewed,ak,ak
2016-11-28T21:07:48.784Z,51.7357,-172.9602,43,2.6,ml,,,,0.72,ak,ak016fb2i9xa,2023-08-03T21:12:50.079Z,"99 km ESE of Atka, Alaska",earthquake,,9.8,,,reviewed,ak,ak
2016-11-28T19:50:34.610Z,-24.3134,179.3852,550.65,4.2,mb,,195,6.653,0.27,us,us10007f66,2017-02-23T00:11:51.040Z,"south of the Fiji Islands",earthquake,9.1,17.8,0.128,17,reviewed,us,us
2016-11-28T19:37:41.610Z,38.1825,-112.3201667,1.84,2.31,ml,17,122,0.1769,0.21,uu,uu60172257,2016-11-30T16:33:42.500Z,"4 km WNW of Circleville, Utah",earthquake,0.56,14.1,0.198,5,reviewed,uu,uu
2016-11-28T19:34:32.410Z,36.1128333,-117.8753333,2.72,2.47,ml,31,56,0.01724,0.15,ci,ci37752168,2017-02-08T21:10:33.485Z,"10km NE of Coso Junction, CA",earthquake,0.17,0.3,0.183,61,reviewed,ci,ci
2016-11-28T19:12:43.418Z,57.7832,-156.1867,123.1,2.1,ml,,,,0.45,ak,ak016fb1cgvp,2023-08-03T21:12:08.192Z,"78 km ENE of Ugashik, Alaska",earthquake,,0.2,,,reviewed,ak,ak
2016-11-28T17:56:40.200Z,12.2874,144.6311,10,4.8,mb,,136,1.314,0.71,us,us10007cyl,2017-02-23T00:11:51.040Z,"108 km S of Merizo Village, Guam",earthquake,11.1,1.9,0.081,47,reviewed,us,us
2016-11-28T17:48:07.025Z,60.1351,-153.417,156.1,2,ml,,,,0.49,ak,ak016fb0d8n2,2023-08-03T21:11:43.861Z,"50 km E of Port Alsworth, Alaska",earthquake,,0.2,,,reviewed,ak,ak
2016-11-28T17:46:31.040Z,53.5785,-163.6702,22.35,4.7,mb,,167,1.289,0.67,us,us10007cyf,2023-08-03T21:11:37.647Z,"Unimak Island region, Alaska",earthquake,8,6.3,0.067,67,reviewed,us,us
2016-11-28T17:08:58.600Z,38.8325,-122.7988333,1.84,2.36,md,62,45,0.009009,0.04,nc,nc72730395,2017-02-11T08:34:26.530Z,"6 km W of Cobb, California",earthquake,0.1,0.14,0.154,46,reviewed,nc,nc
2016-11-28T16:52:58.926Z,51.4985,-178.9641,63.8,2.2,ml,,,,0.49,ak,ak016fazsrwk,2023-08-03T21:11:12.899Z,"166 km WSW of Adak, Alaska",earthquake,,0.5,,,reviewed,ak,ak
2016-11-28T16:51:10.710Z,55.7465,164.5304,25.74,4.3,mb,,145,4.388,0.53,us,us10007f61,2017-02-23T00:11:51.040Z,"138 km ESE of Ust’-Kamchatsk Staryy, Russia",earthquake,14.4,7.6,0.07,59,reviewed,us,us
2016-11-28T15:54:12.887Z,60.067,-153.6036,171.2,2.4,ml,,,,0.61,ak,ak016faz7o6g,2023-08-03T21:10:57.892Z,"41 km NE of Pedro Bay, Alaska",earthquake,,0.3,,,reviewed,ak,ak
2016-11-28T15:36:26.070Z,37.6281667,-122.4713333,7.67,2.86,md,176,69,0.009009,0.09,nc,nc72730350,2019-10-05T17:51:05.413Z,"2 km NE of Pacifica, California",earthquake,0.09,0.12,0.17,89,reviewed,nc,nc
2016-11-28T15:12:31.528Z,58.2805,-151.805,5,2.3,ml,,,,0.75,ak,ak016fayypjk,2023-08-03T21:10:50.139Z,"57 km NE of Ouzinkie, Alaska",earthquake,,0.2,,,reviewed,ak,ak
2016-11-28T14:15:22.349Z,59.8652,-153.4902,131.8,2.2,ml,,,,0.67,ak,ak016faydwdm,2023-08-03T21:10:40.239Z,"35 km ENE of Pedro Bay, Alaska",earthquake,,0.3,,,reviewed,ak,ak
2016-11-28T13:00:49.210Z,-42.1404,173.8476,14.04,4.2,mwr,,118,0.024,0.88,us,us10007cxe,2017-02-23T00:11:51.040Z,"69 km S of Blenheim, New Zealand",earthquake,3.1,4.6,0.051,37,reviewed,us,us
2016-11-28T12:54:42.090Z,9.1559,126.1181,116.43,4.6,mb,,93,2.14,0.91,us,us10007f5z,2017-02-23T00:11:51.040Z,"6 km NW of Buenavista, Philippines",earthquake,4.7,7.7,0.075,53,reviewed,us,us
2016-11-28T12:50:14.279Z,60.37,-141.2866,9.8,2.2,ml,,,,0.78,ak,ak016faxeilv,2023-08-03T21:10:19.149Z,"126 km NW of Yakutat, Alaska",earthquake,,0.1,,,reviewed,ak,ak
2016-11-28T12:49:59.070Z,52.0694,177.2759,6.03,2.6,ml,,172,1.437,0.16,us,us10007ep2,2023-08-03T21:10:16.748Z,"291 km ESE of Attu Station, Alaska",earthquake,12.5,9.8,,,reviewed,us,ak
2016-11-28T12:10:01.160Z,28.8697,140.1192,416.98,4.2,mb,,89,2.541,0.96,us,us10007f5y,2017-02-23T00:11:51.040Z,"Bonin Islands, Japan region",earthquake,13.4,4.1,0.092,33,reviewed,us,us
2016-11-28T11:50:02.850Z,-7.3245,149.6264,47.09,4.9,mb,,138,3.198,0.64,us,us10007cx5,2017-02-23T00:11:51.040Z,"123 km S of Kandrian, Papua New Guinea",earthquake,9.1,7.9,0.078,51,reviewed,us,us
2016-11-28T11:49:01.940Z,16.7697,-101.5753,10.67,4.2,mb,,233,1.282,0.81,us,us10007cx4,2017-02-23T00:11:51.040Z,"83 km SW of Papanoa, Mexico",earthquake,6.2,4.2,0.106,25,reviewed,us,us
2016-11-28T11:47:12.700Z,53.2383,-166.5507,25.3,2,ml,,,,0.35,ak,ak016fawsfqe,2023-08-03T21:10:03.249Z,"70 km S of Unalaska, Alaska",earthquake,,6.7,,,reviewed,ak,ak
2016-11-28T11:41:56.917Z,65.9373,-135.0152,12.7,2.6,ml,,,,1.1,ak,ak016fawr8uj,2023-08-03T21:10:01.262Z,"167 km S of Fort McPherson, Canada",earthquake,,0.3,,,reviewed,ak,ak
2016-11-28T11:26:15.430Z,14.5659,53.736,10,5.4,mwb,,68,10.584,0.83,us,us10007cx2,2017-02-23T00:11:51.040Z,"209 km N of Qalans?yah, Yemen",earthquake,9.5,1.9,0.103,9,reviewed,us,us
2016-11-28T11:21:39.626Z,54.0806,-163.5482,25.6,2.2,ml,,,,0.31,ak,ak016fawmx6y,2023-08-03T21:09:49.998Z,"86 km S of False Pass, Alaska",earthquake,,2.8,,,reviewed,ak,ak
2016-11-28T11:17:39.390Z,51.8413,-171.3352,36.67,4.2,ml,,212,1.322,0.73,us,us10007eny,2023-08-03T21:09:42.790Z,"200 km ESE of Atka, Alaska",earthquake,12,23.3,0.148,6,reviewed,us,us
2016-11-28T11:07:51.060Z,43.2208,-126.6675,24.41,4.2,mwr,,177,1.745,1.12,us,us10007cww,2017-02-23T00:11:51.040Z,"183 km W of Langlois, Oregon",earthquake,6,5.5,0.04,60,reviewed,us,us
2016-11-28T11:00:23.150Z,-54.6025,-127.6537,10,4.9,mb,,84,29.553,0.33,us,us10007f5v,2017-02-23T00:11:51.040Z,"Pacific-Antarctic Ridge",earthquake,8.4,2,0.176,10,reviewed,us,us
2016-11-28T10:57:27.410Z,36.0086667,-120.579,3.51,2.19,md,67,39,0.03423,0.09,nc,nc72730300,2017-02-11T08:32:45.610Z,"17 km NW of Parkfield, California",earthquake,0.12,0.19,0.188,49,reviewed,nc,nc
2016-11-28T10:56:48.300Z,36.0108333,-120.576,4.23,2.52,md,72,42,0.03153,0.08,nc,nc72730295,2017-02-11T08:32:34.470Z,"17 km NW of Parkfield, California",earthquake,0.13,0.19,0.21,67,reviewed,nc,nc
2016-11-28T10:20:22.230Z,44.5862,-71.24,7.16,2,ml,,133,0.061,0.46,us,us10007czy,2017-02-23T00:11:51.040Z,"4 km SW of Dummer, New Hampshire",earthquake,1,3.3,0.085,18,reviewed,us,us
2016-11-28T09:53:44.943Z,53.6425,-166.8867,82.9,2,ml,,,,0.18,ak,ak016favmxb2,2023-08-03T21:09:30.261Z,"34 km SW of Unalaska, Alaska",earthquake,,0.2,,,reviewed,ak,ak
2016-11-28T09:42:25.170Z,55.6421,164.5513,35.03,4.8,mb,,121,4.337,0.74,us,us10007cwp,2017-02-23T00:11:51.040Z,"145 km ESE of Ust’-Kamchatsk Staryy, Russia",earthquake,8.8,8.4,0.041,184,reviewed,us,us
2016-11-28T09:37:10.170Z,19.2138333,-155.2513333,28.49,2.35,md,48,182,,0.1,hv,hv61498641,2020-07-06T21:00:14.280Z,"23 km E of P?hala, Hawaii",earthquake,0.68,0.9,0.109,21,reviewed,hv,hv
2016-11-28T09:36:17.710Z,19.2281667,-155.2535,29.56,2.95,ml,61,175,,0.11,hv,hv61498646,2020-07-06T21:01:11.940Z,"23 km E of P?hala, Hawaii",earthquake,0.47,0.56,0.179,39,reviewed,hv,hv
2016-11-28T09:11:41.670Z,36.1123333,-117.8761667,2.5,2.87,ml,42,40,0.01803,0.14,ci,ci37751936,2017-02-08T21:23:45.231Z,"10km NE of Coso Junction, CA",earthquake,0.14,0.26,0.273,25,reviewed,ci,ci
2016-11-28T08:46:12.040Z,37.2491,141.4171,35,4,mwr,,139,0.794,1.05,us,us10007czp,2017-02-23T00:11:51.040Z,"45 km SE of Namie, Japan",earthquake,5.8,2,0.098,10,reviewed,us,us
2016-11-28T08:44:27.170Z,51.7331,178.633,90.4,2.5,ml,,,,0.72,us,us10007enu,2023-08-03T21:09:25.124Z,"Rat Islands, Aleutian Islands, Alaska",earthquake,11.7,10.1,,,reviewed,ak,ak
2016-11-28T08:17:25.500Z,-55.2124,-128.5132,10,5,mb,,108,31.494,1.48,us,us10007cwr,2017-02-23T00:11:51.040Z,"Pacific-Antarctic Ridge",earthquake,5.2,1.9,0.092,38,reviewed,us,us
2016-11-28T08:07:21.700Z,-41.8291,88.4676,10,5.5,mwb,,59,9.301,0.9,us,us10007cw9,2022-05-03T19:50:07.738Z,"southeast Indian Ridge",earthquake,9.8,1.8,0.069,20,reviewed,us,us
2016-11-28T08:01:34.030Z,59.9044,-152.826,90.7,2,ml,,,,0.43,ak,ak016fauqbmj,2023-08-03T21:09:09.304Z,"57 km WNW of Anchor Point, Alaska",earthquake,,0.2,,,reviewed,ak,ak
2016-11-28T07:57:16.334Z,60.0403,-153.0253,113.2,2.3,ml,,,,0.47,ak,ak016faugur5,2023-08-03T21:09:05.491Z,"66 km ENE of Pedro Bay, Alaska",earthquake,,0.2,,,reviewed,ak,ak
2016-11-28T06:49:05.800Z,18.0515,-67.2701,21,2.3,Md,4,273.6,0.15900181,0.17,pr,pr16333003,2016-11-28T08:29:32.998Z,"9 km WSW of Puerto Real, Puerto Rico",earthquake,1.4,2,0,3,reviewed,pr,pr
2016-11-28T06:37:08.250Z,15.5716,-88.4126,10,4.4,mb,,48,1.347,1.17,us,us10007cvx,2017-02-23T00:11:51.040Z,"Honduras-Guatemala border region",earthquake,5.5,2,0.061,78,reviewed,us,us
2016-11-28T06:11:01.590Z,32.592,-115.3203333,17.06,2.23,ml,25,119,0.1121,0.23,ci,ci37751816,2017-02-08T19:57:09.948Z,"4km NE of Puebla, B.C., MX",earthquake,0.66,0.98,0.141,45,reviewed,ci,ci
2016-11-28T06:04:18.013Z,51.5182,-176.7173,38.9,2.4,ml,,,,0.29,ak,ak016fatk2bt,2023-08-03T21:08:21.847Z,"39 km S of Adak, Alaska",earthquake,,0.6,,,reviewed,ak,ak
2016-11-28T05:46:04.320Z,39.2964,74.1808,10,4.6,mb,,77,1.85,1.27,us,us10007cvs,2017-02-23T00:11:51.040Z,"126 km N of Murghob, Tajikistan",earthquake,4.7,1.7,0.119,21,reviewed,us,us
2016-11-28T05:23:05.468Z,51.8879,-174.0192,52.1,2,ml,,,,0.12,ak,ak016fat2ocy,2023-08-03T21:08:07.786Z,"36 km SSE of Atka, Alaska",earthquake,,3.7,,,reviewed,ak,ak
2016-11-28T05:22:09.100Z,39.829,19.7499,14.9,4.4,mb,,77,0.121,1.01,us,us10007cvp,2017-02-23T00:11:51.040Z,"6 km NW of Acharávi, Greece",earthquake,3.5,6.5,0.189,8,reviewed,us,us
2016-11-28T05:16:24.620Z,32.5655,-115.3093333,18.18,2.12,ml,22,168,0.1319,0.21,ci,ci37751800,2017-02-08T21:42:03.168Z,"4km E of Puebla, B.C., MX",earthquake,0.75,0.78,0.217,35,reviewed,ci,ci
2016-11-28T04:53:32.932Z,51.4529,179.0142,47.4,2.2,ml,,,,0.2,ak,ak016fasnqct,2023-08-03T21:08:03.760Z,"Rat Islands, Aleutian Islands, Alaska",earthquake,,0.9,,,reviewed,ak,ak
2016-11-28T04:46:46.712Z,58.8904,-154.7183,115.8,2.2,ml,,,,0.4,ak,ak016fasm9en,2023-08-03T21:07:58.285Z,"61 km S of Kokhanok, Alaska",earthquake,,0.4,,,reviewed,ak,ak
2016-11-28T04:34:44.900Z,43.3669,-127.0223,29.85,5.5,mww,,179,2.029,0.89,us,us10007cvf,2022-05-03T19:50:09.051Z,"214 km W of Bandon, Oregon",earthquake,6.9,4.3,,,reviewed,us,us
2016-11-28T04:25:33.260Z,-6.8206,155.3767,39.7,4.2,mb,,156,4.129,0.97,us,us10007f5p,2017-02-23T00:11:51.040Z,"57 km SSW of Panguna, Papua New Guinea",earthquake,13.9,9.1,0.146,13,reviewed,us,us
2016-11-28T04:17:44.600Z,17.9417,-65.4213,13,2.4,Md,6,237.6,0.19852768,0.23,pr,pr16333002,2016-11-28T08:28:32.308Z,"17 km SSE of Esperanza, Puerto Rico",earthquake,1.4,1,0,4,reviewed,pr,pr
2016-11-28T04:12:57.500Z,-56.7626,-141.1255,10,5.4,mwb,,115,27.452,0.71,us,us10007cvl,2022-05-03T19:50:06.139Z,"Pacific-Antarctic Ridge",earthquake,14.6,1.8,0.078,16,reviewed,us,us
2016-11-28T04:11:00.066Z,62.3378,-149.8038,48.3,3,ml,,,,0.64,ak,ak016fasenqu,2023-08-03T21:07:36.753Z,"Central Alaska",earthquake,,0.3,,,reviewed,ak,ak
2016-11-28T03:39:58.730Z,-8.3315,-79.8727,48.89,4.4,mb,,161,1.886,0.88,us,us10007f5s,2017-02-23T00:11:51.040Z,"81 km WSW of Santiago de Cao, Peru",earthquake,8.9,8.5,0.104,27,reviewed,us,us
2016-11-28T03:28:14.740Z,60.433,-159.3307,11.8,2.1,ml,,,,0.96,ak,ak016farwwg2,2023-08-03T21:07:16.114Z,"115 km ESE of Akiak, Alaska",earthquake,,0.3,,,reviewed,ak,ak
2016-11-28T03:04:01.200Z,19.402,-65.2045,54,3.2,Md,6,306,1.07169013,0.2,pr,pr16333001,2017-02-23T00:11:51.040Z,"120 km NNW of Charlotte Amalie, U.S. Virgin Islands",earthquake,4.6,13.4,0,6,reviewed,pr,pr
2016-11-28T02:41:49.810Z,-14.4034,-75.5591,42.27,4.1,mb,,157,2.707,0.56,us,us10007dw5,2017-02-23T00:11:51.040Z,"29 km SE of Santiago, Peru",earthquake,9.6,7.3,0.262,4,reviewed,us,us
2016-11-28T02:20:01.770Z,12.2461,142.24,109.48,4.4,mb,,94,2.889,0.53,us,us10007cv0,2017-02-23T00:11:51.040Z,"286 km WSW of Merizo Village, Guam",earthquake,4.2,8.8,0.081,44,reviewed,us,us
2016-11-28T02:06:37.370Z,43.2426667,-124.4665,17.99,2.41,ml,13,222,0.1579,0.44,uw,uw61220197,2016-12-01T01:20:48.191Z,"14 km NNW of Bandon, Oregon",earthquake,1.41,1.92,0.053,6,reviewed,uw,uw
2016-11-28T01:47:44.222Z,60.6141,-148.8574,14.1,2.4,ml,,,,0.65,ak,ak016faqu646,2023-08-03T21:06:57.548Z,"20 km SSW of Whittier, Alaska",earthquake,,0.5,,,reviewed,ak,ak
2016-11-28T01:18:43.730Z,44.1023,147.3036,52.48,4.4,mb,,133,3.392,0.71,us,us10007f5n,2017-02-23T00:11:51.040Z,"57 km NE of Shikotan, Russia",earthquake,8.9,5.7,0.092,34,reviewed,us,us
2016-11-28T00:39:23.620Z,19.3271667,-154.9996667,6.45,2.59,ml,42,254,,0.22,hv,hv61498251,2020-07-06T21:01:12.380Z,"17 km SSW of Leilani Estates, Hawaii",earthquake,0.83,0.59,0.166,17,reviewed,hv,hv
2016-11-28T00:27:01.500Z,17.9363,-66.738,39,2,Md,5,226.8,0.20391757,0.1,pr,pr16333000,2016-11-28T03:18:51.290Z,"6 km SSW of Tallaboa, Puerto Rico",earthquake,0.9,1.1,0,4,reviewed,pr,pr
2016-11-28T00:15:35.820Z,-23.6526,-179.8075,540.2,4.1,mb,,113,6.209,0.44,us,us10007f5q,2017-02-23T00:11:51.040Z,"south of the Fiji Islands",earthquake,8.6,11.9,0.123,18,reviewed,us,us
2016-11-27T23:35:21.020Z,27.8015,86.5319,10,5.4,mb,,30,1.081,0.67,us,us10007cuh,2022-05-03T19:50:04.618Z,"17 km W of Namche Bazar, Nepal",earthquake,5.3,1.7,0.033,314,reviewed,us,us
2016-11-27T22:38:57.790Z,32.7745,-115.444,8.59,2.73,ml,36,66,0.03082,0.28,ci,ci37751448,2017-02-08T21:41:22.709Z,"7km SW of Holtville, CA",earthquake,0.33,0.67,0.134,24,reviewed,ci,ci
2016-11-27T22:38:31.650Z,12.0055,-88.6538,22.2,4.5,mb,,190,1.71,0.92,us,us10007cu8,2017-02-23T00:11:51.040Z,"141 km S of Puerto El Triunfo, El Salvador",earthquake,6.1,8.1,0.083,43,reviewed,us,us
2016-11-27T22:37:01.440Z,-18.8991,168.9958,176.26,4.8,mb,,107,2.494,0.79,us,us10007cu6,2017-02-23T00:11:51.040Z,"77 km NNW of Isangel, Vanuatu",earthquake,10.7,8.1,0.08,48,reviewed,us,us
2016-11-27T22:21:10.620Z,32.7766667,-115.4413333,9.6,2.18,ml,23,87,0.02894,0.26,ci,ci37751440,2017-02-08T21:33:35.985Z,"7km SW of Holtville, CA",earthquake,0.49,0.98,0.141,42,reviewed,ci,ci
2016-11-27T22:20:07.180Z,49.3908333,-120.4675,-0.53,2.4,ml,9,206,0.5613,0.36,uw,uw61220182,2016-12-01T03:21:07.020Z,"British Columbia, Canada",explosion,1.32,31.61,0.106,8,reviewed,uw,uw
2016-11-27T22:16:55.120Z,37.3148,141.2551,22,4.6,mb,,144,0.665,0.6,us,us10007ctw,2017-02-23T00:11:50.040Z,"29 km SE of Namie, Japan",earthquake,7.6,3.6,0.141,15,reviewed,us,us
2016-11-27T22:13:23.500Z,32.7776667,-115.4385,9.65,2.34,ml,27,67,0.02845,0.27,ci,ci37751432,2017-02-08T19:46:29.529Z,"7km SW of Holtville, CA",earthquake,0.44,0.91,0.153,54,reviewed,ci,ci
2016-11-27T22:11:03.680Z,32.7825,-115.4416667,11.84,2.86,ml,39,51,0.02316,0.22,ci,ci37751424,2017-02-08T21:08:54.250Z,"7km WSW of Holtville, CA",earthquake,0.28,0.42,0.203,23,reviewed,ci,ci
2016-11-27T22:08:20.290Z,-50.2822,-114.9477,10,5.4,mwb,,87,28.804,0.96,us,us10007cua,2017-02-23T00:11:50.040Z,"southern East Pacific Rise",earthquake,16.5,1.8,0.08,15,reviewed,us,us
2016-11-27T22:03:43.780Z,-16.0481,-174.1043,133.13,4.5,mb,,136,3.094,0.64,us,us10007f0j,2017-02-23T00:11:50.040Z,"34 km WSW of Hihifo, Tonga",earthquake,5.9,11.3,0.144,14,reviewed,us,us
2016-11-27T20:49:56.520Z,-51.8037,16.2618,10,4.5,mb,,164,19.695,1.03,us,us10007f0i,2017-02-23T00:11:50.040Z,"southwest of Africa",earthquake,15.1,2,0.18,9,reviewed,us,us
2016-11-27T20:13:00.320Z,-18.6098,169.0275,154.53,4.6,mb,,117,2.735,1.14,us,us10007ct7,2017-02-23T00:11:50.040Z,"106 km NNW of Isangel, Vanuatu",earthquake,9.9,6.8,0.083,43,reviewed,us,us
2016-11-27T18:40:16.605Z,61.8676,-149.6713,38.9,2,ml,,,,0.58,ak,ak016f9ddmrg,2023-08-03T21:05:28.335Z,"23 km NE of Willow, Alaska",earthquake,,0.4,,,reviewed,ak,ak
2016-11-27T18:37:51.700Z,36.445,-98.788,8.241,2.7,ml,,67,,0.36,us,us10007csq,2017-02-23T00:11:50.040Z,"17 km SSE of Waynoka, Oklahoma",earthquake,2.8,5.7,,,reviewed,tul,tul
2016-11-27T17:37:04.692Z,63.0747,-151.5341,13.1,2.2,ml,,,,0.72,ak,ak016f9crj39,2023-08-03T21:05:22.994Z,"52 km S of Denali National Park, Alaska",earthquake,,0.2,,,reviewed,ak,ak
2016-11-27T17:23:12.100Z,18.6368,-67.4113,14,2.7,Md,9,277.2,0.2587148,0.15,pr,pr16332001,2017-02-23T00:11:50.040Z,"35 km NW of Aguadilla, Puerto Rico",earthquake,0.9,0.9,0,7,reviewed,pr,pr
2016-11-27T17:12:47.320Z,-3.8905,152.0204,271.17,4.2,mb,,172,0.331,0.72,us,us10007f08,2017-02-23T00:11:50.040Z,"37 km NNW of Rabaul, Papua New Guinea",earthquake,15.9,8.2,0.141,14,reviewed,us,us
2016-11-27T16:56:06.140Z,-5.137,146.0091,117.94,4.5,mb,,83,4.391,0.54,us,us10007f0e,2017-02-23T00:11:50.040Z,"26 km ENE of Madang, Papua New Guinea",earthquake,7.9,7.7,0.067,64,reviewed,us,us
2016-11-27T16:53:14.380Z,-8.331,-79.9875,35,4.7,mb,,126,1.975,0.7,us,us10007csh,2017-02-23T00:11:50.040Z,"92 km WSW of Santiago de Cao, Peru",earthquake,3.8,2,0.069,64,reviewed,us,us
2016-11-27T16:43:37.540Z,39.2353,74.5186,10,4.6,mb,,87,2.118,1.01,us,us10007csc,2017-02-23T00:11:50.040Z,"127 km NNE of Murghob, Tajikistan",earthquake,8.1,1.9,0.098,31,reviewed,us,us
2016-11-27T16:17:52.706Z,60.3364,-152.1409,78.3,2.6,ml,,,,0.55,ak,ak016f9c1wva,2023-08-03T21:05:13.415Z,"41 km NW of Ninilchik, Alaska",earthquake,,0.3,,,reviewed,ak,ak
2016-11-27T16:13:54.750Z,-16.4196,43.0492,13.94,4.7,mb,,44,4.491,0.96,us,us10007csa,2017-02-23T00:11:50.040Z,"209 km NNW of Maintirano, Madagascar",earthquake,11.3,3.9,0.099,31,reviewed,us,us
2016-11-27T15:42:34.490Z,33.2611667,-116.2276667,10.88,2.26,ml,80,28,0.07177,0.17,ci,ci37751112,2017-02-08T19:33:21.077Z,"14km E of Borrego Springs, CA",earthquake,0.13,0.34,0.171,25,reviewed,ci,ci
2016-11-27T15:35:27.157Z,65.457,-144.731,1.2,2,ml,,,,0.77,ak,ak016f9bka6j,2023-08-03T21:05:09.652Z,"13 km SSE of Central, Alaska",earthquake,,0.3,,,reviewed,ak,ak
2016-11-27T15:29:35.270Z,37.2368,141.3939,10,4.3,mb,,149,0.793,0.48,us,us10007f07,2017-02-23T00:11:50.040Z,"44 km SE of Namie, Japan",earthquake,2.9,1.9,0.16,12,reviewed,us,us
2016-11-27T15:03:09.670Z,31.282,-115.5968333,12.62,2.95,ml,4,193,0.1938,0.03,ci,ci37751104,2017-02-08T21:50:52.617Z,"104km ESE of Maneadero, B.C., MX",earthquake,1.06,0.91,0.204,30,reviewed,ci,ci
2016-11-27T14:58:29.450Z,21.5067,143.2136,299.93,4.2,mb,,103,5.642,0.71,us,us10007f0f,2017-02-23T00:11:50.040Z,"Mariana Islands region",earthquake,11.3,8,0.056,89,reviewed,us,us
2016-11-27T14:56:12.620Z,37.2885,141.4403,12.95,4.3,mb,,130,0.776,0.38,us,us10007f06,2017-02-23T00:11:50.040Z,"44 km ESE of Namie, Japan",earthquake,3.2,5.6,0.161,11,reviewed,us,us
2016-11-27T14:51:10.370Z,52.665,172.14,34.36,4.7,mb,,112,1.194,0.6,us,us10007cru,2019-05-14T15:09:18.637Z,"73 km WSW of Attu Station, Alaska",earthquake,8.2,5.3,0.039,202,reviewed,us,us
2016-11-27T14:47:38.170Z,37.232,141.5459,10,4,mb,,185,0.874,0.96,us,us10007f0g,2017-02-23T00:11:50.040Z,"55 km ESE of Namie, Japan",earthquake,3.8,2,0.367,2,reviewed,us,us
2016-11-27T14:42:14.660Z,-18.9166,168.8983,131.54,4.1,mb,,289,2.421,0.62,us,us10007f05,2017-02-23T00:11:50.040Z,"80 km NNW of Isangel, Vanuatu",earthquake,10.3,19.1,0.261,4,reviewed,us,us
2016-11-27T14:34:47.000Z,36.7655,-97.5994,7.995,3.6,ml,,58,,0.56,us,us10007crr,2020-03-20T01:37:26.736Z,"8 km WSW of Deer Creek, Oklahoma",earthquake,1.5,7.2,,,reviewed,tul,tul
2016-11-27T13:51:45.000Z,36.188,-97.5276,5.511,2.5,ml,,27,,0.29,us,us10007crn,2017-02-23T00:11:50.040Z,"9 km ENE of Marshall, Oklahoma",earthquake,1.3,6.7,,,reviewed,tul,tul
2016-11-27T13:36:51.860Z,4.6389,126.2498,72.03,4.3,mb,,56,4,0.72,us,us10007f02,2017-02-23T00:11:50.040Z,"121 km SE of Sarangani, Philippines",earthquake,9.4,8.1,0.119,20,reviewed,us,us
2016-11-27T13:07:57.600Z,36.5443,-98.9589,5.351,2.8,ml,,69,,0.47,us,us10007crf,2017-02-23T00:11:50.040Z,"8 km WSW of Waynoka, Oklahoma",earthquake,2.2,2.8,,,reviewed,tul,tul
2016-11-27T12:50:16.580Z,37.379,141.5628,9.17,4.6,mb,,134,0.784,0.7,us,us10007crb,2017-02-23T00:11:50.040Z,"51 km ESE of Namie, Japan",earthquake,6,4.8,0.099,30,reviewed,us,us
2016-11-27T12:48:58.700Z,32.7533333,-115.4303333,8.84,2.32,ml,28,94,0.05366,0.26,ci,ci37750960,2017-02-08T20:22:56.610Z,"8km SW of Holtville, CA",earthquake,0.49,0.98,0.14,25,reviewed,ci,ci
2016-11-27T12:44:50.010Z,32.7535,-115.437,5.34,2.08,ml,29,92,0.05233,0.24,ci,ci37750952,2017-02-08T20:43:57.872Z,"8km SW of Holtville, CA",earthquake,0.38,0.65,0.106,22,reviewed,ci,ci
2016-11-27T12:42:09.800Z,32.7656667,-115.4415,7.58,2.46,ml,34,60,0.03979,0.21,ci,ci37750944,2017-02-08T20:26:01.035Z,"8km SW of Holtville, CA",earthquake,0.28,0.52,0.133,25,reviewed,ci,ci
2016-11-27T12:41:15.030Z,32.7605,-115.4365,7.88,2.7,ml,33,91,0.04553,0.25,ci,ci37750936,2017-02-08T21:33:49.309Z,"8km SW of Holtville, CA",earthquake,0.32,0.55,0.131,22,reviewed,ci,ci
2016-11-27T12:41:05.651Z,62.7521,-149.7366,70,2,ml,,,,0.49,ak,ak016f99t805,2023-08-03T21:04:49.380Z,"38 km NNE of Chase, Alaska",earthquake,,0.3,,,reviewed,ak,ak
2016-11-27T12:40:32.630Z,32.7656667,-115.4373333,11.2,3.07,ml,55,37,0.04034,0.28,ci,ci37750928,2017-02-23T00:11:50.040Z,"7km SW of Holtville, CA",earthquake,0.22,0.38,0.187,18,reviewed,ci,ci
2016-11-27T12:31:50.760Z,-8.0471,120.2797,194.12,4.1,mb,,124,2.023,0.62,us,us10007f01,2017-02-23T00:11:50.040Z,"65 km NNW of Ruteng, Indonesia",earthquake,13.5,5.7,0.131,16,reviewed,us,us
2016-11-27T11:00:28.430Z,9.6337,126.5879,61.92,4.5,mb,,114,2.736,0.73,us,us10007cqr,2017-02-23T00:11:50.040Z,"54 km ESE of Union, Philippines",earthquake,11.4,7.6,0.093,34,reviewed,us,us
2016-11-27T10:53:49.960Z,13.271,145.1912,38.34,3.4,mb,,117,0.445,0.66,us,us10007cv2,2017-02-23T00:11:50.040Z,"43 km SE of Yigo Village, Guam",earthquake,7.8,6.2,0.282,3,reviewed,us,us
2016-11-27T10:30:24.820Z,19.4106674,-155.2838287,2.28,2.18,ml,19,70,,0.13,hv,hv61497621,2020-08-26T21:12:56.640Z,"6 km SW of Volcano, Hawaii",earthquake,0.21,0.3,0.27,5,reviewed,hv,hv
2016-11-27T10:21:11.520Z,36.8375,71.0121,94.18,4,mb,,104,0.452,1.25,us,us10007cqe,2017-02-23T00:11:50.040Z,"16 km E of Jurm, Afghanistan",earthquake,6.9,13.1,0.366,2,reviewed,us,us
2016-11-27T10:17:55.540Z,37.3555,141.3438,17,4.6,mb,,127,0.675,0.84,us,us10007cqd,2017-02-23T00:11:50.040Z,"33 km ESE of Namie, Japan",earthquake,6,4.6,0.092,35,reviewed,us,us
2016-11-27T10:08:56.720Z,33.6092,135.8475,404.01,4.3,mb,,59,1.648,0.77,us,us10007cqa,2017-02-23T00:11:50.040Z,"18 km SW of Shing?, Japan",earthquake,7.4,6.9,0.058,84,reviewed,us,us
2016-11-27T10:06:33.400Z,19.3693,-65.9906,64,3.1,Md,6,273.6,1.09863959,0.1,pr,pr16332000,2017-02-23T00:11:50.040Z,"100 km N of San Juan, Puerto Rico",earthquake,1.9,5,0,5,reviewed,pr,pr
2016-11-27T09:54:46.410Z,-31.7827,-178.8155,90.03,4.4,mb,,116,2.642,0.46,us,us10007ezy,2017-02-23T00:11:50.040Z,"Kermadec Islands region",earthquake,10.7,7.4,0.134,16,reviewed,us,us
2016-11-27T09:20:58.230Z,32.7745,-115.4348333,10.6,2.13,ml,32,61,0.03234,0.22,ci,ci37750864,2017-02-08T20:32:32.919Z,"6km SW of Holtville, CA",earthquake,0.28,0.49,0.136,52,reviewed,ci,ci
2016-11-27T09:16:05.980Z,29.5318,138.8793,444.33,4.2,mb,,104,3.66,0.83,us,us10007ezx,2017-02-23T00:11:50.040Z,"Izu Islands, Japan region",earthquake,13.9,9.4,0.104,26,reviewed,us,us
2016-11-27T09:12:39.100Z,-3.0023,136.869,35,5,mb,,93,4.614,0.75,us,us10007cq1,2017-02-23T00:11:50.040Z,"157 km ENE of Nabire, Indonesia",earthquake,10.3,2,0.084,45,reviewed,us,us
2016-11-27T08:58:01.050Z,19.1695,-155.4693333,35.05,2.02,md,60,84,,0.11,hv,hv61497521,2020-08-26T21:12:56.460Z,"3 km SSE of P?hala, Hawaii",earthquake,0.47,0.55,0.099,24,reviewed,hv,hv
2016-11-27T08:55:31.830Z,-18.2125,167.3517,29.05,4.3,mb,,187,2.553,0.77,us,us10007cpy,2017-02-23T00:11:50.040Z,"114 km WSW of Port-Vila, Vanuatu",earthquake,5.9,8.7,0.161,11,reviewed,us,us
2016-11-27T08:42:15.750Z,-41.8023,174.2767,10,4.8,mb,,100,0.071,0.71,us,us10007cpq,2017-02-23T00:11:50.040Z,"41 km SE of Blenheim, New Zealand",earthquake,2.4,1.9,0.125,20,reviewed,us,us
2016-11-27T08:31:11.390Z,-40.9012,174.6584,54.46,4.3,mb,,59,0.408,0.99,us,us10007cpp,2017-02-23T00:11:50.040Z,"30 km W of Paraparaumu, New Zealand",earthquake,4.9,3.5,0.153,12,reviewed,us,us
2016-11-27T08:06:50.003Z,60.6502,-151.6428,68.3,3,ml,,,,0.78,ak,ak016f9782y0,2023-08-03T21:03:30.243Z,"18 km WNW of Salamatof, Alaska",earthquake,,0.3,,,reviewed,ak,ak
2016-11-27T08:05:33.050Z,2.7466,128.4722,238.6,4.4,mb,,106,2.251,0.66,us,us10007ezw,2017-02-23T00:11:50.040Z,"123 km NNE of Tobelo, Indonesia",earthquake,12.2,8.2,0.103,27,reviewed,us,us
2016-11-27T07:46:38.190Z,32.7731667,-115.4326667,11.27,2.17,ml,26,69,0.0342,0.23,ci,ci37750840,2017-02-08T21:49:28.885Z,"6km SW of Holtville, CA",earthquake,0.42,0.57,0.117,18,reviewed,ci,ci
2016-11-27T07:45:48.900Z,32.765,-115.4363333,7.76,2.49,ml,24,152,0.04116,0.23,ci,ci37750832,2017-02-08T20:54:25.042Z,"7km SW of Holtville, CA",earthquake,0.35,0.51,0.132,6,reviewed,ci,ci
2016-11-27T07:45:05.450Z,32.7753333,-115.4365,11.91,2.76,ml,39,67,0.03113,0.25,ci,ci37750824,2017-02-08T21:34:09.522Z,"7km SW of Holtville, CA",earthquake,0.3,0.4,0.171,24,reviewed,ci,ci
2016-11-27T07:42:01.270Z,32.7661667,-115.4351667,9.7,2.89,ml,33,60,0.04025,0.22,ci,ci37750808,2017-02-08T21:27:41.765Z,"7km SW of Holtville, CA",earthquake,0.28,0.66,0.222,24,reviewed,ci,ci
2016-11-27T07:10:24.666Z,57.0114,-157.5056,2.5,2.3,ml,,,,0.63,ak,ak016f96ng8y,2023-08-03T21:03:18.277Z,"56 km S of Ugashik, Alaska",earthquake,,1.8,,,reviewed,ak,ak
2016-11-27T06:49:33.300Z,-17.9427,-178.4872,584.68,4.9,mb,,74,3.301,0.86,us,us10007cp1,2017-02-23T00:11:50.040Z,"232 km E of Levuka, Fiji",earthquake,10.5,6,0.032,303,reviewed,us,us
2016-11-27T06:44:20.100Z,-25.9814,179.6577,502.79,4.2,mb,,158,3.892,0.77,us,us10007ezv,2017-02-23T00:11:50.040Z,"south of the Fiji Islands",earthquake,14.9,4.2,0.131,16,reviewed,us,us
2016-11-27T06:16:58.100Z,19.3466667,-155.1138333,4.05,2.01,ml,37,144,,0.14,hv,hv61497221,2020-07-06T21:00:47.660Z,"13 km S of Fern Forest, Hawaii",earthquake,0.46,1.37,0.091,6,reviewed,hv,hv
2016-11-27T06:10:58.670Z,-19.6283,-175.201,35,5.1,mb,,36,5.009,0.81,us,us10007cnw,2022-05-03T19:50:03.249Z,"91 km WNW of Pangai, Tonga",earthquake,8.4,1.9,0.043,173,reviewed,us,us
2016-11-27T05:41:52.060Z,2.0171,121.0184,30.43,4.4,mb,,98,0.93,0.9,us,us10007cns,2017-02-23T00:11:49.040Z,"280 km NW of Gorontalo, Indonesia",earthquake,5.4,5.6,0.12,20,reviewed,us,us
2016-11-27T05:33:19.710Z,2.3932,126.243,68.64,4.4,mb,,118,1.963,0.71,us,us10007cnt,2017-02-23T00:11:49.040Z,"173 km NE of Laikit, Laikit II (Dimembe), Indonesia",earthquake,6.7,11.2,0.138,15,reviewed,us,us
2016-11-27T05:12:15.100Z,36.1274,-97.0653,6.923,2.5,ml,,23,,0.23,us,us10007cnl,2017-02-23T00:11:49.040Z,"1 km NNW of Stillwater, Oklahoma",earthquake,0.9,3.5,,,reviewed,tul,tul
2016-11-27T05:06:43.430Z,39.3889,74.0507,10,4.5,mb,,75,1.742,1.08,us,us10007cnj,2017-02-23T00:11:49.040Z,"135 km N of Murghob, Tajikistan",earthquake,5.8,1.9,0.112,23,reviewed,us,us
2016-11-27T03:38:28.945Z,57.107,-155.281,67.9,2.1,ml,,,,0.18,ak,ak016f94fq7i,2023-08-03T21:02:57.873Z,"69 km WNW of Akhiok, Alaska",earthquake,,1.7,,,reviewed,ak,ak
2016-11-27T02:05:46.820Z,51.9534,-173.4378,32.14,3.7,mb,,211,1.626,0.86,us,us10007e5z,2023-08-03T21:02:55.781Z,"58 km ESE of Atka, Alaska",earthquake,22.3,24,0.119,18,reviewed,us,us
2016-11-27T02:00:47.494Z,56.0808,-159.1476,85.1,2.7,ml,,,,0.35,ak,ak016f93m6tp,2023-08-03T21:02:51.230Z,"18 km N of Perryville, Alaska",earthquake,,0.9,,,reviewed,ak,ak
2016-11-27T01:01:20.810Z,38.8085,-122.8118333,1.35,2.03,md,51,45,0.01261,0.07,nc,nc72729800,2017-02-11T08:23:34.050Z,"7 km W of Cobb, California",earthquake,0.11,0.2,0.136,23,reviewed,nc,nc
2016-11-27T00:54:55.790Z,-30.3147,-72.2933,10,4.5,mwr,,93,0.671,1.13,us,us10007cmq,2017-02-23T00:11:49.040Z,"100 km WSW of Coquimbo, Chile",earthquake,4.5,1.9,0.04,60,reviewed,us,us
2016-11-27T00:31:23.640Z,-30.3229,-72.2299,11.22,4.3,mb,,150,0.621,0.87,us,us10007cmk,2017-02-23T00:11:49.040Z,"95 km WSW of Coquimbo, Chile",earthquake,3.1,5.9,0.377,2,reviewed,us,us
2016-11-27T00:29:31.150Z,39.2589,74.129,10,4.2,mb,,140,1.815,1.08,us,us10007ezl,2017-02-23T00:11:49.040Z,"121 km N of Murghob, Tajikistan",earthquake,4.2,2,0.372,2,reviewed,us,us
2016-11-27T00:18:38.250Z,-37.0048,178.9921,10,5.1,mb,,129,0.78,1.15,us,us10007cmc,2017-02-23T00:11:49.040Z,"187 km NE of Opotiki, New Zealand",earthquake,6,1.7,0.081,49,reviewed,us,us
2016-11-27T00:15:16.396Z,62.0144,-151.4272,81.3,2.4,ml,,,,0.37,ak,ak016f92igyf,2023-08-03T21:02:38.797Z,"3 km NNW of Skwentna, Alaska",earthquake,,0.4,,,reviewed,ak,ak
2016-11-26T23:51:44.650Z,32.7761667,-115.4445,8.53,2.15,ml,17,66,0.02914,0.18,ci,ci37750520,2017-02-08T20:09:09.505Z,"7km WSW of Holtville, CA",earthquake,0.41,0.79,0.143,29,reviewed,ci,ci
2016-11-26T23:32:56.300Z,18.0799,-65.6272,12,2,Md,5,208.8,0.07276354,0.15,pr,pr16331011,2016-11-27T03:33:36.671Z,"15 km SE of Punta Santiago, Puerto Rico",earthquake,1.3,0.5,0,5,reviewed,pr,pr
2016-11-26T23:27:59.610Z,51.6147,-176.248,47.99,3.9,mb,,201,0.381,0.84,us,us10007cna,2023-08-03T21:02:24.492Z,"39 km SE of Adak, Alaska",earthquake,5.1,7.7,0.114,20,reviewed,us,us
2016-11-26T23:06:04.684Z,60.2731,-147.1598,25.9,2,ml,,,,0.72,ak,ak016f7sm510,2023-08-03T21:02:21.392Z,"52 km ENE of Chenega, Alaska",earthquake,,0.5,,,reviewed,ak,ak
2016-11-26T23:03:55.780Z,-0.2586,132.5155,10,4.5,mb,,179,1.388,0.92,us,us10007cm2,2017-02-23T00:11:49.040Z,"155 km ENE of Sorong, Indonesia",earthquake,6.2,1.9,0.128,18,reviewed,us,us
2016-11-26T20:58:35.070Z,-31.5143,-68.6527,104.88,4.6,mb,,34,0.041,0.87,us,us10007clr,2017-02-23T00:11:49.040Z,"8 km ENE of Villa Basilio Nievas, Argentina",earthquake,5.8,4.3,0.083,43,reviewed,us,us
2016-11-26T20:43:49.860Z,13.7132,-90.4924,66.53,4.3,mb,,170,1.225,0.97,us,us10007clm,2017-02-23T00:11:49.040Z,"33 km SE of Iztapa, Guatemala",earthquake,6,10.2,0.093,33,reviewed,us,us
2016-11-26T20:30:01.970Z,13.949,-90.2753,109.59,4.9,mb,,113,0.993,0.86,us,us10007cli,2017-02-23T00:11:49.040Z,"8 km WSW of Pasaco, Guatemala",earthquake,6.9,7,0.095,35,reviewed,us,us
2016-11-26T20:21:57.600Z,19.3773,-67.0664,48,3.1,Md,3,334.8,1.19475933,0.34,pr,pr16331010,2017-02-23T00:11:49.040Z,"97 km N of Isabela, Puerto Rico",earthquake,5.8,27.1,0,2,reviewed,pr,pr
2016-11-26T19:50:09.945Z,60.3778,-148.2919,23.9,3,ml,,,,0.65,ak,ak016f7qhuiq,2023-08-03T21:01:42.141Z,"38 km NNW of Chenega, Alaska",earthquake,,0.4,,,reviewed,ak,ak
2016-11-26T19:46:43.520Z,39.098,74.4524,10,4.4,mb,,63,2.595,1.09,us,us10007clc,2017-02-23T00:11:49.040Z,"111 km NNE of Murghob, Tajikistan",earthquake,5.4,1.5,0.095,32,reviewed,us,us
2016-11-26T19:32:38.630Z,5.5127,-73.9445,124.03,4.3,mb,,52,0.762,0.56,us,us10007cl9,2017-02-23T00:11:49.040Z,"8 km ESE of Maripí, Colombia",earthquake,8.4,6.6,0.089,36,reviewed,us,us
2016-11-26T19:23:52.400Z,18.1844,-66.4415,85,2.8,Md,14,104.4,0.16888327,0.2,pr,pr16331009,2017-02-23T00:11:49.040Z,"7 km SW of Orocovis, Puerto Rico",earthquake,1.2,0.9,0,8,reviewed,pr,pr
2016-11-26T19:23:27.660Z,-63.3857,148.918,10,4.3,mb,,168,14.774,0.52,us,us10007ee0,2017-02-23T00:11:49.040Z,"Balleny Islands region",earthquake,9.3,2,0.177,9,reviewed,us,us
2016-11-26T19:23:03.956Z,51.7645,178.948,78.2,2.3,ml,,,,0.1,ak,ak016f7qc1q3,2023-08-03T21:01:34.643Z,"Rat Islands, Aleutian Islands, Alaska",earthquake,,0.7,,,reviewed,ak,ak
2016-11-26T19:08:45.080Z,-13.534,-111.6839,10,4.6,mb,,173,32.601,0.59,us,us10007edz,2017-02-23T00:11:49.040Z,"central East Pacific Rise",earthquake,12.7,1.9,0.152,13,reviewed,us,us
2016-11-26T18:37:01.700Z,19.1912,-64.5323,24,2.2,Md,3,331.2,0.88484055,0.12,pr,pr16331008,2016-11-26T19:58:52.085Z,"99 km NNE of Cruz Bay, U.S. Virgin Islands",earthquake,1.7,13.4,0,2,reviewed,pr,pr
2016-11-26T17:55:42.640Z,-22.1814,-68.6696,121.23,4,mb,,94,0.484,0.91,us,us10007cky,2017-02-23T00:11:49.040Z,"40 km NE of Calama, Chile",earthquake,4.6,6.9,0.298,3,reviewed,us,us
2016-11-26T16:46:25.793Z,58.1271,-138.0294,10.5,2.2,ml,,,,0.62,ak,ak016f7ooq2b,2023-08-03T21:00:21.138Z,"99 km W of Elfin Cove, Alaska",earthquake,,1,,,reviewed,ak,ak
2016-11-26T14:55:41.440Z,44.6518333,-110.4235,4.63,2.31,ml,14,184,0.08747,0.12,uu,uu60171947,2016-11-28T22:17:30.990Z,"42 km SSE of Mammoth, Wyoming",earthquake,0.92,0.55,0.198,3,reviewed,uu,uu
2016-11-26T14:53:50.110Z,44.652,-110.4311667,3.68,2.89,ml,25,106,0.0835,0.15,uu,uu60171942,2017-02-23T00:11:49.040Z,"41 km SSE of Mammoth, Wyoming",earthquake,0.32,0.69,0.416,8,reviewed,uu,uu
2016-11-26T14:16:30.200Z,36.9312,-98.014,4.589,2.6,ml,,93,,0.16,us,us10007ck8,2017-02-23T00:11:49.040Z,"7 km SSE of Manchester, Oklahoma",earthquake,0.9,4.9,,,reviewed,tul,tul
2016-11-26T14:15:18.417Z,62.9208,-151.2745,107.1,2,ml,,,,0.4,ak,ak016f7nb735,2023-08-03T20:59:56.699Z,"54 km NNW of Petersville, Alaska",earthquake,,0.2,,,reviewed,ak,ak
2016-11-26T13:24:43.470Z,19.1068,145.5471,217.02,4,mb,,148,3.851,0.7,us,us10007ee4,2017-02-23T00:11:49.040Z,"Maug Islands region, Northern Mariana Islands",earthquake,12.8,8.7,0.149,12,reviewed,us,us
2016-11-26T13:22:28.120Z,-4.6868,125.6805,447.92,4.2,mb,,77,4.641,0.73,us,us10007ck7,2017-02-23T00:11:49.040Z,"298 km WSW of Ambon, Indonesia",earthquake,10.8,9.4,0.11,23,reviewed,us,us
2016-11-26T13:09:01.539Z,59.533,-152.8295,76.9,2,ml,,,,0.47,ak,ak016f7mofvt,2023-08-03T20:59:35.194Z,"55 km WNW of Nanwalek, Alaska",earthquake,,0.1,,,reviewed,ak,ak
2016-11-26T12:56:41.710Z,39.4611667,-122.0055,19.72,2.03,md,15,113,0.2243,0.09,nc,nc72729690,2017-02-11T08:21:19.354Z,"6 km N of Princeton, California",earthquake,0.35,0.94,0.215,12,reviewed,nc,nc
2016-11-26T12:42:31.880Z,1.1248,120.7341,21.32,4.1,mb,,135,0.049,1.19,us,us10007d2i,2017-02-23T00:11:49.040Z,"244 km NNE of Palu, Indonesia",earthquake,11.7,8.4,0.174,9,reviewed,us,us
2016-11-26T12:40:22.910Z,26.3534,141.2374,90.07,5,mb,,100,1.124,0.71,us,us10007ck1,2017-02-23T00:11:49.040Z,"Bonin Islands, Japan region",earthquake,8.5,6.8,0.068,69,reviewed,us,us
2016-11-26T12:40:05.252Z,63.3935,-149.3462,90.9,2.3,ml,,,,0.91,ak,ak016f7m9nrh,2023-08-03T20:59:29.036Z,"19 km W of Cantwell, Alaska",earthquake,,0.1,,,reviewed,ak,ak
2016-11-26T12:19:05.440Z,37.4858333,-118.8433333,4.11,2.12,md,38,86,0.0964,0.04,nc,nc72729680,2018-07-02T18:07:31.291Z,"13 km WSW of Aspen Springs, California",earthquake,0.26,0.75,0.218,31,reviewed,nc,nc
2016-11-26T11:58:38.860Z,31.3403333,-115.2671667,2.02,2.89,ml,5,147,0.445,0.17,ci,ci37750168,2017-02-08T21:05:50.921Z,"98km SSW of Estacion Coahuila, B.C., MX",earthquake,0.61,2.14,0.221,23,reviewed,ci,ci
2016-11-26T11:53:14.236Z,63.0544,-148.7231,69.9,2.5,ml,,,,0.59,ak,ak016f7lr15r,2023-08-03T20:59:17.102Z,"39 km SSE of Cantwell, Alaska",earthquake,,0.1,,,reviewed,ak,ak
2016-11-26T11:40:00.800Z,18.1611,-67.1538,26,2.2,Md,5,259.2,0.06647533,0.12,pr,pr16331007,2016-11-26T15:26:53.013Z,"3 km NW of Hormigueros, Puerto Rico",earthquake,1.6,1,0,4,reviewed,pr,pr
2016-11-26T11:14:52.708Z,58.7164,-155.4084,145.7,2.1,ml,,,,0.37,ak,ak016f7lir7a,2023-08-03T20:59:02.263Z,"72 km E of King Salmon, Alaska",earthquake,,0.4,,,reviewed,ak,ak
2016-11-26T11:08:06.270Z,55.2259,164.7903,33.95,4.2,mb,,179,4.232,0.96,us,us10007edx,2017-02-23T00:11:49.040Z,"183 km SE of Ust’-Kamchatsk Staryy, Russia",earthquake,20.5,11.1,0.103,26,reviewed,us,us
2016-11-26T10:44:15.103Z,58.9715,-154.5207,122.6,2.2,ml,,,,0.57,ak,ak016f7l3o6e,2023-08-03T20:58:49.743Z,"54 km SSE of Kokhanok, Alaska",earthquake,,0.2,,,reviewed,ak,ak
2016-11-26T10:23:47.130Z,39.2872,74.3297,10,4.3,mb,,67,1.966,0.98,us,us10007cj7,2017-02-23T00:11:49.040Z,"127 km NNE of Murghob, Tajikistan",earthquake,5.4,1.9,0.177,9,reviewed,us,us
2016-11-26T10:15:33.010Z,32.743,-115.4273333,10.44,2.26,ml,31,59,0.06427,0.25,ci,ci37750040,2017-02-08T19:46:53.822Z,"9km SSW of Holtville, CA",earthquake,0.34,0.64,0.133,66,reviewed,ci,ci
2016-11-26T10:08:01.630Z,39.2451,74.2226,10,4.6,mb,,52,1.889,1.08,us,us10007cj0,2017-02-23T00:11:49.040Z,"121 km N of Murghob, Tajikistan",earthquake,4.8,1.6,0.069,62,reviewed,us,us
2016-11-26T10:05:01.050Z,55.148,164.8535,28.63,4.6,mb,,98,4.227,0.39,us,us10007cj1,2017-02-23T00:11:49.040Z,"191 km SE of Ust’-Kamchatsk Staryy, Russia",earthquake,8,3.5,0.04,191,reviewed,us,us
2016-11-26T09:46:45.860Z,19.3465,-155.1011667,5.65,2.5,ml,45,158,,0.13,hv,hv61496121,2020-07-06T21:01:12.150Z,"13 km SSE of Fern Forest, Hawaii",earthquake,0.44,0.49,0.169,19,reviewed,hv,hv
2016-11-26T09:23:26.200Z,39.2848,74.2581,10,5.1,mb,,35,1.911,0.87,us,us10007cik,2022-05-03T19:50:01.737Z,"126 km NNE of Murghob, Tajikistan",earthquake,4.5,1.6,0.041,190,reviewed,us,us
2016-11-26T08:46:15.730Z,39.292,73.9149,10,4.4,mb,,60,1.646,0.93,us,us10007cif,2017-02-23T00:11:49.040Z,"124 km N of Murghob, Tajikistan",earthquake,6.4,2,0.203,7,reviewed,us,us
2016-11-26T08:40:23.630Z,32.7463333,-115.422,11.79,2.03,ml,26,100,0.06242,0.23,ci,ci37749976,2017-02-08T21:51:29.020Z,"8km SSW of Holtville, CA",earthquake,0.35,0.38,0.138,48,reviewed,ci,ci
2016-11-26T08:27:12.100Z,17.889,-65.6484,11,2.4,Md,9,180,0.22637545,0.25,pr,pr16331006,2016-11-26T12:56:01.462Z,"27 km SE of El Negro, Puerto Rico",earthquake,0.8,1,0,5,reviewed,pr,pr
2016-11-26T08:23:18.310Z,32.1735,-115.1521667,22.95,2.7,ml,21,189,0.1443,0.2,ci,ci37749928,2017-02-08T20:36:21.490Z,"6km SSE of Alberto Oviedo Mota, B.C., MX",earthquake,0.59,0.78,0.207,76,reviewed,ci,ci
2016-11-26T08:20:00.710Z,32.748,-115.4236667,11.25,3.35,ml,37,71,0.06039,0.25,ci,ci37749920,2017-02-23T00:11:49.040Z,"8km SSW of Holtville, CA",earthquake,0.29,0.54,0.133,261,reviewed,ci,ci
2016-11-26T08:16:21.100Z,18.1872,-67.8318,64,3.1,Md,14,194.4,0.3880722,0.4,pr,pr16331005,2017-02-23T00:11:49.040Z,"63 km WSW of Stella, Puerto Rico",earthquake,2.5,1.7,0,11,reviewed,pr,pr
2016-11-26T08:14:01.020Z,32.7441667,-115.4265,11.74,2.22,ml,28,98,0.06333,0.22,ci,ci37749912,2017-02-08T21:10:54.733Z,"9km SSW of Holtville, CA",earthquake,0.34,0.39,0.127,67,reviewed,ci,ci
2016-11-26T08:12:47.840Z,19.2634,145.8832,122.29,4.3,mb,,87,4.001,0.57,us,us10007edr,2017-02-23T00:11:49.040Z,"Maug Islands region, Northern Mariana Islands",earthquake,8.8,9.7,0.105,26,reviewed,us,us
2016-11-26T08:07:47.610Z,14.442,-93.9686,10,4.5,mb,,148,1.449,0.94,us,us10007ci3,2017-02-23T00:11:48.040Z,"141 km SW of La Esperanza (El Zapotal), Mexico",earthquake,6.7,1.9,0.07,59,reviewed,us,us
2016-11-26T08:02:57.201Z,61.6347,-149.5861,30.9,2.7,ml,,,,0.55,ak,ak016f7jnw54,2023-08-03T20:57:46.157Z,"1 km NE of Meadow Lakes, Alaska",earthquake,,0.1,,,reviewed,ak,ak
2016-11-26T07:59:26.835Z,55.4306,-157.3853,0.9,2.6,ml,,,,0.78,ak,ak016f7jem0b,2023-08-03T20:57:44.343Z,"115 km SSE of Chignik, Alaska",earthquake,,0.3,,,reviewed,ak,ak
2016-11-26T07:56:36.500Z,36.478,-98.7395,6.789,2.9,ml,,74,,0.32,us,us10007chx,2017-02-23T00:11:48.040Z,"17 km SE of Waynoka, Oklahoma",earthquake,1.3,2,,,reviewed,tul,tul
2016-11-26T07:55:55.550Z,6.7689,126.6594,70.82,4.4,mb,,120,1.113,0.38,us,us10007edq,2017-02-23T00:11:48.040Z,"37 km SE of Lukatan, Philippines",earthquake,9.1,6.4,0.108,25,reviewed,us,us
2016-11-26T07:45:43.940Z,33.1963333,-116.0128333,4.1,2.22,ml,76,26,0.08655,0.2,ci,ci37749888,2017-02-08T19:29:29.844Z,"12km ENE of Ocotillo Wells, CA",earthquake,0.14,0.71,0.177,102,reviewed,ci,ci
2016-11-26T07:44:41.510Z,33.4903333,-116.7938333,3.99,2.16,ml,75,35,0.01915,0.21,ci,ci37749880,2017-02-08T21:37:42.085Z,"8km NE of Aguanga, CA",earthquake,0.17,0.32,0.138,115,reviewed,ci,ci
2016-11-26T07:44:28.320Z,33.4845,-116.7973333,3.65,2.27,ml,105,27,0.02246,0.21,ci,ci37749864,2017-02-08T20:56:53.139Z,"8km NE of Aguanga, CA",earthquake,0.12,0.36,0.15,111,reviewed,ci,ci
2016-11-26T07:42:55.950Z,39.2688,73.826,10,4.2,mb,,75,1.581,1.57,us,us10007chv,2017-02-23T00:11:48.040Z,"122 km N of Murghob, Tajikistan",earthquake,4.7,1.9,0.152,12,reviewed,us,us
2016-11-26T07:21:41.610Z,-38.8829,177.6232,18.55,5,mwr,,112,0.569,0.59,us,us10007chf,2017-02-23T00:11:48.040Z,"27 km NE of Wairoa, New Zealand",earthquake,5.9,4.5,0.075,17,reviewed,us,us
2016-11-26T07:12:26.900Z,36.4342,-97.248,8.244,2.5,ml,,46,,0.17,us,us10007cha,2017-02-23T00:11:48.040Z,"6 km WSW of Red Rock, Oklahoma",earthquake,1.3,4.6,,,reviewed,tul,tul
2016-11-26T06:59:13.640Z,12.201,-88.0895,34.51,4.4,mb,,163,1.128,0.59,us,us10007ch7,2017-02-23T00:11:48.040Z,"91 km SW of Jiquilillo, Nicaragua",earthquake,6.4,8.1,0.1,29,reviewed,us,us
2016-11-26T06:56:16.480Z,30.5921,142.0468,24.78,4.8,mb,,128,3.152,0.9,us,us10007edp,2017-02-23T00:11:48.040Z,"Izu Islands, Japan region",earthquake,10.9,5.6,0.081,47,reviewed,us,us
2016-11-26T06:35:55.970Z,-56.8453,-25.4586,33.61,4.8,mb,,110,6.761,0.65,us,us10007edl,2017-02-23T00:11:48.040Z,"South Sandwich Islands region",earthquake,13.3,5.8,0.09,38,reviewed,us,us
2016-11-26T06:17:11.546Z,63.1211,-150.5289,105.4,2.2,ml,,,,0.49,ak,ak016f7ik55e,2023-08-03T20:57:08.871Z,"70 km N of Petersville, Alaska",earthquake,,0.1,,,reviewed,ak,ak
2016-11-26T06:16:25.376Z,59.694,-153.2818,106.3,3,ml,,,,0.65,ak,ak016f7ijyi1,2023-08-03T20:57:06.914Z,"47 km ESE of Pedro Bay, Alaska",earthquake,,0.2,,,reviewed,ak,ak
2016-11-26T06:13:42.100Z,18.7415,-67.5569,105,3.4,Md,6,345.6,1.46245728,0.28,pr,pr16331004,2017-02-23T00:11:48.040Z,"54 km NW of Aguadilla, Puerto Rico",earthquake,10.1,9.1,0,5,reviewed,pr,pr
2016-11-26T04:54:39.200Z,7.359,126.9386,72.75,4.6,mb,,129,1.379,0.73,us,us10007cgm,2017-02-23T00:11:48.040Z,"40 km ESE of Baculin, Philippines",earthquake,9.9,8.1,0.088,39,reviewed,us,us
2016-11-26T04:38:20.650Z,39.1579,74.3785,10,4.3,mb,,115,2.022,0.82,us,us10007edi,2017-02-23T00:11:48.040Z,"115 km NNE of Murghob, Tajikistan",earthquake,7,1.8,0.188,8,reviewed,us,us
2016-11-26T04:37:44.200Z,12.1929,-88.0913,37.13,4.7,mb,,146,1.133,1.13,us,us10007cgf,2017-02-23T00:11:48.040Z,"92 km SW of Jiquilillo, Nicaragua",earthquake,7,6.8,0.035,242,reviewed,us,us
2016-11-26T04:29:06.010Z,12.2977,-88.2044,42.18,4.3,mb,,149,1.194,0.94,us,us10007cg9,2017-02-23T00:11:48.040Z,"95 km WSW of Jiquilillo, Nicaragua",earthquake,8.5,11.1,0.122,19,reviewed,us,us
2016-11-26T04:12:47.860Z,41.8441,-125.8857,9.44,3,ml,,261,1.29,0.59,us,us10007d0y,2017-02-23T00:11:48.040Z,"132 km WSW of Pistol River, Oregon",earthquake,6.7,9.7,0.066,30,reviewed,us,us
2016-11-26T04:04:49.558Z,63.0781,-150.6142,105.9,2.1,ml,,,,0.53,ak,ak016f7hakkb,2023-08-03T20:56:38.507Z,"65 km N of Petersville, Alaska",earthquake,,0.2,,,reviewed,ak,ak
2016-11-26T03:32:36.630Z,-6.2385,113.0156,590.84,4.3,mb,,63,2.487,0.96,us,us10007edh,2017-02-23T00:11:48.040Z,"94 km NNE of Bangkalan, Indonesia",earthquake,10.2,8.4,0.137,15,reviewed,us,us
2016-11-26T03:09:08.400Z,17.8575,-66.9501,11,2.4,Md,6,255.6,0.13474729,0.18,pr,pr16331003,2016-11-26T09:03:42.100Z,"13 km SSW of Guánica, Puerto Rico",earthquake,1.2,1,0,4,reviewed,pr,pr
2016-11-26T03:00:37.800Z,19.471,-66.3028,31,3.2,Md,11,288,1.17319976,0.37,pr,pr16331002,2017-02-23T00:11:48.040Z,"111 km N of Brenas, Puerto Rico",earthquake,2.5,28.1,0,9,reviewed,pr,pr
2016-11-26T02:59:33.100Z,18.4155,-63.8776,34,2.5,Md,3,356.4,0.85339952,0.25,pr,pr16331001,2017-02-23T00:11:48.040Z,"86 km WNW of Sandy Ground Village, Anguilla",earthquake,19.9,12.6,0,3,reviewed,pr,pr
2016-11-26T02:57:15.650Z,37.2432,-97.658,5.3,2.7,ml,,73,0.043,0.46,us,us10007cfz,2017-02-23T00:11:48.040Z,"2 km SE of Milan, Kansas",earthquake,2.9,7.4,0.155,17,reviewed,ismp,ismp
2016-11-26T02:39:05.640Z,3.7902,-32.1017,10,5,mb,,80,10.279,0.63,us,us10007cfu,2017-02-23T00:11:48.040Z,"central Mid-Atlantic Ridge",earthquake,10.2,1.8,0.034,274,reviewed,us,us
2016-11-26T02:35:33.336Z,60.5485,-152.1501,90.1,2.1,ml,,,,0.39,ak,ak016f7gabat,2023-08-03T20:56:29.450Z,"46 km W of Salamatof, Alaska",earthquake,,0.2,,,reviewed,ak,ak
2016-11-26T01:55:29.860Z,-24.8448,-179.9473,515.3,4.5,mb,,99,7.306,0.63,us,us10007cfd,2017-02-23T00:11:48.040Z,"south of the Fiji Islands",earthquake,14.6,11.3,0.107,26,reviewed,us,us
2016-11-26T00:51:09.840Z,-19.5832,-177.6581,575.41,4.4,mb,,85,4.458,1.11,us,us10007cf5,2017-02-23T00:11:48.040Z,"Fiji region",earthquake,12.9,7.1,0.052,106,reviewed,us,us
2016-11-26T00:48:49.730Z,40.6031667,-123.7761667,6.47,2.19,md,18,53,0.1802,0.09,nc,nc72729525,2017-02-11T08:18:28.569Z,"26 km NNE of Redcrest, California",earthquake,0.24,0.72,0.203,16,reviewed,nc,nc
2016-11-26T00:44:19.910Z,-51.022,29.088,10,4.2,mb,,159,15.692,0.65,us,us10007ede,2017-02-23T00:11:48.040Z,"south of Africa",earthquake,13.6,2,0.186,8,reviewed,us,us
2016-11-26T00:09:27.700Z,18.3362,-67.5615,15,2.4,Md,4,320.4,0.47970036,0.31,pr,pr16331000,2016-11-26T03:44:47.794Z,"32 km W of Rincón, Puerto Rico",earthquake,3.4,2.6,0,2,reviewed,pr,pr
2016-11-25T23:28:47.030Z,21.6165,143.0272,292.38,4.5,mb,,118,5.508,1.17,us,us10007ed1,2017-02-23T00:11:48.040Z,"Mariana Islands region",earthquake,8,8.6,0.106,26,reviewed,us,us
2016-11-25T23:12:44.520Z,39.2614,74.0438,10,4.4,mwr,,59,1.749,0.9,us,us10007cep,2017-02-23T00:11:48.040Z,"121 km N of Murghob, Tajikistan",earthquake,3.2,1.9,0.089,12,reviewed,us,us
2016-11-25T23:12:15.480Z,54.2079,-167.542,217.4,2.7,ml,,,,0.49,us,us10007d6q,2023-08-03T20:55:47.085Z,"74 km WNW of Dutch Harbor, Alaska",earthquake,20.5,9.7,,,reviewed,ak,ak
2016-11-25T23:03:39.010Z,-22.5761,171.1893,48.37,4.6,mb,,245,3.127,0.77,us,us10007ed0,2017-02-23T00:11:48.040Z,"southeast of the Loyalty Islands",earthquake,10.2,11.7,0.137,16,reviewed,us,us
2016-11-25T22:57:50.300Z,18.811,-64.4345,8,2.4,Md,7,306,0.57402347,0.21,pr,pr16330007,2016-11-26T01:07:11.399Z,"65 km NE of Cruz Bay, U.S. Virgin Islands",earthquake,1.1,1.1,0,4,reviewed,pr,pr
2016-11-25T22:46:52.800Z,40.5498333,-124.766,3.62,2.56,md,21,262,0.3351,0.23,nc,nc72729510,2017-02-11T08:18:06.369Z,"42 km W of Ferndale, California",earthquake,2.38,2.33,0.14,14,reviewed,nc,nc
2016-11-25T22:27:43.500Z,18.0331,-67.8947,59,3.1,Md,17,219.6,0.52731107,0.3,pr,pr16330006,2017-02-23T00:11:48.040Z,"75 km W of Puerto Real, Puerto Rico",earthquake,1.9,1.7,0,11,reviewed,pr,pr
2016-11-25T22:18:34.180Z,-25.5875,-179.6115,483.84,4.3,mb,,196,8.1,0.9,us,us10007ecy,2017-02-23T00:11:48.040Z,"south of the Fiji Islands",earthquake,10.3,19.8,0.129,17,reviewed,us,us
2016-11-25T22:13:45.360Z,49.435,-120.5221667,-0.53,2.22,ml,9,244,0.6036,0.3,uw,uw61219882,2016-12-01T19:06:00.690Z,"2 km SSW of Princeton, Canada",explosion,2.17,31.61,0.226,9,reviewed,uw,uw
2016-11-25T21:59:35.300Z,36.5334,-98.9712,5.757,2.6,ml,,79,,0.44,us,us10007ce3,2017-02-23T00:11:48.040Z,"9 km WSW of Waynoka, Oklahoma",earthquake,2.5,6.3,,,reviewed,tul,tul
2016-11-25T21:42:03.060Z,54.6438,-165.0294,115.74,2.5,ml,,144,0.669,0.2,us,us10007d6p,2023-08-03T20:55:25.490Z,"74 km NE of Akutan, Alaska",earthquake,8.1,12,,,reviewed,us,ak
2016-11-25T21:33:29.600Z,36.8863,-97.6583,4.113,2.6,ml,,66,,0.53,us,us10007cdr,2017-02-23T00:11:48.040Z,"4 km S of Renfrow, Oklahoma",earthquake,2.2,6.5,,,reviewed,tul,tul
2016-11-25T21:30:17.830Z,32.5233333,-115.6411667,2.8,2.48,ml,30,98,0.1448,0.19,ci,ci37749720,2017-02-08T19:39:07.014Z,"8km SW of Progreso, B.C., MX",earthquake,0.25,0.52,0.17,75,reviewed,ci,ci
2016-11-25T21:22:09.100Z,12.6003,-88.904,35,4.4,mb,,163,1.126,1.07,us,us10007cdj,2017-02-23T00:11:47.040Z,"84 km SSW of Puerto El Triunfo, El Salvador",earthquake,8,2,0.063,72,reviewed,us,us
2016-11-25T20:58:21.300Z,39.1881,74.2447,10,4.9,mb,,59,1.915,1.08,us,us10007cdb,2017-02-23T00:11:47.040Z,"115 km NNE of Murghob, Tajikistan",earthquake,6.6,1.9,0.059,90,reviewed,us,us
2016-11-25T20:37:30.990Z,39.2655,73.9901,10,4.2,mb,,89,1.708,1.12,us,us10007cd6,2017-02-23T00:11:47.040Z,"121 km N of Murghob, Tajikistan",earthquake,7.1,1.9,0.186,8,reviewed,us,us
2016-11-25T19:46:19.530Z,39.2383,74.3045,10,4.3,mwr,,53,1.953,1.24,us,us10007ccw,2017-02-23T00:11:47.040Z,"122 km NNE of Murghob, Tajikistan",earthquake,6.3,1.9,0.089,12,reviewed,us,us
2016-11-25T19:45:13.646Z,51.5374,-176.9221,43.3,2.1,ml,,,,0.38,ak,ak016f62xfqc,2023-08-03T20:54:54.727Z,"42 km SSW of Adak, Alaska",earthquake,,0.5,,,reviewed,ak,ak
2016-11-25T19:37:57.090Z,7.1094,92.4447,29.37,4.4,mb,,101,4.85,0.69,us,us10007ed2,2017-02-23T00:11:47.040Z,"Nicobar Islands, India region",earthquake,8.5,4.3,0.09,36,reviewed,us,us
2016-11-25T19:21:16.430Z,9.6063,-73.6008,135.04,4.1,mb,,78,2.614,1.09,us,us10007ecw,2017-02-23T00:11:47.040Z,"16 km ESE of El Paso, Colombia",earthquake,9.1,8.8,0.26,5,reviewed,us,us
2016-11-25T19:19:46.200Z,36.3594,-98.5672,7.98,2.5,ml,,49,,0.97,us,us10007ccp,2017-02-23T00:11:47.040Z,"12 km WSW of Cleo Springs, Oklahoma",earthquake,1.1,5.2,,,reviewed,tul,tul
2016-11-25T19:03:14.830Z,19.388,-155.2448333,1.7,2.66,ml,34,54,,0.06,hv,hv61495226,2021-03-01T21:48:30.635Z,"6 km S of Volcano, Hawaii",earthquake,0.22,0.18,0.148,18,reviewed,hv,hv
2016-11-25T18:54:40.270Z,-7.5622,128.3796,139.06,4.1,mb,,142,2.922,0.49,us,us10007ed6,2017-02-23T00:11:47.040Z,"185 km NE of Lospalos, Timor Leste",earthquake,10.6,16.7,0.303,3,reviewed,us,us
2016-11-25T18:53:58.000Z,36.2863,-97.5054,8.355,2.7,ml,,25,,0.24,us,us10007cci,2017-02-23T00:11:47.040Z,"4 km WNW of Lucien, Oklahoma",earthquake,1,8.2,,,reviewed,tul,tul
2016-11-25T18:37:35.630Z,39.1788,73.8549,10,4.4,mb,,88,1.619,0.87,us,us10007cce,2017-02-23T00:11:47.040Z,"112 km N of Murghob, Tajikistan",earthquake,3.9,2,0.139,15,reviewed,us,us
2016-11-25T18:36:27.241Z,55.341,-159.1261,44.3,2.1,ml,,,,0.51,ak,ak016f62a3qc,2023-08-03T20:54:42.719Z,"63 km S of Perryville, Alaska",earthquake,,2.8,,,reviewed,ak,ak
2016-11-25T17:24:50.380Z,19.3908333,-155.2776667,1.55,2.82,ml,40,42,,0.09,hv,hv61495176,2020-07-06T20:59:46.950Z,"7 km SW of Volcano, Hawaii",earthquake,0.16,0.11,0.243,25,reviewed,hv,hv
2016-11-25T17:21:33.610Z,-17.8197,-178.6205,539.64,4.5,mb,,73,3.17,1.11,us,us10007ecu,2017-02-23T00:11:47.040Z,"220 km E of Levuka, Fiji",earthquake,12.2,7.2,0.066,67,reviewed,us,us
2016-11-25T17:21:15.560Z,-17.6313,-178.7417,545.94,4.2,mb,,116,3.057,0.8,us,us10007ecz,2017-02-23T00:11:47.040Z,"211 km ENE of Levuka, Fiji",earthquake,13.9,8.8,0.101,30,reviewed,us,us
2016-11-25T17:12:31.734Z,60.8673,-145.7401,17.9,2.6,ml,,,,0.57,ak,ak016f61jjad,2023-08-03T20:54:17.083Z,"36 km N of Cordova, Alaska",earthquake,,0.2,,,reviewed,ak,ak
2016-11-25T17:12:08.880Z,16.751,-101.6281,19.64,4.1,mb,,229,1.335,0.74,us,us10007cbz,2017-02-23T00:11:47.040Z,"89 km SW of Papanoa, Mexico",earthquake,9,10.6,0.063,68,reviewed,us,us
2016-11-25T16:51:31.731Z,64.2292,-150.0919,18.1,2.1,ml,,,,0.72,ak,ak016f616glx,2023-08-03T20:54:05.011Z,"44 km W of Clear, Alaska, Alaska",earthquake,,0.1,,,reviewed,ak,ak
2016-11-25T16:39:49.900Z,34.328,-118.3345,6.49,2.6,ml,127,14,0.07241,0.19,ci,ci37749536,2017-02-08T20:54:28.761Z,"7km NNE of Lake View Terrace, CA",earthquake,0.1,0.4,0.169,179,reviewed,ci,ci
2016-11-25T16:20:49.680Z,52.6665,-169.3227,23.5,2.5,ml,,,,0.63,us,us10007d6k,2023-08-03T20:54:00.276Z,"43 km SW of Nikolski, Alaska",earthquake,7.2,9,,,reviewed,ak,ak
2016-11-25T16:12:07.150Z,39.4121,74.2329,10,4.3,mb,,92,1.881,1.09,us,us10007cbg,2017-02-23T00:11:47.040Z,"139 km N of Murghob, Tajikistan",earthquake,7.3,0.9,0.154,12,reviewed,us,us
2016-11-25T16:08:31.620Z,12.8709,-89.4802,65.47,4.5,mb,,149,0.846,1.06,us,us10007cbc,2017-02-23T00:11:47.040Z,"70 km SSW of La Libertad, El Salvador",earthquake,7.7,9.5,0.081,45,reviewed,us,us
2016-11-25T15:45:38.960Z,40.4533333,-111.9951667,10.29,3.19,ml,65,32,0.03183,0.19,uu,uu60171887,2019-02-15T15:16:44.317Z,"6 km SW of Bluffdale, Utah",earthquake,0.29,0.35,0.245,22,reviewed,uu,uu
2016-11-25T15:26:54.530Z,36.115,-117.8783333,2.61,2.55,ml,30,56,0.01918,0.13,ci,ci37749504,2017-02-08T20:22:20.191Z,"10km NE of Coso Junction, CA",earthquake,0.16,0.28,0.156,68,reviewed,ci,ci
2016-11-25T15:26:45.960Z,39.1904,73.9606,10,4.8,mb,,127,2.576,1.33,us,us10007caz,2017-02-23T00:11:47.040Z,"113 km N of Murghob, Tajikistan",earthquake,7.1,1.9,0.124,20,reviewed,us,us
2016-11-25T15:25:47.210Z,-18.9024,-175.4323,183.28,4.7,mb,,71,5.211,0.93,us,us10007cb1,2017-02-23T00:11:47.040Z,"151 km NW of Pangai, Tonga",earthquake,9.1,7.1,0.07,63,reviewed,us,us
2016-11-25T15:19:35.700Z,36.8434,-97.7522,7.893,4,mb,,33,,0.48,us,us10007cas,2020-03-20T01:37:07.624Z,"4 km NNW of Medford, Oklahoma",earthquake,1.3,6.7,0.232,5,reviewed,tul,us
2016-11-25T15:16:25.700Z,39.193,74.0517,10,4.5,mb,,97,2.642,1.33,us,us10007cat,2017-02-23T00:11:47.040Z,"113 km N of Murghob, Tajikistan",earthquake,7.2,1.9,0.119,21,reviewed,us,us
2016-11-25T15:08:41.160Z,14.7804,-90.9525,195.31,4.7,mb,,94,0.753,0.91,us,us10007cam,2017-02-23T00:11:47.040Z,"2 km ESE of Santa Apolonia, Guatemala",earthquake,9.1,7.4,0.084,43,reviewed,us,us
2016-11-25T15:04:49.070Z,12.7986,145.1151,35.08,4.4,mb,,95,0.821,1.36,us,us10007ecm,2017-02-23T00:11:47.040Z,"65 km SE of Inarajan Village, Guam",earthquake,10.2,8.4,0.126,18,reviewed,us,us
2016-11-25T14:55:38.690Z,21.675,141.8784,10,4.6,mb,,187,5.403,0.96,us,us10007ecn,2017-02-23T00:11:47.040Z,"Mariana Islands region",earthquake,9.2,2,0.157,12,reviewed,us,us
2016-11-25T14:51:56.560Z,36.1133333,-117.8761667,2.72,2.43,ml,28,56,0.01777,0.12,ci,ci37749368,2017-02-08T19:35:49.249Z,"10km NE of Coso Junction, CA",earthquake,0.16,0.33,0.175,63,reviewed,ci,ci
2016-11-25T14:47:12.170Z,39.0945,74.4195,10,4.5,mb,,81,2.066,0.87,us,us10007ecl,2017-02-23T00:11:47.040Z,"109 km NNE of Murghob, Tajikistan",earthquake,6.7,1.9,0.171,10,reviewed,us,us
2016-11-25T14:46:23.780Z,-7.0164,129.1456,176.5,4.4,mb,,80,2.34,1.04,us,us10007eci,2017-02-23T00:11:47.040Z,"289 km NE of Lospalos, Timor Leste",earthquake,8.1,10.8,0.202,7,reviewed,us,us
2016-11-25T14:40:03.540Z,39.3566,73.9707,10,5.1,mb,,111,1.682,1.32,us,us10007ecv,2017-02-23T00:11:47.040Z,"131 km N of Murghob, Tajikistan",earthquake,7,1.9,0.164,12,reviewed,us,us
2016-11-25T14:24:30.710Z,39.2732,73.9776,17,6.6,mww,,20,1.697,0.88,us,us10007ca5,2022-05-03T19:49:54.952Z,"122 km N of Murghob, Tajikistan",earthquake,5.9,1.7,,,reviewed,us,us
2016-11-25T14:24:14.677Z,60.1116,-152.5009,92.2,2.2,ml,,,,0.58,ak,ak016f5ztrqz,2023-08-03T20:53:36.852Z,"46 km WNW of Happy Valley, Alaska",earthquake,,0.1,,,reviewed,ak,ak
2016-11-25T14:22:03.240Z,-41.5012,174.4968,27.51,4.2,mwr,,76,0.247,0.79,us,us10007ca3,2017-02-23T00:11:47.040Z,"31 km SW of Brooklyn, New Zealand",earthquake,1.9,5.6,0.054,33,reviewed,us,us
2016-11-25T14:18:59.750Z,39.1868,73.9162,10,5.2,mww,,78,1.664,0.98,us,us10007ca2,2022-05-03T19:49:53.259Z,"112 km N of Murghob, Tajikistan",earthquake,6.2,1.7,,,reviewed,us,us
2016-11-25T14:14:58.680Z,-31.8605,-71.86,6.23,4.3,mb,,189,0.845,1.11,us,us10007ca1,2017-02-23T00:11:47.040Z,"70 km WSW of Illapel, Chile",earthquake,7.3,7.6,0.377,2,reviewed,us,us
2016-11-25T14:14:29.945Z,65.0282,-167.9074,13.7,3,ml,,,,0.95,ak,ak016f5zrnrm,2023-08-03T20:53:27.455Z,"56 km WSW of Port Clarence, Alaska",earthquake,,3.8,,,reviewed,ak,ak
2016-11-25T13:54:24.716Z,61.0144,-151.9767,91.9,2.4,ml,,,,0.5,ak,ak016f5zesef,2023-08-03T20:53:20.624Z,"45 km W of Tyonek, Alaska",earthquake,,0.1,,,reviewed,ak,ak
2016-11-25T13:43:43.410Z,-22.3037,-67.593,207.51,4.2,mb,,79,0.842,0.7,us,us10007c9u,2017-02-23T00:11:47.040Z,"91 km NE of San Pedro de Atacama, Chile",earthquake,9.1,7.8,0.235,5,reviewed,us,us
2016-11-25T13:21:04.000Z,18.6979,-66.361,88,2.6,Md,6,252,0.50934477,0.15,pr,pr16330005,2017-02-23T00:11:47.040Z,"25 km N of Brenas, Puerto Rico",earthquake,2.9,1.9,0,4,reviewed,pr,pr
2016-11-25T13:17:33.890Z,36.1135,-117.8755,2.63,2.02,ml,29,57,0.0172,0.12,ci,ci37749320,2017-02-08T21:13:02.041Z,"10km NE of Coso Junction, CA",earthquake,0.14,0.2,0.185,36,reviewed,ci,ci
2016-11-25T13:13:56.380Z,34.4031667,-119.8013333,8.59,2.22,ml,33,51,0.03558,0.22,ci,ci37749312,2017-05-17T04:52:16.238Z,"4km SSE of Goleta, CA",earthquake,0.34,0.6,0.128,53,reviewed,ci,ci
2016-11-25T12:53:12.143Z,60.214,-153.1282,138.5,2,ml,,,,0.58,ak,ak016f5yt43y,2023-08-03T20:52:45.518Z,"65 km E of Port Alsworth, Alaska",earthquake,,0.3,,,reviewed,ak,ak
2016-11-25T12:48:03.000Z,36.8187,-97.6115,7.69,2.7,ml,,54,,0.52,us,us10007c9c,2017-02-23T00:11:47.040Z,"8 km W of Deer Creek, Oklahoma",earthquake,0.7,6.2,,,reviewed,tul,tul
2016-11-25T12:47:16.350Z,32.3999,141.3766,10,4.7,mb,,75,1.497,0.99,us,us10007c9f,2017-02-23T00:11:47.040Z,"Izu Islands, Japan region",earthquake,7.2,1.9,0.048,132,reviewed,us,us
2016-11-25T12:32:07.192Z,60.7009,-145.5415,20.7,2,ml,,,,0.46,ak,ak016f5yolov,2023-08-03T20:52:35.255Z,"Southern Alaska",earthquake,,0.3,,,reviewed,ak,ak
2016-11-25T12:23:13.983Z,54.8792,-162.6663,79.8,2.3,ml,,,,0.34,ak,ak016f5ymorq,2023-08-03T20:52:20.006Z,"30 km SW of King Cove, Alaska",earthquake,,0.6,,,reviewed,ak,ak
2016-11-25T11:41:04.060Z,13.159,145.6634,10,4.3,mb,,100,0.884,0.68,us,us10007ecg,2017-02-23T00:11:47.040Z,"93 km ESE of Yigo Village, Guam",earthquake,9.1,1.9,0.129,17,reviewed,us,us
2016-11-25T11:17:10.660Z,13.1382,93.0599,32.79,4.6,mb,,92,7.738,0.86,us,us10007c91,2017-02-23T00:11:47.040Z,"163 km NNE of Bamboo Flat, India",earthquake,9.7,5.9,0.069,64,reviewed,us,us
2016-11-25T11:01:44.180Z,-31.9595,-178.6787,10,5.1,mb,,72,2.781,0.78,us,us10007c8x,2017-02-23T00:11:47.040Z,"Kermadec Islands region",earthquake,9.4,1.8,0.072,62,reviewed,us,us
2016-11-25T10:46:25.538Z,54.6325,-161.112,20,2.1,ml,,,,0.65,ak,ak016f5xkrx5,2023-08-03T20:52:06.223Z,"87 km SSW of Sand Point, Alaska",earthquake,,0,,,reviewed,ak,ak
2016-11-25T10:26:14.238Z,53.5149,-165.1409,25.3,2,ml,,,,0.5,ak,ak016f5xggq7,2023-08-03T20:51:49.739Z,"80 km SSE of Akutan, Alaska",earthquake,,15.1,,,reviewed,ak,ak
2016-11-25T10:09:00.070Z,10.4559,-86.3185,16.41,4.5,mb,,194,0.85,0.58,us,us10007ecd,2017-02-23T00:11:47.040Z,"73 km W of Sardinal, Costa Rica",earthquake,6.9,7,0.067,65,reviewed,us,us
2016-11-25T09:49:52.800Z,36.0076,-96.7752,3.098,2.6,ml,,58,,0.55,us,us10007c8q,2017-02-23T00:11:46.040Z,"2 km NNW of Cushing, Oklahoma",earthquake,0.8,3.1,,,reviewed,tul,tul
2016-11-25T09:35:11.338Z,64.1925,-150.0225,18.9,2,ml,,,,0.72,ak,ak016f5wwycd,2023-08-03T20:51:19.026Z,"41 km W of Clear, Alaska, Alaska",earthquake,,0.1,,,reviewed,ak,ak
2016-11-25T09:03:25.400Z,61.7443,-150.922,75.6,2.9,ml,,,,0.63,ak,ak016f5wq4ik,2023-08-03T20:51:14.474Z,"31 km NW of Susitna, Alaska",earthquake,,0.2,,,reviewed,ak,ak
2016-11-25T08:29:06.890Z,37.5527,140.8987,30.18,4.1,mb,,185,0.327,0.45,us,us10007ec7,2017-02-23T00:11:46.040Z,"11 km NW of Namie, Japan",earthquake,4.9,9.1,0.261,4,reviewed,us,us
2016-11-25T08:22:49.610Z,44.9257,141.9268,26.59,4.7,mb,,92,0.937,0.73,us,us10007c8l,2017-02-23T00:11:46.040Z,"50 km S of Makubetsu, Japan",earthquake,6.1,4.8,0.072,59,reviewed,us,us
2016-11-25T07:57:26.740Z,37.1742,141.5423,23.21,4.3,mb,,150,0.916,0.98,us,us10007ec5,2017-02-23T00:11:46.040Z,"59 km SE of Namie, Japan",earthquake,8.4,8.5,0.237,5,reviewed,us,us
2016-11-25T07:48:34.060Z,13.3571,120.3345,89.75,4.5,mb,,115,8.327,0.81,us,us10007c8f,2017-02-23T00:11:46.040Z,"14 km SW of Harrison, Philippines",earthquake,13.5,8.7,0.099,30,reviewed,us,us
2016-11-25T07:48:10.220Z,-28.2362,62.3872,10,4.6,mb,,85,15.483,0.84,us,us10007ece,2017-02-23T00:11:46.040Z,"Southwest Indian Ridge",earthquake,13.3,1.4,0.128,18,reviewed,us,us
2016-11-25T07:41:51.866Z,53.51,-165.2819,6.9,2.1,ml,,,,0.55,ak,ak016f5vrgk2,2023-08-03T20:50:57.767Z,"76 km SSE of Akutan, Alaska",earthquake,,14.3,,,reviewed,ak,ak
2016-11-25T07:35:48.970Z,37.2467,141.6221,30.8,4.2,mb,,128,0.907,0.53,us,us10007c8g,2017-02-23T00:11:46.040Z,"61 km ESE of Namie, Japan",earthquake,7.3,6.6,0.166,10,reviewed,us,us
2016-11-25T07:32:27.450Z,35.8073333,-119.2616667,18.01,2.02,ml,25,55,0.1477,0.27,ci,ci37749216,2017-02-08T21:34:47.294Z,"4km NNW of Delano, CA",earthquake,0.51,1.07,0.213,24,reviewed,ci,ci
2016-11-25T07:26:23.900Z,54.4632,160.5536,87.86,5.6,mb,,43,1.833,0.78,us,us10007c8b,2020-07-10T15:15:27.769Z,"127 km ESE of Mil’kovo, Russia",earthquake,7.7,6.1,0.05,141,reviewed,us,us
2016-11-25T07:25:05.600Z,18.3465,-64.1635,6,2.6,Md,5,345.6,0.57761673,0.27,pr,pr16330004,2017-02-23T00:11:46.040Z,"66 km E of Cruz Bay, U.S. Virgin Islands",earthquake,7.1,2.4,0,4,reviewed,pr,pr
2016-11-25T06:17:34.700Z,-25.3396,-177.3775,146.97,4.3,mb,,85,8.67,0.77,us,us10007ec3,2017-02-23T00:11:46.040Z,"south of the Fiji Islands",earthquake,11.1,5.9,0.116,21,reviewed,us,us
2016-11-25T05:57:28.297Z,54.1609,-165.4914,82.8,2.1,ml,,,,0.3,ak,ak016f5unyzh,2023-08-03T20:50:43.731Z,"18 km E of Akutan, Alaska",earthquake,,0.3,,,reviewed,ak,ak
2016-11-25T05:52:30.510Z,44.3475,-110.6596667,1.98,2.22,ml,11,110,0.07647,0.31,uu,uu60171762,2016-11-28T03:42:01.580Z,"49 km SE of West Yellowstone, Montana",earthquake,1.07,2.65,0.202,3,reviewed,uu,uu
2016-11-25T05:47:51.300Z,44.3493333,-110.654,3.33,2.89,ml,14,61,0.07216,0.1,uu,uu60171752,2017-02-23T00:11:46.040Z,"49 km SE of West Yellowstone, Montana",earthquake,0.24,0.64,0.232,4,reviewed,uu,uu
2016-11-25T05:41:43.930Z,12.3498,-88.2514,10,4.4,mb,,156,1.222,0.92,us,us10007c82,2017-02-23T00:11:46.040Z,"96 km SSW of Intipucá, El Salvador",earthquake,3.9,2,0.105,26,reviewed,us,us
2016-11-25T05:39:34.900Z,18.2283,-67.209,30,2.9,Md,16,144,0.12845909,0.05,pr,pr16330003,2017-02-23T00:11:46.040Z,"6 km SSW of La Playa, Puerto Rico",earthquake,0.3,0.7,0,15,reviewed,pr,pr
2016-11-25T05:31:53.990Z,-5.9708,107.1769,248.29,4.3,mb,,49,0.951,1.03,us,us10007c7z,2017-02-23T00:11:46.040Z,"24 km NNW of Rengasdengklok, Indonesia",earthquake,8.5,6.5,0.099,29,reviewed,us,us
2016-11-25T05:10:52.150Z,44.3558333,-110.6623333,3.9,2.55,ml,13,79,0.07319,0.11,uu,uu60171722,2017-02-23T00:11:46.040Z,"48 km SE of West Yellowstone, Montana",earthquake,0.34,0.54,0.165,3,reviewed,uu,uu
2016-11-25T05:04:15.840Z,-17.7778,-172.6446,10,4.8,mb,,68,2.884,1.21,us,us10007ec1,2017-02-23T00:11:46.040Z,"171 km NE of Neiafu, Tonga",earthquake,9.9,1.9,0.103,29,reviewed,us,us
2016-11-25T04:24:21.905Z,55.3851,-134.8885,38,2.1,ml,,,,0.57,ak,ak016f5tvg9a,2023-08-03T20:50:19.044Z,"Southeastern Alaska",earthquake,,13.4,,,reviewed,ak,ak
2016-11-25T04:12:33.800Z,18.2285,-67.2086,30,2.8,Md,15,144,0.12845909,0.09,pr,pr16330002,2017-02-23T00:11:46.040Z,"6 km SSW of La Playa, Puerto Rico",earthquake,0.4,0.9,0,14,reviewed,pr,pr
2016-11-25T04:06:54.400Z,55.1456,164.7419,34.57,5.1,mb,,57,4.169,0.67,us,us10007c7q,2017-02-23T00:11:46.040Z,"186 km SE of Ust’-Kamchatsk Staryy, Russia",earthquake,8.4,4.3,0.027,435,reviewed,us,us
2016-11-25T04:02:23.050Z,50.9767,-130.3771,10,4.5,mwr,,162,1.414,1.29,us,us10007c7n,2017-02-23T00:11:46.040Z,"236 km W of Port McNeill, Canada",earthquake,8,2,,,reviewed,us,pgc
2016-11-25T02:59:45.720Z,44.3541667,-110.6603333,4,2.41,ml,12,79,0.07291,0.13,uu,uu60171697,2016-11-26T00:30:55.830Z,"49 km SE of West Yellowstone, Montana",earthquake,0.36,0.64,0.265,2,reviewed,uu,uu
2016-11-25T02:53:42.790Z,-16.8071,-72.6625,79.57,4.2,ml,,158,2.86,0.61,us,us10007c7h,2017-02-23T00:11:46.040Z,"20 km SSE of Camaná, Peru",earthquake,11.6,44.2,,,reviewed,us,lim
2016-11-25T02:49:28.360Z,44.355,-110.6595,4.16,2.55,ml,15,62,0.07194,0.12,uu,uu60171692,2017-02-23T00:11:46.040Z,"49 km SE of West Yellowstone, Montana",earthquake,0.25,0.49,0.276,3,reviewed,uu,uu
2016-11-25T02:40:17.550Z,12.157,-89.006,10,4.7,mb,,145,1.536,0.9,us,us10007c7a,2017-02-23T00:11:46.040Z,"134 km SSW of Puerto El Triunfo, El Salvador",earthquake,6.5,1.9,0.044,155,reviewed,us,us
2016-11-25T02:32:09.130Z,34.1256667,-116.6943333,4.15,2.15,ml,91,24,0.09507,0.15,ci,ci37749104,2017-02-08T20:51:51.732Z,"14km NW of Morongo Valley, CA",earthquake,0.1,0.45,0.155,112,reviewed,ci,ci
2016-11-25T02:15:16.560Z,37.2571667,-97.8818333,2.92,2.41,ml,13,182,0.02067,0.05,ismpkansas,ismpkansas70213893,2016-11-27T03:22:01.150Z,"3 km SSE of Danville, Kansas",earthquake,0.29,0.65,0.176,16,reviewed,ismp,ismp
2016-11-25T02:04:51.420Z,-29.1934,61.1519,10,4.6,mb,,107,14.851,1.05,us,us10007ebw,2017-02-23T00:11:46.040Z,"Southwest Indian Ridge",earthquake,9,1.9,0.114,23,reviewed,us,us
2016-11-25T02:00:42.060Z,44.3543333,-110.6601667,4.03,2.13,ml,13,79,0.07271,0.13,uu,uu60171687,2016-11-29T18:54:35.790Z,"49 km SE of West Yellowstone, Montana",earthquake,0.32,0.59,0.099,2,reviewed,uu,uu
2016-11-25T01:51:37.526Z,54.8607,-160.5609,41.1,2.2,ml,,,,0.35,ak,ak016f5s8yzc,2023-08-03T20:49:40.274Z,"53 km S of Sand Point, Alaska",earthquake,,0.5,,,reviewed,ak,ak
2016-11-25T01:47:18.449Z,62.3947,-151.1,89.8,2,ml,,,,0.33,ak,ak016f5s82n8,2023-08-03T20:49:38.239Z,"20 km WSW of Petersville, Alaska",earthquake,,0.2,,,reviewed,ak,ak
2016-11-25T00:59:56.130Z,55.1403,164.7888,36.38,4.2,mb,,154,4.191,0.55,us,us10007ebu,2017-02-23T00:11:46.040Z,"189 km SE of Ust’-Kamchatsk Staryy, Russia",earthquake,5.7,11.6,0.107,24,reviewed,us,us
2016-11-25T00:28:46.780Z,-29.4411,-179.0468,174.09,4.2,mb,,101,0.995,1.39,us,us10007ebv,2017-02-23T00:11:46.040Z,"Kermadec Islands region",earthquake,6.5,9.6,0.214,6,reviewed,us,us
2016-11-25T00:20:02.150Z,37.2907,141.4059,13.6,4.7,mb,,123,0.756,0.82,us,us10007c6s,2017-02-23T00:11:46.040Z,"41 km ESE of Namie, Japan",earthquake,4.6,4.3,0.049,127,reviewed,us,us
2016-11-25T00:19:18.100Z,18.4757,-64.4418,83,2.3,Md,4,342,0.34495307,0.31,pr,pr16330001,2016-11-25T03:50:55.147Z,"40 km ENE of Cruz Bay, U.S. Virgin Islands",earthquake,9.9,2.5,0,3,reviewed,pr,pr
2016-11-25T00:09:24.440Z,37.199,141.3946,3.59,4,mwr,,100,0.823,0.97,us,us10007c6n,2017-02-23T00:11:46.040Z,"47 km SE of Namie, Japan",earthquake,3.5,4.4,0.083,14,reviewed,us,us
2016-11-24T23:39:53.794Z,63.2569,-151.466,15.8,2.2,ml,,,,0.66,ak,ak016f4hqmgj,2023-08-03T20:48:53.401Z,"34 km SSE of Denali National Park, Alaska",earthquake,,0.2,,,reviewed,ak,ak
2016-11-24T23:30:32.390Z,26.805,126.1317,53.02,4.3,mb,,124,1.913,1.23,us,us10007eb0,2017-02-15T23:21:40.040Z,"167 km WNW of Naha, Japan",earthquake,14.6,12.5,0.177,9,reviewed,us,us
2016-11-24T23:22:35.970Z,12.1204,-89.0508,10,4.6,mb,,156,1.566,0.99,us,us10007c68,2017-02-15T23:21:40.040Z,"139 km SSW of Puerto El Triunfo, El Salvador",earthquake,7.5,1.9,0.049,124,reviewed,us,us
2016-11-24T23:21:41.260Z,19.3818333,-155.2388333,1,2.19,ml,22,118,,0.12,hv,hv61494241,2020-07-06T20:59:56.500Z,"6 km S of Volcano, Hawaii",earthquake,0.28,0.21,0.181,12,reviewed,hv,hv
2016-11-24T23:16:59.460Z,19.3813333,-155.2415,1.12,3.06,ml,28,98,,0.08,hv,hv61494236,2020-07-06T20:59:56.650Z,"6 km S of Volcano, Hawaii",earthquake,0.24,0.15,0.122,16,reviewed,hv,hv
2016-11-24T23:11:46.610Z,-15.3737,-174.7359,55.85,4.5,mb,,112,3.212,0.44,us,us10007eaz,2017-02-15T23:21:40.040Z,"119 km WNW of Hihifo, Tonga",earthquake,10.9,7.2,0.18,9,reviewed,us,us
2016-11-24T23:02:58.660Z,55.1492,164.806,37.84,4.5,mb,,126,4.204,1,us,us10007c65,2017-02-15T23:21:40.040Z,"189 km SE of Ust’-Kamchatsk Staryy, Russia",earthquake,10.8,6.3,0.047,131,reviewed,us,us
2016-11-24T23:01:22.120Z,53.5007,-165.8315,44.8,2.3,ml,,,,0.17,ak,ak016f4hiet0,2023-08-03T20:48:48.438Z,"62 km SE of Unalaska, Alaska",earthquake,,2.3,,,reviewed,ak,ak
2016-11-24T22:50:45.630Z,72.7583,124.6821,10,4,mb,,101,1.712,0.56,us,us10007eay,2017-02-15T23:21:40.040Z,"185 km NW of Tiksi, Russia",earthquake,10.1,2,0.165,10,reviewed,us,us
2016-11-24T22:31:01.530Z,55.2049,164.7541,35,5.5,mb,,30,4.204,0.75,us,us10007c5y,2022-05-03T19:49:50.126Z,"182 km SE of Ust’-Kamchatsk Staryy, Russia",earthquake,4.7,1.8,0.021,821,reviewed,us,us
2016-11-24T21:55:54.030Z,24.0887,122.4318,24.12,5.3,mb,,30,0.649,0.8,us,us10007c5s,2017-02-15T23:21:40.040Z,"71 km SW of Yonakuni, Japan",earthquake,7.3,3.9,0.033,318,reviewed,us,us
2016-11-24T21:44:57.300Z,12.4189,-88.4193,10,4.4,mb,,165,1.365,0.73,us,us10007c5q,2017-02-15T23:21:40.040Z,"93 km SSW of Chirilagua, El Salvador",earthquake,3.7,2,0.09,36,reviewed,us,us
2016-11-24T21:42:02.420Z,36.155,-89.689,7.57,2.01,md,32,48,0.03648,0.05,nm,nm60140182,2016-12-05T16:14:21.830Z,"southeastern Missouri",earthquake,0.14,0.4,0.217,17,reviewed,nm,nm
2016-11-24T21:05:10.910Z,12.1681,-89.0039,10,4.2,mb,,158,1.525,0.67,us,us10007c5l,2017-02-15T23:21:40.040Z,"132 km SSW of Puerto El Triunfo, El Salvador",earthquake,5,1.9,0.1,28,reviewed,us,us
2016-11-24T20:46:31.130Z,-44.324,37.9015,10,4.6,mb,,126,15.069,1.18,us,us10007eau,2017-02-15T23:21:40.040Z,"Prince Edward Islands region",earthquake,9.6,1.9,0.151,13,reviewed,us,us
2016-11-24T20:33:30.920Z,19.3825,-155.2425,1.77,2.37,ml,26,61,,0.08,hv,hv61494146,2020-07-06T20:59:56.800Z,"6 km S of Volcano, Hawaii",earthquake,0.28,0.21,0.16,11,reviewed,hv,hv
2016-11-24T19:58:45.160Z,43.5682,-105.2529,0,3.4,ml,,79,1.039,0.64,us,us10007c5f,2017-02-15T23:21:40.040Z,"28 km SE of Wright, Wyoming",mining explosion,3.2,2,0.049,58,reviewed,us,us
2016-11-24T19:42:44.600Z,-7.0107,129.1982,170.21,4.4,mb,,156,2.295,0.32,us,us10007ear,2017-02-15T23:21:40.040Z,"294 km NE of Lospalos, Timor Leste",earthquake,10.8,16.9,0.219,6,reviewed,us,us
2016-11-24T19:39:53.550Z,-5.7885,151.9236,22.98,4.2,mb,,168,1.604,0.35,us,us10007eaq,2017-02-15T23:21:39.040Z,"164 km SSW of Kokopo, Papua New Guinea",earthquake,7.6,9.7,0.216,6,reviewed,us,us
2016-11-24T19:38:37.720Z,32.7406667,-115.424,7.87,2.28,ml,28,100,0.06727,0.23,ci,ci37748984,2017-02-08T19:48:03.476Z,"9km SSW of Holtville, CA",earthquake,0.36,0.58,0.118,63,reviewed,ci,ci
2016-11-24T19:36:50.530Z,-16.9204,-173.961,199.76,4.5,mb,,133,3.66,0.41,us,us10007eat,2017-02-15T23:21:39.040Z,"108 km S of Hihifo, Tonga",earthquake,9.2,15.1,0.192,8,reviewed,us,us
2016-11-24T19:33:55.880Z,32.747,-115.4316667,9.74,2.38,ml,29,70,0.05954,0.24,ci,ci37748976,2017-02-08T20:48:04.531Z,"9km SW of Holtville, CA",earthquake,0.36,0.75,0.181,29,reviewed,ci,ci
2016-11-24T19:04:10.250Z,12.1186,-89.0667,10,4.7,mb,,192,1.567,1.04,us,us10007eap,2017-02-15T23:21:39.040Z,"140 km SSW of Puerto El Triunfo, El Salvador",earthquake,3.7,2,0.246,5,reviewed,us,us
2016-11-24T18:59:34.090Z,12.1659,-88.9872,10,4.3,md,,187,1.53,1.33,us,us10007nk5,2017-02-15T23:21:39.040Z,"132 km SSW of Puerto El Triunfo, El Salvador",earthquake,7.7,2,,,reviewed,us,snet
2016-11-24T18:54:38.770Z,39.1949,73.3131,51,4.1,mb,,72,2.11,0.81,us,us10007ean,2017-02-15T23:21:39.040Z,"98 km ESE of Kyzyl-Eshme, Kyrgyzstan",earthquake,4.6,13.4,0.213,6,reviewed,us,us
2016-11-24T18:53:03.100Z,12.0379,-88.9043,10,5.1,mb,,192,1.669,0.64,us,us10007eb4,2017-02-15T23:21:39.040Z,"143 km SSW of Puerto El Triunfo, El Salvador",earthquake,7.1,1.9,0.119,23,reviewed,us,us
2016-11-24T18:52:45.590Z,40.455,-125.9476667,10.35,3.84,ml,35,275,1.217,0.2,nc,nc72729085,2017-02-15T23:21:39.040Z,"143 km W of Ferndale, California",earthquake,5.51,5.62,0.112,5,reviewed,nc,nc
2016-11-24T18:43:47.710Z,11.9097,-88.8968,10,6.9,mww,,20,1.796,1.02,us,us10007c4w,2022-05-03T19:49:51.611Z,"156 km SSW of Puerto El Triunfo, El Salvador",earthquake,5.6,1.6,,,reviewed,us,us
2016-11-24T18:17:52.590Z,37.154,141.0973,9.41,4.3,mb,,155,0.754,0.87,us,us10007eb1,2017-02-15T23:21:39.040Z,"22 km ENE of Iwaki, Japan",earthquake,6.2,4.6,0.154,12,reviewed,us,us
2016-11-24T17:46:33.923Z,60.9126,-151.5399,69.5,2,ml,,,,0.57,ak,ak016f4e7hb4,2023-08-03T20:46:59.718Z,"27 km SW of Tyonek, Alaska",earthquake,,0.3,,,reviewed,ak,ak
2016-11-24T17:27:32.370Z,-5.6034,147.36,153.06,4.1,mb,,103,3.782,1,us,us10007eal,2017-02-15T23:21:39.040Z,"118 km NNW of Finschhafen, Papua New Guinea",earthquake,10.3,11,0.151,12,reviewed,us,us
2016-11-24T17:24:17.600Z,18.1375,-67.1641,22,2.2,Md,4,262.8,0.08354332,0.2,pr,pr16329006,2016-11-24T20:22:35.303Z,"Mona Passage",earthquake,2.1,1.3,0,4,reviewed,pr,pr
2016-11-24T17:23:13.338Z,59.6947,-153.2551,105.7,2,ml,,,,0.45,ak,ak016f4e2i91,2023-08-03T20:46:55.021Z,"48 km ESE of Pedro Bay, Alaska",earthquake,,0.3,,,reviewed,ak,ak
2016-11-24T17:21:11.196Z,59.7332,-152.9253,95.1,2.3,ml,,,,0.36,ak,ak016f4e22nj,2023-08-03T20:46:50.092Z,"61 km W of Anchor Point, Alaska",earthquake,,0.3,,,reviewed,ak,ak
2016-11-24T16:55:55.100Z,37.1871,141.4161,10,4.7,mb,,99,0.843,1.15,us,us10007c4d,2017-02-15T23:21:39.040Z,"49 km SE of Namie, Japan",earthquake,4.9,1.8,0.054,103,reviewed,us,us
2016-11-24T16:34:06.600Z,35.9931,-96.7981,5.707,3.6,ml,,54,,0.3,us,us10007c4b,2017-02-15T23:21:39.040Z,"2 km WNW of Cushing, Oklahoma",earthquake,0.8,1.5,,,reviewed,tul,tul
2016-11-24T16:08:47.349Z,53.7957,-167.1498,10.2,2,ml,,,,0.38,ak,ak016f4ddxj2,2023-08-03T20:46:14.730Z,"41 km WSW of Dutch Harbor, Alaska",earthquake,,0.7,,,reviewed,ak,ak
2016-11-24T16:06:59.360Z,-6.6203,130.0697,127.95,4,mb,,101,1.821,1.27,us,us10007eaj,2017-02-15T23:21:39.040Z,"Banda Sea",earthquake,7.5,10.1,0.163,10,reviewed,us,us
2016-11-24T15:49:47.240Z,-42.4286,173.6415,13.83,4.3,mb,,118,0.076,0.9,us,us10007c46,2017-02-15T23:21:39.040Z,"104 km SSW of Blenheim, New Zealand",earthquake,2.5,3.2,0.148,14,reviewed,us,us
2016-11-24T15:39:32.030Z,52.7258,-166.5281,7.6,2.1,ml,,,,0.25,ak,ak016f4cz3xv,2023-08-03T20:46:04.118Z,"127 km S of Unalaska, Alaska",earthquake,,1.7,,,reviewed,ak,ak
2016-11-24T15:37:51.300Z,18.6065,-66.732,15,2.3,Md,5,273.6,0.2587148,0.18,pr,pr16329005,2016-11-24T19:59:39.793Z,"14 km N of Arecibo, Puerto Rico",earthquake,0.9,0.8,0,5,reviewed,pr,pr
2016-11-24T15:29:50.610Z,4.7628,127.3775,106.21,4.1,mb,,178,3.964,0.89,us,us10007eav,2017-02-15T23:21:39.040Z,"221 km SE of Pondaguitan, Philippines",earthquake,14.8,12.3,0.157,11,reviewed,us,us
2016-11-24T15:18:58.380Z,-33.2464,-177.8331,10,4.4,mb,,182,5.336,1.06,us,us10007eah,2017-02-15T23:21:39.040Z,"south of the Kermadec Islands",earthquake,5.5,2,0.19,8,reviewed,us,us
2016-11-24T15:06:52.590Z,-16.6394,-179.2612,498.57,4.2,mb,,53,2.792,0.99,us,us10007eaf,2017-02-15T23:21:39.040Z,"148 km E of Labasa, Fiji",earthquake,11.1,8.4,0.06,78,reviewed,us,us
2016-11-24T14:53:31.600Z,18.6776,-65.096,43,2.2,Md,4,280.8,0.35034296,0.11,pr,pr16329004,2016-11-24T16:27:13.718Z,"41 km NNW of Charlotte Amalie, U.S. Virgin Islands",earthquake,3,3,0,3,reviewed,pr,pr
2016-11-24T14:22:55.700Z,19.3828333,-155.2358333,0.32,2.25,ml,23,106,,0.09,hv,hv61493981,2020-07-06T20:59:57.090Z,"6 km S of Volcano, Hawaii",earthquake,0.22,0.17,0.117,11,reviewed,hv,hv
2016-11-24T14:16:36.710Z,33.227,72.7675,37.81,4.5,mb,,249,0.595,1.47,us,us10007c3e,2017-02-15T23:21:39.040Z,"33 km NNW of Chakwal, Pakistan",earthquake,11,12,0.136,16,reviewed,us,us
2016-11-24T14:09:09.330Z,-24.3147,-66.9917,180.69,4.6,mb,,58,1.739,1.21,us,us10007c3c,2017-02-15T23:21:39.040Z,"69 km W of San Antonio de los Cobres, Argentina",earthquake,7.2,7.7,0.08,46,reviewed,us,us
2016-11-24T13:58:51.300Z,19.4885,-64.189,90,2.9,Md,5,334.8,1.2756077,0.11,pr,pr16329002,2017-02-15T23:21:39.040Z,"143 km NNE of Cruz Bay, U.S. Virgin Islands",earthquake,6.3,8.3,0,3,reviewed,pr,pr
2016-11-24T13:15:51.960Z,-32.9697,-178.75,10,5,mb,,169,3.779,1,us,us10007c33,2017-02-15T23:21:39.040Z,"south of the Kermadec Islands",earthquake,5.9,1.9,0.106,28,reviewed,us,us
2016-11-24T13:14:51.852Z,62.1835,-149.9911,12.6,2.4,ml,,,,0.76,ak,ak016f4bmxcx,2023-08-03T20:44:55.484Z,"7 km WNW of Susitna North, Alaska",earthquake,,0.2,,,reviewed,ak,ak
2016-11-24T12:32:49.450Z,48.9929,155.1662,46.82,4.5,mb,,169,4.419,0.61,us,us10007ea9,2017-02-15T23:21:39.040Z,"199 km SSW of Severo-Kuril’sk, Russia",earthquake,10.3,5,0.104,27,reviewed,us,us
2016-11-24T12:30:09.640Z,-32.9675,-177.4295,10,4.3,mb,,220,5.759,0.87,us,us10007ea6,2017-02-15T23:21:39.040Z,"south of the Kermadec Islands",earthquake,9.8,2,0.201,7,reviewed,us,us
2016-11-24T12:15:14.740Z,-32.7795,-178.0378,10,4.5,mb,,220,5.632,0.55,us,us10007ea7,2017-02-15T23:21:39.040Z,"south of the Kermadec Islands",earthquake,15.7,2,0.163,11,reviewed,us,us
2016-11-24T12:03:52.960Z,-32.9623,-177.4295,10,4.5,mb,,220,5.763,1.46,us,us10007ea5,2017-02-15T23:21:39.040Z,"south of the Kermadec Islands",earthquake,15.2,2,0.191,10,reviewed,us,us
2016-11-24T11:23:28.670Z,19.4055,-155.311,2.71,2.02,ml,35,70,,0.09,hv,hv61493906,2020-07-06T20:59:35.770Z,"9 km WSW of Volcano, Hawaii",earthquake,0.24,0.33,0.105,13,reviewed,hv,hv
2016-11-24T10:37:03.990Z,31.5047,-40.926,10,5,mb,,158,12.625,0.95,us,us10007c2d,2017-02-15T23:21:39.040Z,"northern Mid-Atlantic Ridge",earthquake,8.5,1.9,0.061,86,reviewed,us,us
2016-11-24T10:14:03.250Z,-21.9262,-174.2299,23.46,4.4,mb,,150,4.929,0.32,us,us10007eai,2017-02-15T23:21:39.040Z,"99 km SE of ‘Ohonua, Tonga",earthquake,16,10.3,0.154,12,reviewed,us,us
2016-11-24T09:34:31.728Z,36.7001,-116.318,8.3,2,ml,44,40.74,0.057,0.1742,nn,nn00567526,2018-07-02T18:07:24.263Z,"45 km ESE of Beatty, Nevada",earthquake,,0.9,0.31,27,reviewed,nn,nn
2016-11-24T09:28:32.540Z,2.2271,-93.1589,10,4.6,mb,,99,4.068,0.79,us,us10007c21,2017-02-15T23:21:39.040Z,"Galapagos Islands, Ecuador region",earthquake,10.1,1.9,0.052,112,reviewed,us,us
2016-11-24T09:02:25.460Z,48.7905,-119.6125,-0.42,2.02,ml,8,156,0.4706,0.25,uw,uw61219697,2016-12-01T20:32:00.990Z,"3 km SSE of Loomis, Washington",earthquake,1.3,3.12,0.215,6,reviewed,uw,uw
2016-11-24T08:55:43.900Z,16.297,-98.3235,10,4.2,mb,,195,0.211,1.17,us,us10007c1v,2017-02-15T23:21:39.040Z,"6 km ESE of Santo Domingo Armenta, Mexico",earthquake,6,1.9,0.121,19,reviewed,us,us
2016-11-24T08:52:25.720Z,19.4516667,-154.931,4.37,2.38,ml,8,248,,0.11,hv,hv61493691,2020-08-26T21:12:55.670Z,"2 km SW of Leilani Estates, Hawaii",earthquake,1.57,5.95,0.142,11,reviewed,hv,hv
2016-11-24T08:37:28.870Z,7.5507,-73.2753,153.02,4.4,mb,,66,2.882,0.85,us,us10007c1n,2017-02-15T23:21:39.040Z,"11 km NW of El Playón, Colombia",earthquake,4.3,13.1,0.138,15,reviewed,us,us
2016-11-24T08:18:29.600Z,36.214,-96.981,5.202,3.5,ml,,33,,0.27,us,us10007c1c,2020-03-20T01:36:47.573Z,"5 km WSW of Glencoe, Oklahoma",earthquake,1.3,4.1,,,reviewed,tul,tul
2016-11-24T07:58:15.390Z,-24.6117,-69.2141,116.27,4.4,mb,,70,0.646,0.91,us,us10007c18,2017-02-15T23:21:39.040Z,"155 km NE of Taltal, Chile",earthquake,5.9,13.7,0.218,6,reviewed,us,us
2016-11-24T06:44:42.490Z,32.5606667,-115.6651667,10.98,2.28,ml,35,87,0.1024,0.25,ci,ci37748712,2017-02-08T20:48:01.331Z,"8km WSW of Progreso, B.C., MX",earthquake,0.32,0.68,0.154,73,reviewed,ci,ci
2016-11-24T06:38:46.160Z,19.3785,-155.2400055,0.84,2.29,ml,17,113,,0.15,hv,hv61493486,2020-08-26T21:12:55.530Z,"7 km S of Volcano, Hawaii",earthquake,0.2,0.16,0.32,6,reviewed,hv,hv
2016-11-24T06:23:52.410Z,19.3818333,-155.239,-0.49,2.66,ml,34,63,,0.14,hv,hv61493466,2020-07-06T21:03:37.580Z,"6 km S of Volcano, Hawaii",earthquake,0.18,0.17,0.216,21,reviewed,hv,hv
2016-11-24T05:14:36.207Z,51.3595,-177.4926,38.5,2,ml,,,,0.19,ak,ak016f46vfb8,2023-08-03T20:41:49.527Z,"82 km SW of Adak, Alaska",earthquake,,2.5,,,reviewed,ak,ak
2016-11-24T05:03:33.800Z,36.4621,-98.7653,7.563,2.7,ml,,69,,0.24,us,us10007c0l,2017-02-15T23:21:39.040Z,"16 km SE of Waynoka, Oklahoma",earthquake,2.1,7,,,reviewed,tul,tul
2016-11-24T04:48:07.320Z,37.1701,141.3221,10,4.8,mb,,134,0.816,1.01,us,us10007c0i,2017-02-15T23:21:39.040Z,"41 km ENE of Iwaki, Japan",earthquake,5.6,1.9,0.076,54,reviewed,us,us
2016-11-24T04:41:09.020Z,13.8941,-90.24,110.98,4.4,mb,,167,0.989,0.55,us,us10007e9x,2017-02-15T23:21:39.040Z,"9 km SSW of Pasaco, Guatemala",earthquake,6.6,8,0.107,25,reviewed,us,us
2016-11-24T03:12:29.940Z,37.1378,141.3597,10,4.4,mb,,128,0.859,1.03,us,us10007e9z,2017-02-15T23:21:39.040Z,"43 km ENE of Iwaki, Japan",earthquake,6.1,1.9,0.149,13,reviewed,us,us
2016-11-24T03:00:48.650Z,37.168,141.3301,13.03,4.2,mb,,207,0.821,0.48,us,us10007e9w,2017-02-15T23:21:39.040Z,"41 km ENE of Iwaki, Japan",earthquake,6.8,5.6,0.198,7,reviewed,us,us
2016-11-24T02:51:26.530Z,32.2356667,-115.611,14.11,2.72,ml,26,109,0.3174,0.19,ci,ci37748640,2017-02-08T20:05:06.409Z,"38km S of Progreso, B.C., MX",earthquake,0.27,0.88,0.166,71,reviewed,ci,ci
2016-11-24T02:33:16.577Z,60.8936,-151.5596,78,2.7,ml,,,,0.59,ak,ak016f4575l5,2023-08-03T20:41:14.361Z,"27 km NNW of Nikiski, Alaska",earthquake,,0.3,,,reviewed,ak,ak
2016-11-24T01:57:37.580Z,36.1545,-89.6926667,8.75,3.3,mlg,89,26,0.03525,0.14,nm,nm60140077,2017-02-15T23:21:39.040Z,"5 km SW of Caruthersville, Missouri",earthquake,0.14,0.37,,135,reviewed,nm,nm
2016-11-24T00:53:32.600Z,18.0884,-64.7331,15,2,Md,5,190.8,0.24434176,0.25,pr,pr16329000,2016-11-24T03:58:31.454Z,"27 km SSE of Cruz Bay, U.S. Virgin Islands",earthquake,1.3,2.9,0,4,reviewed,pr,pr
2016-11-24T00:37:01.963Z,53.6075,-164.1485,15,2.4,ml,,,,0.3,ak,ak016f441444,2023-08-03T20:40:43.047Z,"122 km ESE of Akutan, Alaska",earthquake,,1.8,,,reviewed,ak,ak
2016-11-24T00:35:09.730Z,31.7455,138.1936,345.99,5.2,mb,,23,1.919,0.75,us,us10007by5,2017-02-15T23:21:38.040Z,"Izu Islands, Japan region",earthquake,7.5,4.9,0.034,291,reviewed,us,us
2016-11-24T00:09:41.310Z,18.7255,145.6056,195.73,4.3,mb,,127,3.469,0.69,us,us10007e9u,2017-02-15T23:21:38.040Z,"Pagan region, Northern Mariana Islands",earthquake,9.4,8.5,0.116,21,reviewed,us,us
2016-11-23T23:55:24.800Z,35.9946,-96.7977,5.831,2.8,ml,,54,,0.32,us,us10007bxw,2017-02-15T23:21:38.040Z,"2 km WNW of Cushing, Oklahoma",earthquake,1.4,3.3,,,reviewed,tul,tul
2016-11-23T23:48:40.300Z,17.4004,-66.501,23,3,Md,13,237.6,0.67373646,0.28,pr,pr16328014,2017-02-15T23:21:38.040Z,"63 km S of Santa Isabel, Puerto Rico",earthquake,1.2,18.1,0,11,reviewed,pr,pr
2016-11-23T23:24:42.190Z,7.126,126.0533,19.36,4.5,mb,,146,0.473,0.55,us,us10007e2u,2017-02-15T23:21:38.040Z,"12 km ENE of Tombongon, Philippines",earthquake,6.8,5.8,0.124,19,reviewed,us,us
2016-11-23T23:14:52.060Z,54.5303,-160.6766,22.42,2.8,ml,,219,0.699,0.75,us,us10007dyh,2023-08-03T20:40:08.458Z,"90 km S of Sand Point, Alaska",earthquake,4.7,13,,,reviewed,us,ak
2016-11-23T23:02:03.100Z,18.0035,-65.3731,14,2.1,Md,6,226.8,0.1940361,0.23,pr,pr16328013,2016-11-24T00:39:14.826Z,"14 km SE of Esperanza, Puerto Rico",earthquake,1.2,2,0,4,reviewed,pr,pr
2016-11-23T22:53:39.810Z,-20.0775,66.0118,10,4.5,mb,,97,2.506,0.69,us,us10007e2t,2017-02-15T23:21:38.040Z,"275 km E of Port Mathurin, Mauritius",earthquake,9.9,1.9,0.156,12,reviewed,us,us
2016-11-23T22:49:58.500Z,-9.0484,124.2287,86.46,4.3,mb,,136,0.703,0.73,us,us10007e2w,2017-02-15T23:21:38.040Z,"23 km NW of Pante Makasar, Timor Leste",earthquake,9.4,8.4,0.266,4,reviewed,us,us
2016-11-23T22:40:31.510Z,-53.6992,140.855,10,4.5,mb,,155,16.446,0.32,us,us10007e2s,2017-02-15T23:21:38.040Z,"west of Macquarie Island",earthquake,12.9,2,0.135,16,reviewed,us,us
2016-11-23T22:18:43.100Z,18.9395,-64.0335,7,2.2,Md,3,345.6,0.92436643,0.07,pr,pr16328012,2016-11-24T00:25:57.314Z,"104 km NE of Cruz Bay, U.S. Virgin Islands",earthquake,7.8,7.5,0,3,reviewed,pr,pr
2016-11-23T22:15:37.720Z,54.5125,-160.7235,29.23,4.6,mwr,,125,0.732,0.97,us,us10007bxa,2023-08-03T20:39:52.769Z,"92 km S of Sand Point, Alaska",earthquake,3.8,4.7,0.069,20,reviewed,us,us
2016-11-23T21:59:13.410Z,37.2535,141.4853,10.75,4.4,mb,,154,0.826,0.83,us,us10007e2r,2017-02-15T23:21:38.040Z,"49 km ESE of Namie, Japan",earthquake,6.1,5.3,0.189,8,reviewed,us,us
2016-11-23T21:42:30.140Z,37.184,141.3093,10,4.5,mb,,151,0.798,0.91,us,us10007e2v,2017-02-15T23:21:38.040Z,"40 km ENE of Iwaki, Japan",earthquake,5.5,1.9,0.121,20,reviewed,us,us
2016-11-23T21:39:11.086Z,60.532,-151.1901,57.2,2.7,ml,,,,0.56,ak,ak016f2t0bgk,2023-08-03T20:39:47.782Z,"4 km SE of Kenai, Alaska",earthquake,,0.4,,,reviewed,ak,ak
2016-11-23T21:23:36.900Z,37.2143,141.3209,9,5.9,mww,,28,0.778,0.82,us,us10007bwb,2022-05-03T19:49:48.715Z,"41 km SE of Namie, Japan",earthquake,4.7,1.7,,,reviewed,us,us
2016-11-23T21:05:36.510Z,43.7577,-105.32,0,3.4,ml,,33,0.996,0.6,us,us10007bvx,2017-02-15T23:21:38.040Z,"13 km E of Wright, Wyoming",mining explosion,1.9,2,0.049,72,reviewed,us,us
2016-11-23T21:03:13.490Z,-4.8985,151.2887,141.47,4.4,mb,,137,0.941,0.53,us,us10007e2q,2017-02-15T23:21:38.040Z,"123 km SW of Rabaul, Papua New Guinea",earthquake,9.7,8.9,0.12,20,reviewed,us,us
2016-11-23T20:53:05.510Z,-7.858,108.0168,88.59,4.4,mb,,135,1.102,0.57,us,us10007bvv,2017-02-15T23:21:38.040Z,"56 km SSW of Kawalu, Indonesia",earthquake,3.5,7.6,0.098,30,reviewed,us,us
2016-11-23T20:49:33.620Z,37.0995,141.4754,16.92,4.6,mb,,128,0.942,0.79,us,us10007bwg,2017-02-15T23:21:38.040Z,"52 km E of Iwaki, Japan",earthquake,7.1,5.1,0.107,26,reviewed,us,us
2016-11-23T20:30:22.730Z,-48.0317,165.0179,12.98,4.8,mb,,94,2.184,0.94,us,us10007bvf,2017-02-15T23:21:38.040Z,"294 km SW of Riverton, New Zealand",earthquake,11.4,5,0.116,23,reviewed,us,us
2016-11-23T20:09:13.100Z,18.6096,-66.2545,68,2.5,Md,5,244.8,0.50485319,0.31,pr,pr16328011,2017-02-15T23:21:38.040Z,"16 km N of Dorado, Puerto Rico",earthquake,4.2,3.4,0,4,reviewed,pr,pr
2016-11-23T20:06:12.810Z,-11.2779,162.0986,10,4.4,mb,,202,2.796,1.02,us,us10007e2m,2017-02-15T23:21:38.040Z,"93 km SSE of Kirakira, Solomon Islands",earthquake,5.8,2,0.139,15,reviewed,us,us
2016-11-23T19:44:32.350Z,24.3743,99.3413,10,4.4,mb,,188,3.082,0.45,us,us10007e2k,2017-02-15T23:21:38.040Z,"160 km SSW of Dali, China",earthquake,7.2,2,0.309,3,reviewed,us,us
2016-11-23T19:32:49.320Z,40.7855,-122.1731667,15.37,2.11,md,32,40,0.1018,0.11,nc,nc72728800,2017-02-11T08:07:51.368Z,"15 km ENE of Mountain Gate, California",earthquake,0.26,0.52,0.204,30,reviewed,nc,nc
2016-11-23T19:20:10.900Z,36.5361667,-89.6195,9.6,2.04,md,29,37,0.04034,0.07,nm,nm60140037,2017-02-15T23:21:38.040Z,"2 km NNW of Marston, Missouri",earthquake,0.14,0.29,0.13,13,reviewed,nm,nm
2016-11-23T18:56:54.090Z,56.3742,-157.364,49.2,2.1,ml,,,,0.42,ak,ak016f2rbr4x,2023-08-03T20:39:26.590Z,"64 km E of Chignik, Alaska",earthquake,,2,,,reviewed,ak,ak
2016-11-23T18:25:35.700Z,19.1016,-67.6563,26,2.7,Md,7,259.2,0.90190855,0.18,pr,pr16328010,2017-02-15T23:21:38.040Z,"89 km NW of San Antonio, Puerto Rico",earthquake,1.5,14.8,0,7,reviewed,pr,pr
2016-11-23T18:13:00.330Z,37.2616,141.3061,10,4.6,mb,,86,0.732,1.04,us,us10007bu8,2017-02-15T23:21:38.040Z,"36 km SE of Namie, Japan",earthquake,5.2,1.9,0.053,108,reviewed,us,us
2016-11-23T17:36:16.000Z,-22.154,-68.676,112.9,4.7,mwr,,,,1.23,us,us10007btv,2017-02-15T23:21:38.040Z,"42 km NE of Calama, Chile",earthquake,3.8,5.6,,,reviewed,guc,guc
2016-11-23T17:17:31.430Z,4.5407,126.4004,106.48,4.9,mb,,80,2.642,1.06,us,us10007btg,2017-02-15T23:21:38.040Z,"141 km SE of Sarangani, Philippines",earthquake,7.3,7.2,0.06,87,reviewed,us,us
2016-11-23T16:56:24.200Z,-22.5651,-68.7331,121.85,4.2,mwr,,44,0.171,0.83,us,us10007bt5,2017-02-15T23:21:38.040Z,"22 km ESE of Calama, Chile",earthquake,3.9,4.9,,,reviewed,us,guc
2016-11-23T16:43:33.230Z,-29.8481,-71.4727,48.25,4.2,mwr,,178,0.215,0.72,us,us10007bsz,2017-02-15T23:21:38.040Z,"Near the coast of Coquimbo, Chile",earthquake,4.8,3.6,,,reviewed,us,guc
2016-11-23T16:43:22.956Z,63.0277,-150.7426,116.3,2,ml,,,,0.37,ak,ak016f2q217r,2023-08-03T20:38:46.176Z,"59 km N of Petersville, Alaska",earthquake,,0.4,,,reviewed,ak,ak
2016-11-23T16:21:33.770Z,-8.3593,115.893,35.31,4.2,mb,,86,1.726,0.8,us,us10007bsv,2017-02-15T23:21:38.040Z,"20 km W of Gili Air, Indonesia",earthquake,8.9,9.2,0.136,15,reviewed,us,us
2016-11-23T16:08:43.090Z,51.6931,-179.954,94.12,5.2,mb,,133,0.56,1.27,us,us10007bss,2023-08-03T20:38:42.184Z,"229 km W of Adak, Alaska",earthquake,8.2,6.6,0.034,282,reviewed,us,us
2016-11-23T15:33:46.999Z,53.9664,-163.2133,13,2.2,ml,,,,0.63,ak,ak016f2peiaz,2023-08-03T20:38:34.604Z,"99 km S of False Pass, Alaska",earthquake,,2,,,reviewed,ak,ak
2016-11-23T15:28:28.540Z,38.2507,-0.877,10.8,3,mb_lg,,,,0.89,us,us10007cud,2017-02-15T23:21:38.040Z,"5 km ESE of Hondón de los Frailes, Spain",earthquake,9.1,10.1,,,reviewed,mdd,mdd
2016-11-23T15:22:46.800Z,1.07,126.3934,50.38,4.6,mb,,79,1.017,0.67,us,us10007bsl,2017-02-15T23:21:38.040Z,"114 km WNW of Ternate, Indonesia",earthquake,6.9,7.1,0.086,41,reviewed,us,us
2016-11-23T14:46:55.650Z,37.2784,141.5423,10,4.3,mb,,151,0.839,0.44,us,us10007e2h,2017-02-15T23:21:38.040Z,"53 km ESE of Namie, Japan",earthquake,3.2,1.9,0.143,14,reviewed,us,us
2016-11-23T14:45:05.168Z,60.7098,-147.3748,3.5,2.5,ml,,,,0.55,ak,ak016f2ovk2c,2023-08-03T20:38:13.381Z,"41 km WSW of Tatitlek, Alaska",earthquake,,0.4,,,reviewed,ak,ak
2016-11-23T14:30:09.800Z,18.7238,-64.5572,23,2.3,Md,4,327.6,0.44017449,0.12,pr,pr16328009,2016-11-23T17:26:03.645Z,"50 km NNE of Cruz Bay, U.S. Virgin Islands",earthquake,2.9,11.7,0,4,reviewed,pr,pr
2016-11-23T14:20:06.600Z,37.4321,141.4724,13.9,4.8,mb,,158,0.695,0.89,us,us10007bsa,2017-02-15T23:21:38.040Z,"42 km E of Namie, Japan",earthquake,5.1,5.2,0.113,24,reviewed,us,us
2016-11-23T14:16:41.513Z,54.259,-163.1623,51.3,2.1,ml,,,,0.41,ak,ak016f2opf3r,2023-08-03T20:38:09.219Z,"68 km SSE of False Pass, Alaska",earthquake,,2.3,,,reviewed,ak,ak
2016-11-23T14:08:57.860Z,51.7338,-179.2754,97.3,2.8,ml,,,,0.28,us,us10007dyd,2023-08-03T20:38:06.125Z,"182 km W of Adak, Alaska",earthquake,8,9.3,,,reviewed,ak,ak
2016-11-23T12:56:54.200Z,18.9494,-65.0773,49,3,Md,9,248.4,0.60636282,0.14,pr,pr16328008,2017-02-15T23:21:38.040Z,"68 km NNW of Charlotte Amalie, U.S. Virgin Islands",earthquake,2.5,5,0,8,reviewed,pr,pr
2016-11-23T12:55:12.000Z,19.0112,-65.0579,32,2,Md,3,309.6,0.72763538,0.11,pr,pr16328007,2016-11-23T17:23:23.081Z,"75 km N of Charlotte Amalie, U.S. Virgin Islands",earthquake,2.3,9.8,0,3,reviewed,pr,pr
2016-11-23T12:33:26.700Z,53.6338,-167.6947,127.8,2.4,ml,,,,0.41,ak,ak016f2nm5xa,2023-08-03T20:37:27.834Z,"81 km WSW of Unalaska, Alaska",earthquake,,0.4,,,reviewed,ak,ak
2016-11-23T12:14:40.270Z,38.5456,43.7773,10,4.4,mwr,,36,0.61,0.88,us,us10007bs5,2017-02-15T23:21:38.040Z,"22 km WSW of Özalp, Turkey",earthquake,4.2,1.9,0.075,17,reviewed,us,us
2016-11-23T11:58:37.390Z,-44.2491,39.0865,10,4.6,mb,,62,17.884,0.32,us,us10007e2b,2017-02-15T23:21:38.040Z,"Prince Edward Islands region",earthquake,13.9,1.9,0.119,21,reviewed,us,us
2016-11-23T11:10:15.030Z,32.755,130.5882,10.51,3.5,ml,,139,0.441,0.6,us,us10007ctn,2017-02-15T23:21:38.040Z,"10 km NW of Uto, Japan",earthquake,5,10,0.105,12,reviewed,us,us
2016-11-23T11:08:22.200Z,18.712,-67.3235,16,2.9,Md,11,198,0.31620698,0.17,pr,pr16328005,2017-02-15T23:21:37.040Z,"33 km NW of San Antonio, Puerto Rico",earthquake,0.7,0.8,0,6,reviewed,pr,pr
2016-11-23T11:02:32.030Z,37.2052,141.5005,10,4.4,mb,,150,0.87,0.67,us,us10007bs0,2017-02-15T23:21:37.040Z,"54 km SE of Namie, Japan",earthquake,3.4,1.9,0.12,20,reviewed,us,us
2016-11-23T10:46:36.650Z,-42.2459,173.6255,19.4,4.1,mb,,119,0.173,0.76,us,us10007brs,2017-02-15T23:21:37.040Z,"85 km SSW of Blenheim, New Zealand",earthquake,3.3,5.5,0.234,5,reviewed,us,us
2016-11-23T10:04:12.770Z,-41.7574,174.2852,17.59,4.2,mb,,135,0.054,0.62,us,us10007br6,2017-02-15T23:21:37.040Z,"38 km SE of Blenheim, New Zealand",earthquake,3,7.5,0.528,1,reviewed,us,us
2016-11-23T09:59:57.210Z,27.1773,140.025,481,5.8,mww,,18,1.926,0.75,us,us10007br5,2022-05-03T19:49:47.034Z,"Bonin Islands, Japan region",earthquake,8.9,1.9,,,reviewed,us,us
2016-11-23T09:36:36.810Z,37.3582,141.5682,10,4.6,mb,,133,0.801,0.45,us,us10007bqx,2017-02-15T23:21:37.040Z,"52 km ESE of Namie, Japan",earthquake,4.9,1.8,0.091,36,reviewed,us,us
2016-11-23T09:29:06.024Z,62.171,-141.7117,10.6,2.2,ml,,,,0.4,ak,ak016f2lsyne,2023-08-03T20:37:04.539Z,"63 km SSW of Alcan Border, Alaska",earthquake,,0.3,,,reviewed,ak,ak
2016-11-23T08:39:42.773Z,53.1602,-164.6372,15.3,2.3,ml,,,,0.19,ak,ak016f2l9r1h,2023-08-03T20:36:49.872Z,"131 km SE of Akutan, Alaska",earthquake,,6,,,reviewed,ak,ak
2016-11-23T08:27:24.100Z,18.9577,-64.8977,80,2.6,Md,5,277.2,0.60007461,0.33,pr,pr16328004,2017-02-15T23:21:37.040Z,"68 km N of Charlotte Amalie, U.S. Virgin Islands",earthquake,12.9,10.6,0,4,reviewed,pr,pr
2016-11-23T07:58:35.240Z,34.3275,-119.5,2.32,3.3,ml,58,44,0.07277,0.3,ci,ci37748096,2017-02-15T23:21:37.040Z,"8km SSE of Carpinteria, CA",earthquake,0.3,0.67,0.122,313,reviewed,ci,ci
2016-11-23T07:55:40.390Z,12.031,-87.9456,45.92,4.5,mb,,173,1.096,1.32,us,us10007e2z,2017-02-15T23:21:37.040Z,"95 km SW of Jiquilillo, Nicaragua",earthquake,8.3,12.5,0.112,23,reviewed,us,us
2016-11-23T07:13:04.750Z,52.4152,-174.6227,152.46,5,mww,,73,1.377,1.08,us,us10007bpk,2023-08-03T20:36:17.860Z,"37 km NW of Atka, Alaska",earthquake,8.1,4.8,,,reviewed,us,us
2016-11-23T06:56:49.310Z,54.4541,-159.5983,31.03,4.4,mb,,201,0.377,0.7,us,us10007bpi,2023-08-03T20:36:08.376Z,"113 km SSE of Sand Point, Alaska",earthquake,4.9,7.9,0.203,7,reviewed,us,us
2016-11-23T06:42:12.600Z,18.6611,-66.7457,7,2.4,Md,3,270,0.60276956,0.23,pr,pr16328002,2016-11-23T08:33:24.793Z,"Puerto Rico region",earthquake,2.1,2.3,0,2,reviewed,pr,pr
2016-11-23T06:38:37.516Z,67.2597,-153.1118,5.5,3,ml,,,,0.59,ak,ak016f2k2npj,2023-08-03T20:35:55.296Z,"79 km WNW of Bettles, Alaska",earthquake,,0.2,,,reviewed,ak,ak
2016-11-23T05:45:57.390Z,-6.6144,-122.1971,10,4.7,mb,,86,17.926,0.51,us,us10007bp8,2017-02-15T23:21:37.040Z,"South Pacific Ocean",earthquake,15.7,1.9,0.059,88,reviewed,us,us
2016-11-23T05:23:15.800Z,19.0473,-64.4104,9,2.4,Md,4,327.6,0.65577016,0.15,pr,pr16328001,2016-11-23T08:19:23.784Z,"88 km NNE of Cruz Bay, U.S. Virgin Islands",earthquake,3.5,4.4,0,3,reviewed,pr,pr
2016-11-23T04:33:19.124Z,59.9648,-152.9119,113,2,ml,,,,0.25,ak,ak016f2iuoi0,2023-08-03T20:35:38.701Z,"64 km WNW of Anchor Point, Alaska",earthquake,,0.4,,,reviewed,ak,ak
2016-11-23T03:43:05.100Z,18.5349,-67.5046,15,2.8,Md,8,288,0.15091697,0.07,pr,pr16328015,2016-11-29T08:57:21.824Z,"34 km NW of Rincón, Puerto Rico",earthquake,0.7,0.4,0,6,reviewed,pr,pr
2016-11-23T02:32:58.470Z,37.3509,141.4495,10,4.4,mb,,161,0.736,1.06,us,us10007e20,2017-02-15T23:21:37.040Z,"42 km ESE of Namie, Japan",earthquake,3.3,1.9,0.219,6,reviewed,us,us
2016-11-23T02:31:06.947Z,36.6918,-112.9872,13.3,2.2,ml,7,215.76,0.351,0.2297,nn,nn00567392,2016-11-24T15:55:25.770Z,"29 km S of Centennial Park, Arizona",earthquake,,4.2,0.45,4,reviewed,nn,nn
2016-11-23T02:18:12.420Z,40.6348,141.4719,119.14,4.1,mb,,145,0.346,0.95,us,us10007e25,2017-02-15T23:21:37.040Z,"9 km SE of Misawa, Japan",earthquake,8.4,5.2,0.117,20,reviewed,us,us
2016-11-23T02:06:14.360Z,44.8768,148.1925,127.65,4.4,mb,,174,4.077,0.65,us,us10007e26,2017-02-15T23:21:37.040Z,"46 km SSE of Kuril’sk, Russia",earthquake,11.4,9.2,0.066,66,reviewed,us,us
2016-11-23T01:00:14.800Z,-41.7251,174.2675,19.18,4.4,mb,,103,0.046,0.8,us,us10007bmw,2017-02-15T23:21:37.040Z,"35 km SE of Blenheim, New Zealand",earthquake,2,5.1,0.178,9,reviewed,us,us
2016-11-23T00:21:46.600Z,19.0468,-64.267,35,2.3,Md,4,334.8,0.70877076,0.21,pr,pr16328000,2016-11-23T03:46:43.351Z,"96 km NE of Cruz Bay, U.S. Virgin Islands",earthquake,6.3,17,0,2,reviewed,pr,pr
2016-11-23T00:19:11.410Z,27.7476,66.0661,21.11,4.5,mb,,117,7.235,1.39,us,us10007bmp,2017-02-15T23:21:37.040Z,"54 km W of Khuzdar, Pakistan",earthquake,6.4,5.9,0.084,42,reviewed,us,us
2016-11-23T00:01:30.220Z,35.4244,26.4485,42.48,4.2,mb,,117,0.594,0.8,us,us10007bme,2017-02-15T23:21:37.040Z,"30 km NE of Palekastro, Greece",earthquake,6.8,10.5,0.146,13,reviewed,us,us
2016-11-22T23:45:46.252Z,67.0378,-164.765,14.5,2.5,ml,,,,0.83,ak,ak016f16p76p,2023-08-03T20:34:59.235Z,"77 km S of Kivalina, Alaska",earthquake,,11.9,,,reviewed,ak,ak
2016-11-22T23:23:46.000Z,-33.98,-71.682,41.1,3.9,mwr,,,,0.79,us,us10007bm4,2017-02-15T23:21:37.040Z,"43 km S of San Antonio, Chile",earthquake,3.7,6.4,0.058,29,reviewed,guc,us
2016-11-22T23:22:34.810Z,37.0792,141.3313,10,3.9,mwr,,151,0.898,1.05,us,us10007due,2017-02-15T23:21:37.040Z,"39 km E of Iwaki, Japan",earthquake,6.2,1.9,0.08,15,reviewed,us,us
2016-11-22T22:46:19.500Z,35.7929,-98.6042,4.6,2.9,ml,,88,,0.36,us,us10007blq,2017-02-15T23:21:37.040Z,"14 km ENE of Thomas, Oklahoma",earthquake,1.5,6.9,,,reviewed,tul,tul
2016-11-22T22:06:49.430Z,43.7242,-105.3232,0,3.2,ml,,87,1.011,1.14,us,us10007dub,2017-02-15T23:21:37.040Z,"13 km ESE of Wright, Wyoming",mining explosion,2.6,2,0.057,50,reviewed,us,us
2016-11-22T22:06:44.678Z,60.0618,-151.0811,60.1,3.5,ml,,,,0.93,ak,ak016f15vej7,2023-08-03T20:34:37.443Z,"23 km NNW of Fox River, Alaska",earthquake,,0.2,,,reviewed,ak,ak
2016-11-22T22:04:39.501Z,59.9399,-151.7405,61.8,2.2,ml,,,,0.46,ak,ak016f15uypa,2023-08-03T20:34:34.265Z,"0 km SSW of Happy Valley, Alaska",earthquake,,0.3,,,reviewed,ak,ak
2016-11-22T21:58:54.030Z,37.1508,141.4268,26.22,4.1,mb,,157,0.877,0.68,us,us10007dud,2017-02-15T23:21:37.040Z,"49 km ENE of Iwaki, Japan",earthquake,8.5,7.2,0.198,7,reviewed,us,us
2016-11-22T21:56:59.220Z,60.1065,-153.4349,157.6,2.3,ml,,,,0.53,ak,ak016f15kpuq,2023-08-03T20:34:29.362Z,"50 km ESE of Port Alsworth, Alaska",earthquake,,0.3,,,reviewed,ak,ak
2016-11-22T21:48:22.897Z,56.4348,-156.6447,61.1,2.3,ml,,,,0.36,ak,ak016f15ixbl,2023-08-03T20:34:25.877Z,"109 km E of Chignik, Alaska",earthquake,,2.5,,,reviewed,ak,ak
2016-11-22T21:27:21.630Z,35.0415,-119.1166667,17.53,2.19,ml,43,64,0.1882,0.2,ci,ci37747328,2017-02-08T20:31:07.663Z,"20km WNW of Grapevine, CA",earthquake,0.2,0.65,0.16,59,reviewed,ci,ci
2016-11-22T21:05:52.470Z,37.2068,141.421,10,4.5,mb,,142,0.829,0.88,us,us10007duc,2017-02-15T23:21:37.040Z,"48 km SE of Namie, Japan",earthquake,4.3,1.9,0.121,20,reviewed,us,us
2016-11-22T20:40:30.247Z,64.0225,-152.9806,13.8,2.4,ml,,,,0.73,ak,ak016f14vsk0,2023-08-03T20:33:54.863Z,"36 km WNW of Lake Minchumina, Alaska",earthquake,,0.1,,,reviewed,ak,ak
2016-11-22T20:38:47.780Z,1.3353,128.0384,160.55,4.4,mb,,96,0.874,0.97,us,us10007bjp,2017-02-15T23:21:37.040Z,"43 km S of Tobelo, Indonesia",earthquake,8.6,5.5,0.081,44,reviewed,us,us
2016-11-22T20:20:30.380Z,-17.1421,-69.8872,183.73,4.1,mb,,135,0.59,1,us,us10007biz,2017-02-15T23:21:37.040Z,"23 km NE of Chuquitira, Peru",earthquake,4.3,7.7,0.214,6,reviewed,us,us
2016-11-22T20:15:39.505Z,65.9486,-135.2852,39.4,2.7,ml,,,,0.59,ak,ak016f14qgda,2023-08-03T20:33:42.028Z,"167 km S of Fort McPherson, Canada",earthquake,,0.8,,,reviewed,ak,ak
2016-11-22T20:12:09.760Z,37.2771,141.6665,32.9,4.6,mb,,141,0.913,1.13,us,us10007du4,2017-02-15T23:21:37.040Z,"63 km ESE of Namie, Japan",earthquake,6.9,4.4,0.111,24,reviewed,us,us
2016-11-22T20:09:52.520Z,37.3122,141.5206,27.53,4.5,mb,,132,0.803,0.68,us,us10007du3,2017-02-15T23:21:37.040Z,"49 km ESE of Namie, Japan",earthquake,6.2,2.9,0.113,24,reviewed,us,us
2016-11-22T20:03:00.660Z,39.3206667,-122.7883333,12.81,2.76,md,50,38,0.1432,0.11,nc,nc72728470,2017-02-11T08:02:34.420Z,"20 km NNE of Upper Lake, California",earthquake,0.16,0.47,0.241,62,reviewed,nc,nc
2016-11-22T19:53:54.930Z,37.5351,141.2302,30,4.4,mb,,173,0.482,0.92,us,us10007dun,2017-02-15T23:21:37.040Z,"21 km ENE of Namie, Japan",earthquake,9,7.2,0.22,7,reviewed,us,us
2016-11-22T19:51:30.420Z,-10.8442,123.3875,37.96,4.5,mb,,68,0.689,1.29,us,us10007du6,2017-02-15T23:21:37.040Z,"78 km SSW of Kupang, Indonesia",earthquake,5.3,10.4,0.131,18,reviewed,us,us
2016-11-22T19:38:17.820Z,-37.0704,177.0198,203.65,5.1,mww,,82,1.137,0.93,us,us10007bi2,2017-02-15T23:21:37.040Z,"92 km NNE of Maketu, New Zealand",earthquake,9,5.1,,,reviewed,us,us
2016-11-22T19:23:20.100Z,33.7866667,-116.1213333,2.5,2.79,ml,79,40,0.08404,0.16,ci,ci37747232,2017-02-08T20:00:35.360Z,"11km NE of Indio, CA",earthquake,0.11,0.27,0.114,137,reviewed,ci,ci
2016-11-22T19:23:13.880Z,-14.6044,167.8848,115.76,4.4,mb,,276,6.169,0.99,us,us10007dua,2017-02-15T23:21:37.040Z,"88 km SSE of Sola, Vanuatu",earthquake,25.9,28.5,0.203,7,reviewed,us,us
2016-11-22T18:57:22.901Z,54.9418,-161.5248,60.4,2.2,ml,,,,0.28,ak,ak016f13sjya,2023-08-03T20:33:05.959Z,"52 km ESE of King Cove, Alaska",earthquake,,0.7,,,reviewed,ak,ak
2016-11-22T18:56:17.740Z,-10.6533,123.3685,38.5,4.4,mb,,83,0.53,0.94,us,us10007dtz,2017-02-15T23:21:37.040Z,"59 km SSW of Kupang, Indonesia",earthquake,5.4,9.3,0.124,21,reviewed,us,us
2016-11-22T18:50:56.620Z,-15.2487,-75.3329,41.49,4.3,mb,,163,3.558,0.84,us,us10007bhj,2017-02-15T23:21:37.040Z,"22 km NW of San Juan, Peru",earthquake,9.8,13.1,0.147,13,reviewed,us,us
2016-11-22T18:45:20.440Z,34.5397,140.0511,113.02,4.9,mb,,112,1.434,0.93,us,us10007bhh,2017-02-15T23:21:37.040Z,"52 km SSE of Tateyama, Japan",earthquake,6.1,6.1,0.041,185,reviewed,us,us
2016-11-22T18:39:25.850Z,-0.5335,67.5504,10,4.2,mb,,104,5.539,1.45,us,us10007du0,2017-02-15T23:21:37.040Z,"Carlsberg Ridge",earthquake,13.5,1.9,0.175,9,reviewed,us,us
2016-11-22T18:36:48.730Z,37.4057,141.6386,10,4.4,mb,,150,0.817,0.82,us,us10007du1,2017-02-15T23:21:37.040Z,"57 km E of Namie, Japan",earthquake,5.4,1.9,0.134,17,reviewed,us,us
2016-11-22T18:33:09.350Z,19.3806667,-155.2365,1.76,2.08,ml,26,109,,0.07,hv,hv61491041,2020-07-06T21:00:38.330Z,"6 km S of Volcano, Hawaii",earthquake,0.25,0.18,0.183,9,reviewed,hv,hv
2016-11-22T18:27:23.610Z,-22.5162,179.0454,607.37,4.2,mb,,266,10.271,0.82,us,us10007dtw,2017-02-15T23:21:37.040Z,"south of the Fiji Islands",earthquake,21.9,28.4,0.176,9,reviewed,us,us
2016-11-22T18:23:46.100Z,18.7959,-64.1713,67,2.9,Md,5,334.8,0.56593863,0.18,pr,pr16327006,2017-02-15T23:21:36.040Z,"83 km NE of Cruz Bay, U.S. Virgin Islands",earthquake,11,6.6,0,4,reviewed,pr,pr
2016-11-22T18:21:15.780Z,-8.2906,121.3489,20.48,4.4,mb,,78,0.943,1.29,us,us10007dtx,2017-02-15T23:21:36.040Z,"70 km NNW of Ende, Indonesia",earthquake,6.6,5.8,0.123,20,reviewed,us,us
2016-11-22T18:18:29.900Z,37.227,141.696,10,4.4,mb,,180,0.964,1.12,us,us10007dty,2017-02-15T23:21:36.040Z,"67 km ESE of Namie, Japan",earthquake,4.2,1.9,0.148,13,reviewed,us,us
2016-11-22T17:59:14.290Z,-0.6538,67.2681,10,4.4,mb,,107,5.838,0.83,us,us10007dtv,2017-02-15T23:21:36.040Z,"Carlsberg Ridge",earthquake,12.5,1.9,0.123,21,reviewed,us,us
2016-11-22T17:53:41.430Z,-22.2271,-68.7928,117.5,4.1,mb,,51,0.399,1.33,us,us10007bh6,2017-02-15T23:21:36.040Z,"28 km NNE of Calama, Chile",earthquake,5.1,6.8,0.173,9,reviewed,us,us
2016-11-22T17:53:01.940Z,25.3524,125.1913,78.66,5.1,mb,,73,2.166,0.84,us,us10007bh7,2017-02-15T23:21:36.040Z,"61 km N of Hirara, Japan",earthquake,6.5,5.3,0.041,197,reviewed,us,us
2016-11-22T17:43:59.100Z,19.163,-64.3919,68,2.6,Md,5,316.8,0.77165283,0.14,pr,pr16327007,2017-02-15T23:21:36.040Z,"101 km NNE of Cruz Bay, U.S. Virgin Islands",earthquake,7.2,9.7,0,4,reviewed,pr,pr
2016-11-22T17:41:16.760Z,37.274,141.3362,31.56,5.1,mb,,59,0.735,1.02,us,us10007bh4,2017-02-15T23:21:36.040Z,"37 km SE of Namie, Japan",earthquake,4.7,5,0.096,39,reviewed,us,us
2016-11-22T17:28:58.220Z,34.1546667,-116.8636667,7.3,2.13,ml,91,23,0.08547,0.14,ci,ci37747168,2017-02-08T21:52:05.518Z,"11km SSE of Big Bear Lake, CA",earthquake,0.1,0.34,0.14,101,reviewed,ci,ci
2016-11-22T17:07:30.800Z,36.8438,-97.8332,5.151,3,ml,,48,,0.37,us,us10007bgg,2017-02-15T23:21:36.040Z,"9 km ESE of Wakita, Oklahoma",earthquake,1.1,2.1,,,reviewed,tul,tul
2016-11-22T16:55:34.100Z,32.654,48.636,10,4,mb,,,,1.25,us,us10007dtu,2017-02-15T23:21:36.040Z,"36 km NNE of Shahrak-e K?l?r?, Iran",earthquake,9.3,6.3,0.212,6,reviewed,teh,us
2016-11-22T16:52:32.860Z,-55.7635,-26.7223,10,4.4,mb,,218,5.81,0.53,us,us10007du5,2017-02-15T23:21:36.040Z,"South Sandwich Islands region",earthquake,13.1,2,0.117,21,reviewed,us,us
2016-11-22T16:40:50.911Z,53.2929,-165.7396,21.3,2,ml,,,,0.17,ak,ak016f12i3qb,2023-08-03T20:32:46.866Z,"83 km SE of Unalaska, Alaska",earthquake,,5.4,,,reviewed,ak,ak
2016-11-22T16:20:49.490Z,51.488,-177.3119,34,2.6,ml,,,,0.5,us,us10007cz7,2023-08-03T20:32:40.126Z,"63 km SW of Adak, Alaska",earthquake,12.3,10,,,reviewed,ak,ak
2016-11-22T16:03:28.730Z,-24.91,179.8007,495.1,5,mb,,43,4.768,0.87,us,us10007bfy,2017-02-15T23:21:36.040Z,"south of the Fiji Islands",earthquake,10.2,5.5,0.038,217,reviewed,us,us
2016-11-22T16:01:05.270Z,3.2013,146.7598,15,4.7,mb,,63,12.063,0.6,us,us10007dts,2017-02-15T23:21:36.040Z,"Federated States of Micronesia region",earthquake,11.8,5,0.12,21,reviewed,us,us
2016-11-22T15:54:12.220Z,-41.6293,174.4778,21.57,4.4,mb,,96,0.231,0.73,us,us10007bfs,2017-02-15T23:21:36.040Z,"43 km SSW of Brooklyn, New Zealand",earthquake,3.8,7.3,0.203,7,reviewed,us,us
2016-11-22T15:52:15.720Z,-5.3617,147.1931,150.76,4.6,mb,,85,4.017,0.81,us,us10007dtq,2017-02-15T23:21:36.040Z,"150 km NNW of Finschhafen, Papua New Guinea",earthquake,12.2,5.3,0.112,24,reviewed,us,us
2016-11-22T15:48:25.374Z,69.1299,-144.7152,10.1,2.3,ml,,,,0.78,ak,ak016f11ybvt,2023-08-03T20:32:30.999Z,"116 km NNE of Arctic Village, Alaska",earthquake,,0.4,,,reviewed,ak,ak
2016-11-22T15:29:53.220Z,37.2667,141.5056,10,4.4,mb,,213,0.827,0.95,us,us10007dtr,2017-02-15T23:21:36.040Z,"50 km ESE of Namie, Japan",earthquake,4.1,1.9,0.268,4,reviewed,us,us
2016-11-22T15:26:51.475Z,59.6736,-153.1099,107.6,3.1,ml,,,,0.54,ak,ak016f11to57,2023-08-03T20:32:23.962Z,"57 km ESE of Pedro Bay, Alaska",earthquake,,0.1,,,reviewed,ak,ak
2016-11-22T15:15:19.580Z,-44.1446,38.3162,10,4.7,mb,,52,17.589,0.77,us,us10007bfi,2017-02-15T23:21:36.040Z,"Prince Edward Islands region",earthquake,11.1,1.9,0.113,24,reviewed,us,us
2016-11-22T15:04:51.540Z,37.2723,141.5258,10,4.8,mb,,156,0.834,0.67,us,us10007dtp,2017-02-15T23:21:36.040Z,"52 km ESE of Namie, Japan",earthquake,4.2,1.9,0.143,15,reviewed,us,us
2016-11-22T14:54:53.759Z,63.2921,-150.3845,123.1,2,ml,,,,0.44,ak,ak016f11e8rj,2023-08-03T20:32:15.039Z,"72 km ESE of Denali National Park, Alaska",earthquake,,0.2,,,reviewed,ak,ak
2016-11-22T14:31:23.720Z,-48.7175,106.8174,10,4.2,mb,,205,32.892,0.55,us,us10007dtm,2017-02-15T23:21:36.040Z,"southeast Indian Ridge",earthquake,15.1,2,0.199,7,reviewed,us,us
2016-11-22T14:14:29.210Z,37.3101,141.5363,10,4.7,mb,,169,0.814,0.56,us,us10007dtn,2017-02-15T23:21:36.040Z,"51 km ESE of Namie, Japan",earthquake,4.3,1.9,0.183,9,reviewed,us,us
2016-11-22T14:10:40.390Z,54.0992,-160.0375,15.3,4.9,mb,,159,0.778,0.74,us,us10007bf9,2023-08-03T20:32:04.638Z,"140 km SSE of Sand Point, Alaska",earthquake,5.2,4.5,0.078,51,reviewed,us,us
2016-11-22T14:04:07.620Z,-41.7814,174.1591,13.07,4.5,mb,,105,0.052,0.75,us,us10007bev,2017-02-15T23:21:36.040Z,"34 km SSE of Blenheim, New Zealand",earthquake,2,2.8,0.18,9,reviewed,us,us
2016-11-22T14:03:59.010Z,37.2338,141.366,15.91,5.2,mb,,88,0.782,0.55,us,us10007bew,2022-05-03T19:49:26.326Z,"42 km SE of Namie, Japan",earthquake,4.9,3.4,0.041,198,reviewed,us,us
2016-11-22T13:55:45.440Z,38.6036667,-121.8946667,11.78,2.06,md,41,110,0.1631,0.1,nc,nc72728395,2017-02-11T08:01:19.330Z,"6 km SSW of Monument Hills, California",earthquake,0.36,0.26,0.223,40,reviewed,nc,nc
2016-11-22T13:47:06.134Z,57.9086,-151.9671,24.6,2.1,ml,,,,0.42,ak,ak016f10r7h1,2023-08-03T20:31:53.582Z,"29 km ENE of Kodiak, Alaska",earthquake,,4.8,,,reviewed,ak,ak
2016-11-22T13:36:07.820Z,37.1207,141.2132,10,4.3,mb,,129,0.819,0.53,us,us10007dtl,2017-02-15T23:21:36.040Z,"30 km ENE of Iwaki, Japan",earthquake,7.9,1.9,0.216,9,reviewed,us,us
2016-11-22T13:34:40.250Z,37.2609,141.371,10,4.6,mb,,139,0.762,0.73,us,us10007beq,2017-02-15T23:21:36.040Z,"41 km SE of Namie, Japan",earthquake,5.3,1.9,0.073,56,reviewed,us,us
2016-11-22T13:12:47.140Z,36.4908,70.2943,211.04,4.2,mb,,70,0.672,0.68,us,us10007bem,2017-02-15T23:21:36.040Z,"40 km ESE of Farkh?r, Afghanistan",earthquake,7.1,6.1,0.152,12,reviewed,us,us
2016-11-22T13:00:04.310Z,36.0248333,-121.9136667,12.98,2.25,md,23,245,0.236,0.17,nc,nc72728385,2017-02-11T08:01:05.308Z,"28 km SSW of Big Sur, California",earthquake,0.87,0.51,0.181,32,reviewed,nc,nc
2016-11-22T12:57:03.130Z,-24.2101,-67.099,160.82,4.6,mb,,26,1.596,1.1,us,us10007bek,2017-02-15T23:21:36.040Z,"79 km W of San Antonio de los Cobres, Argentina",earthquake,5.5,5.1,0.065,71,reviewed,us,us
2016-11-22T12:51:12.170Z,40.4588333,-124.4823333,23.19,2.13,md,22,241,0.1117,0.07,nc,nc72728375,2017-02-11T08:00:54.099Z,"22 km SW of Ferndale, California",earthquake,0.62,0.3,0.324,19,reviewed,nc,nc
2016-11-22T12:30:12.120Z,51.3565,-178.2367,48.4,3.8,mb,,,,1.05,us,us10007cz5,2023-08-03T20:31:36.437Z,"125 km WSW of Adak, Alaska",earthquake,7,6.3,0.1,26,reviewed,ak,us
2016-11-22T12:25:53.282Z,52.671,-168.562,17.3,2.2,ml,,,,0.24,ak,ak016f1015r4,2023-08-03T20:31:34.005Z,"36 km SE of Nikolski, Alaska",earthquake,,1.5,,,reviewed,ak,ak
2016-11-22T11:59:49.400Z,17.9171,-67.1159,7,2.1,Md,3,309.6,0.08623827,0.05,pr,pr16327005,2016-11-22T16:12:54.696Z,"9 km SE of Pole Ojea, Puerto Rico",earthquake,0.8,0.3,0,3,reviewed,pr,pr
2016-11-22T11:49:46.270Z,-44.0147,41.8836,10,4.6,mb,,104,7.447,0.72,us,us10007dti,2017-02-15T23:21:35.040Z,"Prince Edward Islands region",earthquake,5.7,1.9,0.141,15,reviewed,us,us
2016-11-22T11:49:28.603Z,59.9215,-146.1686,5.6,2.1,ml,,,,0.52,ak,ak016f0zktfg,2023-08-03T20:31:22.881Z,"72 km SSW of Cordova, Alaska",earthquake,,0.6,,,reviewed,ak,ak
2016-11-22T11:45:49.090Z,-18.1937,-178.3963,638.99,4.3,mb,,82,3.409,0.29,us,us10007dtj,2017-02-15T23:21:35.040Z,"242 km E of Levuka, Fiji",earthquake,13.4,14.7,0.125,18,reviewed,us,us
2016-11-22T11:37:12.630Z,55.8323,114.1531,10,5,mb,,37,7.4,0.97,us,us10007be9,2022-05-03T19:49:38.676Z,"57 km SE of Severomuysk, Russia",earthquake,7.5,1.8,0.035,262,reviewed,us,us
2016-11-22T11:21:33.910Z,37.0399,141.3047,10,4.3,mb,,172,0.923,0.95,us,us10007dtt,2017-02-15T23:21:35.040Z,"37 km E of Iwaki, Japan",earthquake,7.3,1.9,0.217,6,reviewed,us,us
2016-11-22T11:01:32.990Z,37.2951,141.4428,21.06,4.5,mb,,162,0.772,0.77,us,us10007dth,2017-02-15T23:21:35.040Z,"44 km ESE of Namie, Japan",earthquake,4.4,7.9,0.22,6,reviewed,us,us
2016-11-22T10:59:14.290Z,-18.3918,-177.9524,558.07,4.4,mb,,84,3.854,0.56,us,us10007dtg,2017-02-15T23:21:35.040Z,"291 km E of Levuka, Fiji",earthquake,14.5,11,0.102,28,reviewed,us,us
2016-11-22T10:44:12.300Z,36.7283,-98.432,3.813,2.7,ml,,69,,0.91,us,us10007be0,2017-02-15T23:21:35.040Z,"5 km N of Lambert, Oklahoma",earthquake,1.3,6.7,,,reviewed,tul,tul
2016-11-22T10:07:39.950Z,5.3683,61.2475,10,4.5,mb,,119,11.519,1.03,us,us10007dte,2017-02-15T23:21:35.040Z,"Carlsberg Ridge",earthquake,14.7,1.9,0.205,7,reviewed,us,us
2016-11-22T09:55:33.300Z,36.0066,-96.7687,4.44,3.5,mwr,,59,,0.45,us,us10007bdl,2020-03-20T01:36:23.183Z,"2 km N of Cushing, Oklahoma",earthquake,1.3,2,,21,reviewed,tul,slm
2016-11-22T09:54:47.100Z,36.0084,-96.771,3.08,2.6,ml,,59,,0.33,us,us10007bdj,2017-02-15T23:21:35.040Z,"2 km N of Cushing, Oklahoma",earthquake,0.9,2,,,reviewed,tul,tul
2016-11-22T09:49:38.060Z,-42.9956,173.0005,13.08,4.6,mwr,,108,0.037,0.84,us,us10007bdi,2017-02-15T23:21:35.040Z,"28 km NE of Amberley, New Zealand",earthquake,3.9,3.8,0.059,28,reviewed,us,us
2016-11-22T09:49:21.340Z,37.3542,141.3941,34.88,4.4,mb,,152,0.703,0.96,us,us10007bdm,2017-02-15T23:21:35.040Z,"37 km ESE of Namie, Japan",earthquake,3.8,8.9,0.135,16,reviewed,us,us
2016-11-22T09:41:18.510Z,-5.4288,102.6684,35,4.2,mb,,200,1.099,0.57,us,us10007dtd,2017-02-15T23:21:35.040Z,"167 km SSW of Pagar Alam, Indonesia",earthquake,5.1,2,0.152,12,reviewed,us,us
2016-11-22T09:37:46.714Z,58.1853,-137.9303,24.9,3.1,ml,,,,0.63,ak,ak016f0ybf0v,2023-08-03T20:31:00.720Z,"93 km W of Elfin Cove, Alaska",earthquake,,1.4,,,reviewed,ak,ak
2016-11-22T08:58:33.770Z,37.2606,141.5579,10,4.4,mb,,157,0.861,1.47,us,us10007dtb,2017-02-15T23:21:35.040Z,"55 km ESE of Namie, Japan",earthquake,3.6,1.9,0.149,13,reviewed,us,us
2016-11-22T08:49:41.080Z,37.3141,141.4544,8.66,4.6,mb,,73,0.765,0.84,us,us10007bd8,2017-02-15T23:21:35.040Z,"near the east coast of Honshu, Japan",earthquake,5.9,4.9,0.096,32,reviewed,us,us
2016-11-22T08:42:58.300Z,-42.9879,172.9245,9.68,4.5,mb,,104,0.083,0.93,us,us10007bd7,2017-02-15T23:21:35.040Z,"24 km NE of Amberley, New Zealand",earthquake,4.8,6,0.164,11,reviewed,us,us
2016-11-22T08:41:31.187Z,52.582,-168.272,48.4,2.2,ml,,,,0.66,ak,ak016f0xqt32,2023-08-03T20:30:33.858Z,"56 km SE of Nikolski, Alaska",earthquake,,8.5,,,reviewed,ak,ak
2016-11-22T07:53:24.650Z,-43.0174,172.8802,16.66,4.2,mb,,114,0.124,0.7,us,us10007bcy,2017-02-15T23:21:35.040Z,"19 km NE of Amberley, New Zealand",earthquake,6.3,5.7,0.216,6,reviewed,us,us
2016-11-22T07:48:31.010Z,27.6511,-111.471,10,4.4,mb,,84,0.759,1.15,us,us10007bcw,2017-02-15T23:21:35.040Z,"54 km SW of San Carlos, Mexico",earthquake,7.1,1.9,0.078,48,reviewed,us,us
2016-11-22T07:46:38.480Z,-42.9069,172.9619,6.52,4.6,mb,,97,0.08,0.77,us,us10007bcu,2017-02-15T23:21:35.040Z,"33 km NE of Amberley, New Zealand",earthquake,2.5,7.2,0.207,7,reviewed,us,us
2016-11-22T07:44:38.780Z,37.4658,140.9243,30.74,4.6,mb,,110,0.416,0.91,us,us10007dt9,2017-02-15T23:21:35.040Z,"6 km WSW of Namie, Japan",earthquake,6.2,5.9,0.164,11,reviewed,us,us
2016-11-22T07:32:25.810Z,37.2438,141.4516,10,4.5,mb,,131,0.816,1,us,us10007dt8,2017-02-15T23:21:35.040Z,"48 km ESE of Namie, Japan",earthquake,4.4,1.9,0.104,27,reviewed,us,us
2016-11-22T07:25:00.390Z,-42.9595,172.9877,9.57,4.7,mb,,60,0.035,0.77,us,us10007dt5,2017-02-15T23:21:35.040Z,"30 km NE of Amberley, New Zealand",earthquake,2.6,5.8,0.275,5,reviewed,us,us
2016-11-22T07:23:55.710Z,33.1378333,-116.649,2.42,2.04,ml,71,34,0.04566,0.18,ci,ci37746944,2017-02-08T20:57:22.419Z,"8km NNW of Julian, CA",earthquake,0.14,0.25,0.164,81,reviewed,ci,ci
2016-11-22T07:23:11.810Z,28.797,142.6638,25.65,4.3,mb,,145,1.747,0.33,us,us10007dt6,2017-02-15T23:21:35.040Z,"Bonin Islands, Japan region",earthquake,8.9,6.8,0.169,10,reviewed,us,us
2016-11-22T07:08:44.320Z,-42.2374,173.5665,10.88,4.4,mb,,161,0.179,0.75,us,us10007bcg,2017-02-15T23:21:35.040Z,"86 km SSW of Blenheim, New Zealand",earthquake,3.8,5.1,0.189,8,reviewed,us,us
2016-11-22T06:35:20.631Z,54.4669,-163.0263,66.5,2.2,ml,,,,0.48,ak,ak016f0wimrj,2023-08-03T20:30:16.501Z,"49 km SSE of False Pass, Alaska",earthquake,,0.9,,,reviewed,ak,ak
2016-11-22T06:26:25.810Z,36.506,70.9123,166.04,4.1,mb,,77,0.674,0.5,us,us10007bca,2017-02-15T23:21:35.040Z,"40 km S of Jurm, Afghanistan",earthquake,5,8.6,0.261,7,reviewed,us,us
2016-11-22T05:59:55.120Z,-43.0518,173.0771,14.17,4.2,mb,,132,0.089,0.69,us,us10007bc6,2017-02-15T23:21:35.040Z,"30 km ENE of Amberley, New Zealand",earthquake,4.2,2.1,0.2,7,reviewed,us,us
2016-11-22T05:59:32.900Z,18.4592,-65.0185,35,2.2,Md,6,219.6,0.12396751,0.12,pr,pr16327004,2016-11-22T08:55:25.972Z,"15 km NW of Charlotte Amalie, U.S. Virgin Islands",earthquake,2.4,0.8,0,3,reviewed,pr,pr
2016-11-22T05:58:17.500Z,47.0851,152.5393,82.52,4.7,mb,,109,6.687,0.73,us,us10007bc8,2017-02-15T23:21:35.040Z,"Kuril Islands",earthquake,8.5,6.2,0.062,79,reviewed,us,us
2016-11-22T05:52:04.405Z,61.3735,-146.7451,7.1,2,ml,,,,0.71,ak,ak016f0w0t2w,2023-08-03T20:29:51.443Z,"34 km NW of Valdez, Alaska",earthquake,,0.3,,,reviewed,ak,ak
2016-11-22T05:44:09.270Z,-42.9474,172.9126,13.54,4.4,mb,,71,0.091,0.91,us,us10007bc4,2017-02-15T23:21:35.040Z,"27 km NNE of Amberley, New Zealand",earthquake,4.7,5.5,0.267,4,reviewed,us,us
2016-11-22T05:31:57.260Z,-42.9738,172.9929,10.73,4.1,mb,,95,0.031,0.71,us,us10007bbz,2017-02-15T23:21:35.040Z,"29 km NE of Amberley, New Zealand",earthquake,4.4,6.8,0.234,5,reviewed,us,us
2016-11-22T05:13:35.320Z,-42.9302,172.9958,10,5.5,mww,,66,0.046,1.13,us,us10007bbx,2022-05-03T19:49:36.877Z,"33 km NE of Amberley, New Zealand",earthquake,4.3,1.7,,,reviewed,us,us
2016-11-22T05:12:11.700Z,-42.9437,172.9866,8.53,4.6,mb,,72,0.042,0.86,us,us10007bbv,2017-02-15T23:21:35.040Z,"31 km NE of Amberley, New Zealand",earthquake,5.5,4.7,0.173,10,reviewed,us,us
2016-11-22T04:53:57.080Z,-44.2927,39.2785,10,4.7,mb,,71,15.754,0.82,us,us10007dt0,2017-02-15T23:21:35.040Z,"Prince Edward Islands region",earthquake,14.1,1.9,0.12,21,reviewed,us,us
2016-11-22T04:29:49.970Z,50.7483,-175.1204,11.2,2.6,ml,,,,0.8,us,us10007cz0,2023-08-03T20:29:40.999Z,"163 km SE of Adak, Alaska",earthquake,11.3,10.1,,,reviewed,ak,ak
2016-11-22T04:26:11.150Z,37.2139,141.3609,10,4.7,mb,,169,0.796,0.79,us,us10007bbd,2017-02-15T23:21:35.040Z,"43 km SE of Namie, Japan",earthquake,5.7,1.9,0.142,15,reviewed,us,us
2016-11-22T04:12:21.550Z,12.749,-59.2548,26.86,4.3,mb,,165,0.491,0.59,us,us10007dsx,2017-02-15T23:21:35.040Z,"Windward Islands",earthquake,6.6,7.2,0.188,8,reviewed,us,us
2016-11-22T03:50:55.360Z,37.0095,71.4619,106.69,4.5,mb,,64,0.543,0.49,us,us10007bb3,2017-02-15T23:21:35.040Z,"34 km NNW of Ishqoshim, Tajikistan",earthquake,4.1,5,0.204,7,reviewed,us,us
2016-11-22T03:38:47.310Z,37.2097,141.3757,10,4.3,mb,,155,0.806,0.44,us,us10007dsv,2017-02-15T23:21:35.040Z,"45 km SE of Namie, Japan",earthquake,3.4,1.9,0.188,8,reviewed,us,us
2016-11-22T03:32:10.580Z,37.2706,141.5414,10,4.5,mb,,166,0.844,0.44,us,us10007bb2,2017-02-15T23:21:35.040Z,"53 km ESE of Namie, Japan",earthquake,3.7,1.9,0.156,12,reviewed,us,us
2016-11-22T03:06:58.200Z,19.0149,-64.5729,24,2,Md,3,331.2,0.7051775,0.21,pr,pr16327003,2016-11-22T08:54:19.711Z,"79 km NNE of Cruz Bay, U.S. Virgin Islands",earthquake,2.7,20.2,0,2,reviewed,pr,pr
2016-11-22T03:05:52.490Z,37.2644,141.5226,10,4.6,mb,,134,0.838,0.89,us,us10007bb0,2017-02-15T23:21:34.040Z,"52 km ESE of Namie, Japan",earthquake,5.3,1.9,0.104,28,reviewed,us,us
2016-11-22T02:44:34.900Z,37.3453,141.5693,10,4,mb,,138,0.81,0.55,us,us10007dss,2017-02-15T23:21:34.040Z,"52 km ESE of Namie, Japan",earthquake,6.3,2,0.299,3,reviewed,us,us
2016-11-22T02:38:00.300Z,18.6606,-64.9121,43,2,Md,3,262.8,0.30991877,0.03,pr,pr16327002,2016-11-22T04:29:25.804Z,"35 km N of Charlotte Amalie, U.S. Virgin Islands",earthquake,3.7,3.4,0,3,reviewed,pr,pr
2016-11-22T02:24:52.800Z,37.4282,141.2886,29.94,4.4,mb,,188,0.592,0.49,us,us10007bay,2017-02-15T23:21:34.040Z,"26 km ESE of Namie, Japan",earthquake,8.2,7.3,0.155,12,reviewed,us,us
2016-11-22T02:15:29.800Z,17.9594,-67.0988,9,2.1,Md,4,266.4,0.04761071,0.09,pr,pr16327001,2016-11-22T04:16:49.329Z,"5 km WSW of La Parguera, Puerto Rico",earthquake,0.8,0.5,0,4,reviewed,pr,pr
2016-11-22T01:37:58.940Z,37.1681,141.5344,5.55,4.6,mwr,,128,0.916,0.87,us,us10007bar,2017-02-15T23:21:34.040Z,"58 km SE of Namie, Japan",earthquake,5,3.5,0.086,13,reviewed,us,us
2016-11-22T01:31:27.370Z,37.2077,141.405,10,4.7,mwr,,125,0.821,0.85,us,us10007bam,2017-02-15T23:21:34.040Z,"47 km SE of Namie, Japan",earthquake,4.3,1.9,0.086,13,reviewed,us,us
2016-11-22T01:24:12.268Z,55.0268,-159.7458,39.6,2.4,ml,,,,0.29,ak,ak016f0th37u,2023-08-03T20:29:00.090Z,"59 km SE of Sand Point, Alaska",earthquake,,0.9,,,reviewed,ak,ak
2016-11-22T01:18:36.200Z,18.9241,-64.4466,8,3.6,Md,19,291.6,0.53000602,0.25,pr,pr16327000,2017-02-15T23:21:34.040Z,"75 km NNE of Cruz Bay, U.S. Virgin Islands",earthquake,1.2,1.5,0,19,reviewed,pr,pr
2016-11-22T01:10:04.650Z,37.2579,141.295,27.4,4.5,mb,,153,0.73,0.47,us,us10007dsm,2017-02-15T23:21:34.040Z,"36 km SE of Namie, Japan",earthquake,8.5,7.5,0.191,8,reviewed,us,us
2016-11-22T01:09:28.310Z,37.3117,141.5322,10,4.5,mb,,182,0.81,0.58,us,us10007dsn,2017-02-15T23:21:34.040Z,"50 km ESE of Namie, Japan",earthquake,5.7,2,0.271,4,reviewed,us,us
2016-11-22T00:49:12.840Z,37.7063,141.7488,10,4.3,mb,,306,0.777,0.79,us,us10007dsk,2017-02-15T23:21:34.040Z,"70 km ENE of Namie, Japan",earthquake,14.6,2,0.267,4,reviewed,us,us
2016-11-22T00:47:11.510Z,37.4149,141.4909,15.08,4.5,mb,,137,0.717,0.79,us,us10007bac,2017-02-15T23:21:34.040Z,"44 km E of Namie, Japan",earthquake,5,4.5,0.075,52,reviewed,us,us
2016-11-22T00:45:42.870Z,-52.9077,-133.336,10,5,mb,,93,33.982,0.72,us,us10007dsj,2017-02-15T23:21:34.040Z,"Pacific-Antarctic Ridge",earthquake,12.9,1.8,0.113,25,reviewed,us,us
2016-11-22T00:45:27.620Z,44.6546667,-111.877,8.98,2.16,ml,39,70,0.168,0.23,mb,mb80190504,2016-11-22T15:13:07.470Z,"40 km NE of Spencer, Idaho",earthquake,0.38,0.86,0.393,19,reviewed,mb,mb
2016-11-22T00:32:40.720Z,37.2319,141.4171,10,4.6,mb,,105,0.808,0.93,us,us10007dt3,2017-02-15T23:21:34.040Z,"46 km SE of Namie, Japan",earthquake,5.6,1.9,0.141,15,reviewed,us,us
2016-11-22T00:28:04.990Z,37.1848,141.5309,10,4.5,mb,,174,0.902,1.13,us,us10007dsl,2017-02-15T23:21:34.040Z,"57 km SE of Namie, Japan",earthquake,3.1,1.9,0.171,10,reviewed,us,us
2016-11-22T00:19:43.020Z,-40.602,177.0387,9.08,5.9,mww,,57,0.608,0.94,us,us10007ba5,2022-05-03T19:49:31.690Z,"76 km ENE of Castlepoint, New Zealand",earthquake,7.3,3.5,,,reviewed,us,us
2016-11-22T00:12:42.934Z,63.9834,-148.7359,0,2.1,ml,,,,0.72,ak,ak016f0st5dx,2023-08-03T20:28:32.852Z,"18 km NE of Healy, Alaska",explosion,,0,,,reviewed,ak,ak
2016-11-22T00:08:01.850Z,37.1693,141.4438,10,4.9,mb,,143,2.671,1.12,us,us10007dsi,2017-02-15T23:21:33.040Z,"51 km ENE of Iwaki, Japan",earthquake,7,1.9,0.098,33,reviewed,us,us
2016-11-22T00:07:47.658Z,68.8702,-146.8168,17.3,2.9,ml,,,,0.78,ak,ak016f0ss365,2023-08-03T20:28:21.549Z,"98 km NNW of Arctic Village, Alaska",earthquake,,0.2,,,reviewed,ak,ak
2016-11-22T00:03:08.640Z,37.4476,141.6284,10,4.8,mb,,132,0.787,0.64,us,us10007ba0,2017-02-15T23:21:33.040Z,"55 km E of Namie, Japan",earthquake,5.1,1.8,0.045,150,reviewed,us,us
2016-11-22T00:02:51.650Z,37.2931,141.2983,10,4.2,mb,,160,0.702,0.64,us,us10007dsh,2017-02-15T23:21:33.040Z,"33 km SE of Namie, Japan",earthquake,4.8,1.9,0.137,15,reviewed,us,us
2016-11-21T23:52:07.040Z,37.3739,141.4529,33.85,4.5,mb,,144,0.722,0.76,us,us10007ds6,2017-02-15T23:21:33.040Z,"41 km ESE of Namie, Japan",earthquake,7.1,3.5,0.18,9,reviewed,us,us
2016-11-21T23:39:54.760Z,37.2098,141.3987,23.71,4.9,mb,,115,0.816,0.53,us,us10007b9q,2017-02-15T23:21:33.040Z,"46 km SE of Namie, Japan",earthquake,5.9,4.6,0.035,259,reviewed,us,us
2016-11-21T23:37:11.130Z,-6.7921,106.281,121.12,4.2,mb,,139,1.324,0.61,us,us10007drv,2017-02-15T23:21:33.040Z,"36 km NW of Pelabuhanratu, Indonesia",earthquake,14.4,8.5,0.166,10,reviewed,us,us
2016-11-21T23:23:17.510Z,37.3345,141.4297,17.91,4.6,mb,,104,0.737,0.94,us,us10007b9j,2017-02-15T23:21:33.040Z,"41 km ESE of Namie, Japan",earthquake,6,4.8,0.114,23,reviewed,us,us
2016-11-21T22:48:24.310Z,37.2204,141.399,10,4.7,mb,,135,0.808,1.09,us,us10007b9g,2017-02-15T23:21:33.040Z,"45 km SE of Namie, Japan",earthquake,4.7,1.9,0.096,33,reviewed,us,us
2016-11-21T22:47:16.580Z,37.2473,141.6269,10,4.4,mb,,155,0.909,0.59,us,us10007ds5,2017-02-15T23:21:33.040Z,"61 km ESE of Namie, Japan",earthquake,7,1.9,0.121,20,reviewed,us,us
2016-11-21T22:32:11.000Z,-22.631,-70.304,31.3,4.2,mb,,,,0.76,us,usa0014exd,2017-02-15T23:21:33.040Z,"60 km S of Tocopilla, Chile",earthquake,3.2,4.6,0.374,2,reviewed,guc,us
2016-11-21T22:27:36.870Z,37.2342,141.3592,10,4.1,mb,,155,0.778,0.59,us,us10007drs,2017-02-15T23:21:33.040Z,"42 km SE of Namie, Japan",earthquake,5.4,1.9,0.213,6,reviewed,us,us
2016-11-21T22:27:27.757Z,60.7706,-150.1984,50.4,4,ml,,,,1.08,ak,ak016ezigirr,2023-08-03T20:27:31.195Z,"31 km ESE of Point Possession, Alaska",earthquake,,0.3,,,reviewed,ak,ak
2016-11-21T22:17:16.220Z,37.213,141.5723,10,4.5,mb,,127,0.903,0.97,us,us10007b96,2017-02-15T23:21:33.040Z,"58 km ESE of Namie, Japan",earthquake,6.2,1.9,0.124,19,reviewed,us,us
2016-11-21T22:10:00.330Z,37.2137,141.3708,10,4.2,mb,,155,0.8,0.58,us,us10007dry,2017-02-15T23:21:33.040Z,"44 km SE of Namie, Japan",earthquake,6.5,1.9,0.199,7,reviewed,us,us
2016-11-21T22:04:55.160Z,-40.5077,177.1053,23.58,4.3,mb,,206,0.676,1.13,us,us10007b93,2017-02-15T23:21:33.040Z,"86 km ENE of Castlepoint, New Zealand",earthquake,8,11.8,0.237,5,reviewed,us,us
2016-11-21T22:04:18.810Z,37.331,141.6279,10,4.3,mb,,174,0.855,0.51,us,us10007dse,2017-02-15T23:21:33.040Z,"58 km ESE of Namie, Japan",earthquake,5.8,1.8,0.201,7,reviewed,us,us
2016-11-21T21:57:46.137Z,59.7748,-152.9823,108.8,2,ml,,,,0.37,ak,ak016ezi1k2d,2023-08-03T20:27:18.596Z,"63 km E of Pedro Bay, Alaska",earthquake,,0.4,,,reviewed,ak,ak
2016-11-21T21:56:41.820Z,37.2451,141.8288,10,4.4,mb,,177,1.034,0.65,us,us10007drq,2017-02-15T23:21:33.040Z,"78 km ESE of Namie, Japan",earthquake,6.9,1.9,0.144,14,reviewed,us,us
2016-11-21T21:50:55.720Z,37.2505,141.5434,10,4.9,mb,,123,0.86,0.65,us,us10007b8y,2017-02-15T23:21:33.040Z,"54 km ESE of Namie, Japan",earthquake,5.7,1.9,0.046,151,reviewed,us,us
2016-11-21T21:49:05.210Z,37.2667,141.4326,10,4.6,mb,,155,0.788,1.25,us,us10007drm,2017-02-15T23:21:33.040Z,"45 km ESE of Namie, Japan",earthquake,4.3,1.9,0.146,14,reviewed,us,us
2016-11-21T21:43:07.240Z,37.1999,141.2239,10,5.1,mb,,122,0.751,0.63,us,us10007ds3,2017-02-15T23:21:33.040Z,"34 km ENE of Iwaki, Japan",earthquake,7.2,1.9,0.066,75,reviewed,us,us
2016-11-21T21:42:37.240Z,37.1374,141.4529,10,5,mb,,130,0.9,1.24,us,us10007drp,2017-02-15T23:21:33.040Z,"51 km E of Iwaki, Japan",earthquake,6,1.9,0.076,55,reviewed,us,us
2016-11-21T21:39:44.480Z,37.3023,141.1967,24.92,5.3,mb,,47,0.651,0.85,us,us10007b8r,2017-02-15T23:21:33.040Z,"26 km SE of Namie, Japan",earthquake,5,3.5,0.032,338,reviewed,us,us
2016-11-21T21:37:26.930Z,37.6918,141.8115,10,4.4,mb,,200,0.828,1.44,us,us10007dsd,2017-02-15T23:21:33.040Z,"75 km ENE of Namie, Japan",earthquake,5.4,1.9,0.203,7,reviewed,us,us
2016-11-21T21:36:56.110Z,-42.5841,174.0781,21.82,4.1,mb,,140,0.48,0.49,us,us10007b8q,2017-02-15T23:21:33.040Z,"119 km S of Blenheim, New Zealand",earthquake,2.2,8.6,0.234,5,reviewed,us,us
2016-11-21T21:32:30.920Z,37.2762,141.494,10,4.3,mb,,226,0.814,0.57,us,us10007drj,2017-02-15T23:21:33.040Z,"49 km ESE of Namie, Japan",earthquake,7.7,1.7,0.153,12,reviewed,us,us
2016-11-21T21:28:23.700Z,37.2885,141.4313,10,4.8,mb,,135,0.771,1.08,us,us10007b8n,2017-02-15T23:21:33.040Z,"43 km ESE of Namie, Japan",earthquake,5,1.9,0.063,77,reviewed,us,us
2016-11-21T21:22:35.720Z,37.473,141.7167,10,4.4,mb,,155,0.835,1.15,us,us10007dri,2017-02-15T23:21:33.040Z,"63 km E of Namie, Japan",earthquake,5.8,1.9,0.311,3,reviewed,us,us
2016-11-21T21:20:34.700Z,37.2899,141.6259,10,4.8,mb,,174,0.88,0.99,us,us10007drn,2017-02-15T23:21:33.040Z,"59 km ESE of Namie, Japan",earthquake,6.4,1.9,0.135,17,reviewed,us,us
2016-11-21T21:17:51.610Z,37.3956,141.4408,10,4.6,mb,,148,0.7,0.67,us,us10007drx,2017-02-15T23:21:33.040Z,"40 km ESE of Namie, Japan",earthquake,6.2,1.9,0.207,7,reviewed,us,us
2016-11-21T21:17:32.380Z,37.2282,141.4625,10,4.6,mb,,155,0.833,0.52,us,us10007ds0,2017-02-15T23:21:33.040Z,"49 km SE of Namie, Japan",earthquake,8.7,1.9,0.224,6,reviewed,us,us
2016-11-21T21:16:16.060Z,37.2228,141.2155,10,5,mb,,194,2.507,0.87,us,us10007drk,2017-02-15T23:21:33.040Z,"34 km SSE of Namie, Japan",earthquake,6.5,2,0.12,22,reviewed,us,us
2016-11-21T21:15:49.340Z,37.2127,141.1802,14.51,4.5,mb,,150,0.725,0.5,us,us10007ds9,2017-02-15T23:21:33.040Z,"31 km NE of Iwaki, Japan",earthquake,6,6.2,0.192,8,reviewed,us,us
2016-11-21T21:15:07.320Z,-37.6572,176.3489,190,4.7,mb,,130,1.078,1.02,us,us10007b8g,2017-02-15T23:21:33.040Z,"15 km NW of Maketu, New Zealand",earthquake,8,8.7,0.152,13,reviewed,us,us
2016-11-21T21:10:20.900Z,37.2516,141.4718,10,5.4,mb,,89,0.82,0.91,us,us10007b8h,2017-02-15T23:21:32.040Z,"near the east coast of Honshu, Japan",earthquake,5,1.7,0.06,94,reviewed,us,us
2016-11-21T21:08:08.590Z,37.2087,141.4787,10,5,mb,,135,0.857,0.76,us,us10007drl,2017-02-15T23:21:32.040Z,"52 km SE of Namie, Japan",earthquake,4.9,1.4,0.188,9,reviewed,us,us
2016-11-21T20:59:49.270Z,37.3931,141.387,9,6.9,mww,,10,0.671,0.77,us,us10007b88,2022-10-24T18:57:34.065Z,"35 km ESE of Namie, Japan",earthquake,5.2,1.7,,,reviewed,us,us
2016-11-21T20:56:34.520Z,35.9509,138.9104,135.04,4.5,mb,,123,0.823,0.75,us,us10007drg,2017-02-15T23:21:32.040Z,"15 km WSW of Chichibu, Japan",earthquake,5.9,6.7,0.104,27,reviewed,us,us
2016-11-21T20:54:21.530Z,0.539,97.2712,10,4.1,mb,,205,0.818,0.91,us,us10007drf,2017-02-15T23:21:32.040Z,"201 km SSW of Singkil, Indonesia",earthquake,8.6,2,0.184,8,reviewed,us,us
2016-11-21T20:51:39.090Z,46.1208,151.3801,48.73,4.2,mb,,210,6.531,0.96,us,us10007drh,2017-02-15T23:21:32.040Z,"290 km ENE of Kuril’sk, Russia",earthquake,9.5,21.6,0.215,6,reviewed,us,us
2016-11-21T20:43:55.010Z,62.9762,-148.2842,67.4,2.6,ml,,,,0.51,ak,ak016ezhd54d,2023-08-03T20:26:58.439Z,"57 km SE of Cantwell, Alaska",earthquake,,0.2,,,reviewed,ak,ak
2016-11-21T20:11:42.760Z,43.5611,-105.2422,0,3.5,ml,,80,1.037,0.57,us,us10007b7u,2017-02-15T23:21:32.040Z,"29 km SE of Wright, Wyoming",mining explosion,4.6,1.9,0.05,62,reviewed,us,us
2016-11-21T20:00:23.400Z,65.9549,-135.1868,33.5,3.1,ml,,,,0.58,ak,ak016ezh3uw4,2019-05-14T15:05:12.685Z,"165 km S of Fort McPherson, Canada",earthquake,,1.2,,,reviewed,ak,ak
2016-11-21T19:30:46.100Z,-41.7195,-16.4334,10,4.7,mb,,137,37.028,0.66,us,us10007drd,2017-02-15T23:21:32.040Z,"southern Mid-Atlantic Ridge",earthquake,10.6,1.9,0.129,18,reviewed,us,us
2016-11-21T19:16:10.429Z,60.3714,-152.2263,88.6,3.2,ml,,,,0.55,ak,ak016ezgltqq,2023-08-03T20:26:44.089Z,"47 km NW of Ninilchik, Alaska",earthquake,,0.2,,,reviewed,ak,ak
2016-11-21T19:12:34.508Z,68.8853,-146.7005,11.1,2.2,ml,,,,0.73,ak,ak016ezgl0qi,2023-08-03T20:26:36.841Z,"97 km NNW of Arctic Village, Alaska",earthquake,,1,,,reviewed,ak,ak
2016-11-21T19:11:11.600Z,52.392,-170.2,8.6,3,ml,,,,0.69,us,us10007ehs,2023-08-03T20:26:29.606Z,"109 km SW of Nikolski, Alaska",earthquake,4.9,4.6,,15,reviewed,ak,ak
2016-11-21T19:10:38.721Z,68.8906,-146.7149,4.6,2.4,ml,,,,0.75,ak,ak016ezgklmo,2023-08-03T20:26:22.525Z,"97 km NNW of Arctic Village, Alaska",earthquake,,0.3,,,reviewed,ak,ak
2016-11-21T19:02:43.610Z,13.4743,144.5201,103.07,4.9,mb,,43,0.357,0.83,us,us10007b7a,2017-02-15T23:21:32.040Z,"17 km WNW of Agat Village, Guam",earthquake,10.5,5.8,0.043,173,reviewed,us,us
2016-11-21T18:48:42.100Z,-18.0443,-178.388,599.56,4.5,mb,,111,3.402,0.72,us,us10007drc,2017-02-15T23:21:32.040Z,"243 km E of Levuka, Fiji",earthquake,15.7,4.9,0.124,19,reviewed,us,us
2016-11-21T18:39:23.520Z,-17.8241,65.5229,10,4.6,mb,,72,2.801,1,us,us10007drb,2017-02-15T23:21:32.040Z,"Mauritius - Reunion region",earthquake,6.4,1.9,0.107,26,reviewed,us,us
2016-11-21T18:25:52.180Z,37.4379,141.4037,21.98,4.6,mb,,134,0.65,0.8,us,us10007b73,2017-02-15T23:21:32.040Z,"36 km E of Namie, Japan",earthquake,6.9,3.6,0.066,68,reviewed,us,us
2016-11-21T18:01:10.850Z,61.3279,-141.1223,2.1,2.2,ml,,,,0.51,ak,ak016ezfx6fh,2023-08-03T20:26:11.191Z,"96 km E of McCarthy, Alaska",earthquake,,0.2,,,reviewed,ak,ak
2016-11-21T17:53:34.760Z,36.7375,-120.8868333,1.38,2.36,md,50,95,0.1063,0.1,nc,nc72728095,2017-02-11T07:56:38.550Z,"32 km SW of South Dos Palos, California",earthquake,0.17,1.04,0.156,69,reviewed,nc,nc
2016-11-21T17:51:36.970Z,-42.1922,173.6771,21.8,4.7,mwr,,108,0.113,1.03,us,us10007b6m,2017-02-15T23:21:32.040Z,"78 km SSW of Blenheim, New Zealand",earthquake,3.3,4.7,0.049,40,reviewed,us,us
2016-11-21T17:47:54.160Z,36.1178333,-117.8758333,2.77,2.61,ml,30,56,0.01698,0.13,ci,ci37746480,2017-02-08T19:42:53.612Z,"10km NE of Coso Junction, CA",earthquake,0.16,0.3,0.167,88,reviewed,ci,ci
2016-11-21T17:33:41.680Z,23.5934,64.9967,10,4.3,mb,,175,5.858,0.7,us,us10007b6i,2017-02-15T23:21:32.040Z,"182 km SSE of Ormara, Pakistan",earthquake,10.8,2,0.108,24,reviewed,us,us
2016-11-21T17:28:18.118Z,61.0256,-150.6782,62.7,2.4,ml,,,,0.39,ak,ak016ezfhjpv,2023-08-03T20:25:59.493Z,"11 km N of Point Possession, Alaska",earthquake,,0.3,,,reviewed,ak,ak
2016-11-21T16:44:19.420Z,-7.3973,130.5624,57.71,4.3,mb,,108,0.933,1.29,us,us10007dr8,2017-02-15T23:21:32.040Z,"Pulau Pulau Tanimbar, Indonesia",earthquake,7.6,11.2,0.188,8,reviewed,us,us
2016-11-21T16:40:31.220Z,54.4213,158.7076,168.86,4.3,mb,,91,1.401,0.48,us,us10007dr9,2017-02-15T23:21:32.040Z,"31 km S of Mil’kovo, Russia",earthquake,8.8,8,0.073,53,reviewed,us,us
2016-11-21T16:37:41.320Z,-17.6237,-178.4641,578.92,4.5,mb,,86,3.322,0.94,us,us10007dre,2017-02-15T23:21:32.040Z,"240 km ENE of Levuka, Fiji",earthquake,15.6,13.6,0.104,27,reviewed,us,us
2016-11-21T15:58:10.360Z,-42.5507,173.2454,10,4.2,mb,,116,0.444,0.53,us,us10007b5n,2017-02-15T23:21:32.040Z,"79 km NNE of Amberley, New Zealand",earthquake,3.7,1.9,0.216,6,reviewed,us,us
2016-11-21T15:28:46.760Z,17.1875,-101.8372,10,4.5,md,,206,0.547,1.31,us,us10007g3b,2017-02-15T23:21:32.040Z,"57 km SSW of Ixtapa, Mexico",earthquake,4.4,1.9,,129,reviewed,us,unm
2016-11-21T15:20:52.361Z,61.9581,-147.5645,32,2.1,ml,,,,0.69,ak,ak016eze91f8,2023-08-03T20:25:21.602Z,"17 km NNE of Glacier View, Alaska",earthquake,,0.2,,,reviewed,ak,ak
2016-11-21T14:56:08.510Z,59.8625,-151.7662,48.7,3,ml,,,,0.66,ak,ak016ezdv87n,2023-08-03T20:25:08.341Z,"9 km SSW of Happy Valley, Alaska",earthquake,,0.3,,,reviewed,ak,ak
2016-11-21T14:08:53.470Z,37.5921,72.27,199.5,4.4,mb,,84,0.488,0.5,us,us10007ds7,2017-02-15T23:21:32.040Z,"64 km E of Khorugh, Tajikistan",earthquake,8.2,3.7,0.19,8,reviewed,us,us
2016-11-21T14:04:16.813Z,61.476,-148.963,27,2.2,ml,,,,0.7,ak,ak016ezdk3m9,2023-08-03T20:24:51.536Z,"3 km WNW of Knik River, Alaska",earthquake,,0.2,,,reviewed,ak,ak
2016-11-21T13:56:31.320Z,19.3016667,-155.2521667,7.41,2.04,ml,43,118,,0.08,hv,hv61489051,2020-07-06T21:00:15.860Z,"15 km S of Volcano, Hawaii",earthquake,0.32,0.39,0.137,4,reviewed,hv,hv
2016-11-21T13:50:12.370Z,54.432,-161.754,4.8,3.2,ml,,,,1.1,us,us10007ehn,2023-08-03T20:24:47.109Z,"78 km SSE of King Cove, Alaska",earthquake,3.3,6.5,0.128,8,reviewed,ak,us
2016-11-21T13:44:06.500Z,18.2777,-67.5091,11,2.8,Md,4,248.4,0.10869615,0.18,pr,pr16326009,2017-02-15T23:21:32.040Z,"Mona Passage",earthquake,2,2.5,0,4,reviewed,pr,pr
2016-11-21T13:28:08.000Z,-23.243,-69.084,89.8,4,mb,,,,1.04,us,us10007b55,2017-02-15T23:21:32.040Z,"88 km S of Calama, Chile",earthquake,5.2,6,0.298,3,reviewed,guc,us
2016-11-21T13:00:24.330Z,-44.1498,38.2898,10,5.1,mb,,29,15.141,1.06,us,us10007b4z,2017-02-15T23:21:32.040Z,"Prince Edward Islands region",earthquake,10.4,1.7,0.068,70,reviewed,us,us
2016-11-21T12:51:48.040Z,-38.1321,-74.1126,16.19,4.8,mwr,,141,0.867,0.85,us,us10007b4u,2017-02-15T23:21:32.040Z,"70 km SW of Lebu, Chile",earthquake,6.5,4.6,,,reviewed,us,guc
2016-11-21T12:47:49.000Z,19.0813,-64.5522,34,2.3,Md,4,327.6,0.77344946,0.25,pr,pr16326007,2016-11-21T16:14:24.062Z,"86 km NNE of Cruz Bay, U.S. Virgin Islands",earthquake,5.6,18.8,0,3,reviewed,pr,pr
2016-11-21T12:43:43.721Z,56.3928,-157.466,57.6,2.4,ml,,,,0.43,ak,ak016ezclnes,2023-08-03T20:24:34.731Z,"59 km E of Chignik, Alaska",earthquake,,0.8,,,reviewed,ak,ak
2016-11-21T12:39:20.110Z,19.1791668,-155.4785004,36.403,2.22,ml,54,74,,0.14,hv,hv61488996,2020-07-06T21:00:09.580Z,"2 km S of P?hala, Hawaii",earthquake,0.42,0.71,0.32,4,automatic,hv,hv
2016-11-21T12:11:33.328Z,55.8994,-154.8096,6.6,2.8,ml,,,,0.68,ak,ak016ezcerp0,2023-08-03T20:24:32.119Z,"122 km SSW of Akhiok, Alaska",earthquake,,2.2,,,reviewed,ak,ak
2016-11-21T12:09:07.170Z,12.5974,-88.8851,54.9,4.1,mb,,216,1.134,0.29,us,us10007bdw,2017-02-15T23:21:32.040Z,"84 km SSW of Puerto El Triunfo, El Salvador",earthquake,10.2,18.1,0.523,1,reviewed,us,us
2016-11-21T12:08:51.510Z,-6.1715,128.6407,291.35,4.5,mb,,97,4.834,0.63,us,us10007dsc,2017-02-15T23:21:32.040Z,"278 km S of Ambon, Indonesia",earthquake,7.8,10.3,0.18,9,reviewed,us,us
2016-11-21T12:08:34.593Z,63.253,-151.1086,9.3,2,ml,,,,0.65,ak,ak016ezce4n7,2023-08-03T20:24:30.097Z,"44 km SE of Denali National Park, Alaska",earthquake,,0.2,,,reviewed,ak,ak
2016-11-21T11:51:48.680Z,19.3908333,-155.2796667,1.38,2.09,ml,34,42,,0.08,hv,hv61488971,2020-07-06T21:00:16.280Z,"7 km SW of Volcano, Hawaii",earthquake,0.17,0.12,0.135,11,reviewed,hv,hv
2016-11-21T11:45:45.900Z,17.837,-66.7195,3,2.6,Md,13,216,0.20391757,0.31,pr,pr16326008,2017-02-15T23:21:32.040Z,"17 km S of Tallaboa, Puerto Rico",earthquake,0.8,0.6,0,10,reviewed,pr,pr
2016-11-21T11:43:45.470Z,-18.9279,169.7844,254.15,4.2,mb,,173,3.019,0.94,us,us10007dr6,2017-02-15T23:21:32.040Z,"86 km NE of Isangel, Vanuatu",earthquake,13.9,9.8,0.131,16,reviewed,us,us
2016-11-21T11:25:09.770Z,-21.8945,-174.3044,35,4.5,mb,,87,13.54,0.58,us,us10007dr5,2017-02-15T23:21:32.040Z,"91 km SE of ‘Ohonua, Tonga",earthquake,13,2,0.151,13,reviewed,us,us
2016-11-21T10:52:49.427Z,60.4252,-152.0599,87.3,2.5,ml,,,,0.44,ak,ak016ezbgq32,2023-08-03T20:24:03.936Z,"42 km W of Cohoe, Alaska",earthquake,,0.3,,,reviewed,ak,ak
2016-11-21T10:42:31.500Z,38.6045,-121.8766667,8.67,2.09,md,46,84,0.164,0.13,nc,nc72728035,2017-02-11T07:55:20.500Z,"6 km S of Monument Hills, California",earthquake,0.28,0.44,0.218,42,reviewed,nc,nc
2016-11-21T10:41:36.860Z,53.768,-164.478,59,2.6,ml,,,,0.56,us,us10007ehj,2023-08-03T20:23:57.882Z,"94 km ESE of Akutan, Alaska",earthquake,8,10.1,,16,reviewed,ak,ak
2016-11-21T10:34:08.210Z,-8.6725,124.5183,32.09,4.9,mb,,61,1.104,1.46,us,us10007b3y,2022-05-03T19:49:21.607Z,"60 km NNE of Pante Makasar, Timor Leste",earthquake,5.8,5.5,0.096,34,reviewed,us,us
2016-11-21T10:27:44.300Z,19.162,-64.6604,35,2.1,Md,4,327.6,0.83183995,0.23,pr,pr16326006,2016-11-21T12:25:29.143Z,"93 km N of Cruz Bay, U.S. Virgin Islands",earthquake,4.6,16.9,0,3,reviewed,pr,pr
2016-11-21T10:06:37.388Z,57.051,-157.5506,4.9,2.4,ml,,,,0.53,ak,ak016ezb6u7u,2019-05-14T15:05:02.050Z,"52 km S of Ugashik, Alaska",earthquake,,0.6,,,reviewed,ak,ak
2016-11-21T09:57:28.570Z,-41.7946,174.1964,13.04,3.9,mb,,136,0.047,0.7,us,us10007b3v,2017-02-15T23:21:32.040Z,"37 km SSE of Blenheim, New Zealand",earthquake,2.2,8.2,0.297,3,reviewed,us,us
2016-11-21T09:39:26.710Z,38.6346667,-121.8831667,15.36,2.67,md,69,56,0.1333,0.24,nc,nc72728010,2017-02-11T07:54:45.140Z,"3 km S of Monument Hills, California",earthquake,0.29,0.2,0.23,84,reviewed,nc,nc
2016-11-21T09:33:35.990Z,38.6355,-121.8868333,15.49,2.95,ml,109,56,0.1315,0.28,nc,nc72728005,2017-02-15T23:21:31.040Z,"3 km SSW of Monument Hills, California",earthquake,0.32,0.25,0.132,38,reviewed,nc,nc
2016-11-21T09:07:01.427Z,57.0657,-157.6098,9.9,2.2,ml,,,,0.34,ak,ak016ezaljjy,2023-08-03T20:23:33.225Z,"51 km SSW of Ugashik, Alaska",earthquake,,0.5,,,reviewed,ak,ak
2016-11-21T08:41:11.900Z,36.4451,-98.7977,6.457,2.6,ml,,69,,0.47,us,us10007b3f,2017-02-15T23:21:31.040Z,"16 km SSE of Waynoka, Oklahoma",earthquake,2,5.5,,,reviewed,tul,tul
2016-11-21T08:36:25.400Z,-53.7388,140.8188,10,5,mb,,52,10.674,0.75,us,us10007b3h,2017-02-15T23:21:31.040Z,"west of Macquarie Island",earthquake,5.6,1.9,0.083,47,reviewed,us,us
2016-11-21T08:31:38.350Z,-53.7502,140.5246,10,5.5,mwb,,47,10.844,0.62,us,us10007b3d,2022-05-03T19:49:15.961Z,"west of Macquarie Island",earthquake,9.4,1.8,0.071,19,reviewed,us,us
2016-11-21T08:13:59.710Z,44.8036667,-110.487,2.51,2.58,ml,16,140,0.08774,0.17,uu,uu60171307,2017-02-15T23:21:31.040Z,"25 km SE of Mammoth, Wyoming",earthquake,0.59,1.21,0.343,6,reviewed,uu,uu
2016-11-21T08:11:50.820Z,10.3525,125.2658,35,4.9,mb,,89,3.276,0.82,us,us10007b3b,2022-05-03T19:49:23.409Z,"1 km E of Hinundayan, Philippines",earthquake,4.3,1.9,0.074,57,reviewed,us,us
2016-11-21T07:42:19.860Z,38.6256667,-121.8851667,15,2.35,md,64,84,0.1414,0.25,nc,nc72727965,2017-02-11T07:53:51.000Z,"4 km S of Monument Hills, California",earthquake,0.48,0.29,0.192,66,reviewed,nc,nc
2016-11-21T07:36:51.200Z,17.9123,-66.238,15,2.2,Md,3,244.8,0.13564561,0.14,pr,pr16326005,2016-11-21T12:11:52.522Z,"4 km SSW of Central Aguirre, Puerto Rico",earthquake,2.4,1.9,0,3,reviewed,pr,pr
2016-11-21T07:36:32.370Z,-20.3626,-177.658,482.3,4.3,mb,,91,4.82,1.04,us,us10007dr3,2017-02-15T23:21:31.040Z,"269 km WNW of Haveluloto, Tonga",earthquake,12.7,11.6,0.125,18,reviewed,us,us
2016-11-21T07:34:23.500Z,17.9965,-66.6197,18,2.1,Md,3,176.4,0.08623827,0.23,pr,pr16326004,2016-11-21T12:05:50.785Z,"1 km SSE of Ponce, Puerto Rico",earthquake,1.3,0.8,0,3,reviewed,pr,pr
2016-11-21T07:15:11.880Z,-42.5282,173.7483,1.58,4.2,mb,,164,0.191,0.45,us,us10007b35,2017-02-15T23:21:31.040Z,"108 km NE of Amberley, New Zealand",earthquake,3.3,7.1,0.372,2,reviewed,us,us
2016-11-21T07:02:12.249Z,59.1734,-152.0355,49.1,3,ml,,,,0.46,ak,ak016ez9dmlk,2023-08-03T20:23:10.250Z,"21 km SSW of Nanwalek, Alaska",earthquake,,0.4,,,reviewed,ak,ak
2016-11-21T06:45:02.400Z,17.996,-66.622,17,2.8,Md,18,172.8,0.0880349,0.2,pr,pr16326002,2017-02-15T23:21:31.040Z,"1 km S of Ponce, Puerto Rico",earthquake,0.4,0.5,0,15,reviewed,pr,pr
2016-11-21T06:42:40.110Z,-28.5474,74.1883,10,4.5,mb,,98,9.648,0.59,us,us10007dqz,2017-02-15T23:21:31.040Z,"Mid-Indian Ridge",earthquake,9.3,1.8,0.156,12,reviewed,us,us
2016-11-21T06:41:55.100Z,18.0016,-66.619,18,2.7,Md,14,169.2,0.08174669,0.12,pr,pr16326001,2017-02-15T23:21:31.040Z,"1 km SSE of Ponce, Puerto Rico",earthquake,0.4,0.4,0,11,reviewed,pr,pr
2016-11-21T06:41:37.056Z,60.1208,-152.5994,90.6,2.1,ml,,,,0.4,ak,ak016ez90lu1,2023-08-03T20:23:06.314Z,"52 km WNW of Happy Valley, Alaska",earthquake,,0.3,,,reviewed,ak,ak
2016-11-21T06:02:55.040Z,-28.5315,74.1615,10,4.6,mb,,251,53.405,0.59,us,us10007dqx,2017-02-15T23:21:31.040Z,"Mid-Indian Ridge",earthquake,12,2,0.158,12,reviewed,us,us
2016-11-21T05:59:45.570Z,-28.632,74.3477,10,4.4,mb,,156,36.914,0.69,us,us10007dqy,2017-02-15T23:21:31.040Z,"Mid-Indian Ridge",earthquake,11.9,1.9,0.19,8,reviewed,us,us
2016-11-21T05:55:49.104Z,61.5786,-150.5099,51.4,2.8,ml,,,,0.5,ak,ak016ez8i76m,2023-08-03T20:22:50.352Z,"3 km N of Susitna, Alaska",earthquake,,0.2,,,reviewed,ak,ak
2016-11-21T05:28:19.030Z,-10.7158,-74.7366,44.7,4.5,mb,,64,2.42,1.06,us,us10007b2w,2017-02-15T23:21:31.040Z,"27 km NE of Santa Rosa, Peru",earthquake,6.1,7.9,0.062,76,reviewed,us,us
2016-11-21T05:07:44.290Z,33.7863333,-116.1228333,3,2.36,ml,78,40,0.08284,0.16,ci,ci37746168,2017-02-08T20:36:34.780Z,"11km NE of Indio, CA",earthquake,0.11,0.33,0.136,119,reviewed,ci,ci
2016-11-21T05:06:42.220Z,-41.9554,174.0568,18.07,4.2,mwr,,113,0.237,0.84,us,us10007b2q,2017-02-15T23:21:31.040Z,"49 km S of Blenheim, New Zealand",earthquake,2,3.1,0.05,38,reviewed,us,us
2016-11-21T04:58:01.770Z,36.3097,-97.0496,4.3,2.2,ml,,30,0.089,0.21,us,usa0014ep1,2017-02-15T23:21:31.040Z,"3 km WNW of Morrison, Oklahoma",earthquake,0.8,2.8,0.046,62,reviewed,us,us
2016-11-21T04:50:41.050Z,31.4546,94.1675,33.42,4.1,mb,,111,3.15,1.19,us,us10007cuy,2017-02-15T23:21:31.040Z,"200 km E of Nagqu, China",earthquake,11.7,5.9,0.127,17,reviewed,us,us
2016-11-21T04:50:01.540Z,-34.9024,-108.7513,10,4.8,mb,,157,29.9,0.94,us,us10007dqw,2017-02-15T23:21:31.040Z,"southern East Pacific Rise",earthquake,15.9,1.9,0.118,22,reviewed,us,us
2016-11-21T04:37:03.130Z,19.3051667,-155.2141667,6.61,2.1,ml,39,100,,0.09,hv,hv61488656,2020-07-06T21:00:43.810Z,"15 km S of Volcano, Hawaii",earthquake,0.36,0.67,0.17,5,reviewed,hv,hv
2016-11-21T04:31:39.263Z,56.9512,-155.4199,65,2.4,ml,,,,0.44,ak,ak016ez7rlmu,2023-08-03T20:22:23.045Z,"76 km W of Akhiok, Alaska",earthquake,,0.6,,,reviewed,ak,ak
2016-11-21T04:27:12.700Z,18.3705,-66.6003,133,3.4,Md,6,190.8,0.14642539,0.11,pr,pr16326003,2017-02-15T23:21:31.040Z,"2 km S of La Alianza, Puerto Rico",earthquake,3.8,1,0,3,reviewed,pr,pr
2016-11-21T04:25:47.300Z,-44.2332,39.2008,10,4.7,mb,,60,15.673,0.72,us,us10007dqu,2017-02-15T23:21:31.040Z,"Prince Edward Islands region",earthquake,9.4,1.8,0.129,18,reviewed,us,us
2016-11-21T04:09:18.370Z,42.2429,140.9522,128.62,4.1,mb,,88,1.454,0.78,us,us10007dqt,2017-02-15T23:21:31.040Z,"8 km SSW of Muroran, Japan",earthquake,9,9.5,0.151,12,reviewed,us,us
2016-11-21T03:58:11.800Z,41.1059,142.916,32.66,4.9,mb,,102,0.926,1.09,us,us10007b2f,2017-02-15T23:21:31.040Z,"136 km ENE of Misawa, Japan",earthquake,7.6,2.1,0.057,98,reviewed,us,us
2016-11-21T03:48:17.930Z,42.9463,138.9211,210.31,4.1,mb,,46,2.684,0.59,us,us10007dqs,2017-02-15T23:21:31.040Z,"129 km W of Iwanai, Japan",earthquake,8.8,7.2,0.068,60,reviewed,us,us
2016-11-21T03:14:00.573Z,62.2672,-154.6285,11.9,2.2,ml,,,,0.74,ak,ak016ez72fvd,2023-08-03T20:22:02.497Z,"84 km S of Nikolai, Alaska",earthquake,,0.1,,,reviewed,ak,ak
2016-11-21T02:59:16.470Z,38.6126667,-121.8875,19.36,2.38,md,56,56,0.1541,0.17,nc,nc72727905,2017-02-11T07:52:54.170Z,"5 km S of Monument Hills, California",earthquake,0.31,0.58,0.208,48,reviewed,nc,nc
2016-11-21T02:47:09.010Z,37.9292,141.5675,52.12,4.6,mb,,132,0.618,1.09,us,us10007b1x,2017-02-15T23:21:31.040Z,"58 km SSE of Ishinomaki, Japan",earthquake,6.4,4,0.109,25,reviewed,us,us
2016-11-21T02:37:34.160Z,-44.1114,39.0071,10,4.3,mb,,132,15.488,0.24,us,us10007dr4,2017-02-15T23:21:31.040Z,"Prince Edward Islands region",earthquake,10.2,2,0.153,12,reviewed,us,us
2016-11-21T02:29:23.480Z,-11.2712,-13.1043,10,4.7,mb,,56,3.54,0.88,us,us10007b1s,2017-02-15T23:21:31.040Z,"Ascension Island region",earthquake,9.8,1.9,0.11,25,reviewed,us,us
2016-11-21T02:29:07.464Z,51.4234,-176.204,25.6,2.2,ml,,,,0.17,ak,ak016ez6k8je,2023-08-03T20:21:46.745Z,"58 km SSE of Adak, Alaska",earthquake,,2.5,,,reviewed,ak,ak
2016-11-21T02:08:55.680Z,-6.0698,130.8128,116.09,4.4,mb,,99,1.96,0.71,us,us10007b1q,2017-02-15T23:21:31.040Z,"220 km WSW of Tual, Indonesia",earthquake,9.9,7,0.123,19,reviewed,us,us
2016-11-21T01:54:01.270Z,38.637,-121.8883333,15.32,2.81,md,79,56,0.1297,0.24,nc,nc72727885,2017-02-11T07:52:29.090Z,"Northern California",earthquake,0.36,0.21,0.245,83,reviewed,nc,nc
2016-11-21T01:36:28.020Z,10.2621,-62.1677,28.21,4.6,mwr,,61,1.906,0.78,us,us10007b1f,2017-02-15T23:21:31.040Z,"37 km SSE of Güiria, Venezuela",earthquake,7,6,0.098,10,reviewed,us,us
2016-11-21T00:15:40.150Z,36.5185,70.332,187.38,4,mb,,93,0.636,1.05,us,us10007b10,2017-02-15T23:21:31.040Z,"42 km E of Farkh?r, Afghanistan",earthquake,6.5,7.3,0.298,3,reviewed,us,us
2016-11-21T00:13:51.900Z,18.1487,-64.6679,121,2.7,Md,8,183.6,0.20661252,0.15,pr,pr16326000,2017-02-15T23:21:31.040Z,"24 km SSE of Cruz Bay, U.S. Virgin Islands",earthquake,2.2,0.9,0,4,reviewed,pr,pr
2016-11-21T00:09:49.710Z,-37.4786,-73.7243,16.16,4.8,mwr,,131,0.845,0.94,us,us10007b0z,2017-02-15T23:21:31.040Z,"15 km NNW of Lebu, Chile",earthquake,6,2.4,0.045,47,reviewed,us,us
2016-11-20T23:37:23.160Z,-21.1199,-68.6509,141.54,4.1,mb,,103,0.784,0.83,us,us10007b0v,2017-02-15T23:21:31.040Z,"150 km N of Calama, Chile",earthquake,3.2,8.9,0.26,4,reviewed,us,us
2016-11-20T23:27:10.620Z,-21.5219,168.781,10,4.4,mb,,131,0.7,0.68,us,us10007dpv,2017-02-15T23:21:31.040Z,"93 km E of Tadine, New Caledonia",earthquake,3.6,1.9,0.149,13,reviewed,us,us
2016-11-20T23:26:54.350Z,-44.1276,39.4779,10,4.4,mb,,110,15.75,1,us,us10007dpu,2017-02-15T23:21:31.040Z,"Prince Edward Islands region",earthquake,11.5,1.8,0.155,12,reviewed,us,us
2016-11-20T23:25:03.150Z,80.0377,0.0932,10,4.7,mb,,84,2.446,0.78,us,us10007b0q,2017-02-15T23:21:31.040Z,"north of Svalbard",earthquake,8.4,1.9,0.045,151,reviewed,us,us
2016-11-20T23:24:34.100Z,49.8296,-178.4191,10,3.2,ml,,285,2.124,0.63,us,us10007byz,2023-08-03T20:20:52.341Z,"259 km SSW of Adak, Alaska",earthquake,2.8,2,,,reviewed,us,ak
2016-11-20T23:24:19.209Z,60.0224,-152.7413,92.8,4,ml,,,,0.66,ak,ak016exvhy2o,2023-08-03T20:20:43.356Z,"56 km W of Happy Valley, Alaska",earthquake,,0.2,,,reviewed,ak,ak
2016-11-20T23:15:40.370Z,-44.0978,38.9565,10,4.4,mb,,123,15.452,0.71,us,us10007dpt,2017-02-15T23:21:31.040Z,"Prince Edward Islands region",earthquake,14,1.9,0.189,8,reviewed,us,us
2016-11-20T23:09:29.830Z,-4.4752,100.562,10,4.5,mb,,125,4.414,1.18,us,us10007dps,2017-02-15T23:21:31.040Z,"203 km WSW of Bengkulu, Indonesia",earthquake,8.9,1.9,0.171,10,reviewed,us,us
2016-11-20T23:05:03.340Z,27.3305,140.1243,453.3,4.5,mb,,37,1.849,1.13,us,us10007b0i,2017-02-15T23:21:30.040Z,"Bonin Islands, Japan region",earthquake,10.5,6.3,0.043,161,reviewed,us,us
2016-11-20T23:00:41.970Z,-16.9438,-174.7308,271.46,4.4,mb,,123,4.149,0.69,us,us10007dpq,2017-02-15T23:21:30.040Z,"148 km SW of Hihifo, Tonga",earthquake,11.6,12.4,0.109,24,reviewed,us,us
2016-11-20T22:53:46.692Z,63.4708,-149.5759,108.9,2.5,ml,,,,0.38,ak,ak016exv2sct,2023-08-03T20:20:35.770Z,"32 km WNW of Cantwell, Alaska",earthquake,,0.2,,,reviewed,ak,ak
2016-11-20T22:48:05.510Z,-15.2944,-172.9543,39.21,4.7,mb,,147,1.787,0.62,us,us10007dpy,2017-02-15T23:21:30.040Z,"116 km NE of Hihifo, Tonga",earthquake,9.1,13.2,0.246,5,reviewed,us,us
2016-11-20T22:44:36.060Z,-44.2408,39.1295,10,5,mb,,52,15.64,0.66,us,us10007b08,2017-02-15T23:21:30.040Z,"Prince Edward Islands region",earthquake,12.4,1.8,0.083,46,reviewed,us,us
2016-11-20T22:26:49.500Z,17.864,-65.6256,11,2.5,Md,5,244.8,0.2407485,0.2,pr,pr16325004,2017-02-15T23:21:30.040Z,"30 km SSW of Esperanza, Puerto Rico",earthquake,0.9,1,0,4,reviewed,pr,pr
2016-11-20T22:15:55.550Z,49.3961667,-120.5071667,-0.53,2.1,ml,8,205,0.5877,0.42,uw,uw61218887,2016-11-21T16:40:40.500Z,"6 km S of Princeton, Canada",explosion,3.16,31.61,0.215,6,reviewed,uw,uw
2016-11-20T22:06:46.550Z,-9.086,148.1091,25.63,4.8,mb,,129,0.989,0.87,us,us10007azx,2017-02-15T23:21:30.040Z,"37 km SSW of Popondetta, Papua New Guinea",earthquake,9.4,5.4,0.116,23,reviewed,us,us
2016-11-20T21:59:26.990Z,35.9162,140.9682,18.66,5,mb,,81,1.954,0.67,us,us10007azu,2017-02-15T23:21:30.040Z,"23 km NNE of Hasaki, Japan",earthquake,6.4,4,0.061,85,reviewed,us,us
2016-11-20T21:24:12.970Z,24.6266,-109.1427,10,4.3,mb,,93,0.973,0.98,us,us10007dqf,2017-02-15T23:21:30.040Z,"104 km SSW of El Huitusi, Mexico",earthquake,3.4,1.9,0.142,14,reviewed,us,us
2016-11-20T21:14:29.760Z,24.673,-109.1901,10,4.6,mb,,118,0.933,0.99,us,us10007g2r,2017-02-15T23:21:30.040Z,"101 km SSW of El Huitusi, Mexico",earthquake,2.3,2,0.222,6,reviewed,us,us
2016-11-20T21:10:20.640Z,36.6278333,-117.856,0.65,2.2,ml,16,77,0.08829,0.16,ci,ci37385949,2017-02-08T20:30:08.884Z,"20km ENE of Lone Pine, CA",earthquake,0.31,0.65,0.229,8,reviewed,ci,ci
2016-11-20T20:57:44.000Z,-31.6226,-68.6259,108,6.4,mww,,59,0.091,0.98,us,us10007az5,2022-05-03T19:49:14.623Z,"7 km NNW of Pocito, Argentina",earthquake,5,1.8,,,reviewed,us,us
2016-11-20T20:45:53.080Z,67.8107,-166.3283,37.8,3.1,ml,,,,0.63,ak,ak016extu7ws,2023-08-03T20:20:03.103Z,"62 km SSE of Point Hope, Alaska",earthquake,,15.9,,,reviewed,ak,ak
2016-11-20T20:40:19.100Z,35.6611,-97.1524,4.055,2.5,ml,,33,,0.29,us,us10007az2,2017-02-15T23:21:30.040Z,"3 km E of Luther, Oklahoma",earthquake,0.7,2.7,,,reviewed,tul,tul
2016-11-20T19:05:30.507Z,62.0172,-151.5571,78.9,2.4,ml,,,,0.38,ak,ak016ext05x6,2023-08-03T20:19:41.618Z,"8 km WNW of Skwentna, Alaska",earthquake,,0.2,,,reviewed,ak,ak
2016-11-20T18:42:06.415Z,52.5988,-166.6581,25.6,2.3,ml,,,,0.34,ak,ak016exsmly9,2023-08-03T20:19:39.454Z,"142 km S of Unalaska, Alaska",earthquake,,9.6,,,reviewed,ak,ak
2016-11-20T18:04:35.610Z,25.7682,128.397,37.17,4.3,mb,,142,1.069,0.56,us,us10007dpi,2017-02-15T23:21:30.040Z,"81 km SE of Katsuren-haebaru, Japan",earthquake,10.3,13.8,0.201,7,reviewed,us,us
2016-11-20T17:56:13.970Z,-44.2612,39.2326,10,5.2,mb,,39,9.155,0.97,us,us10007ayr,2017-02-15T23:21:30.040Z,"Prince Edward Islands region",earthquake,10,1.7,0.064,80,reviewed,us,us
2016-11-20T17:46:45.440Z,-44.0778,39.2978,10,4.2,mb,,132,9.169,0.72,us,us10007dqm,2017-02-15T23:21:30.040Z,"Prince Edward Islands region",earthquake,14.5,2,0.167,10,reviewed,us,us
2016-11-20T17:18:29.460Z,-44.0662,39.1867,10,4.3,mb,,112,9.248,0.8,us,us10007dpl,2017-02-15T23:21:30.040Z,"Prince Edward Islands region",earthquake,12.9,1.9,0.202,7,reviewed,us,us
2016-11-20T16:30:19.400Z,-41.7517,174.3276,21.28,4,mb,,142,0.085,0.52,us,us10007ay1,2017-02-15T23:21:30.040Z,"40 km SE of Blenheim, New Zealand",earthquake,3.1,8.3,0.211,6,reviewed,us,us
2016-11-20T16:21:35.738Z,61.4099,-147.684,13.1,2.9,ml,,,,0.63,ak,ak016exrbayt,2023-08-03T20:19:13.861Z,"44 km S of Glacier View, Alaska",earthquake,,0.2,,,reviewed,ak,ak
2016-11-20T16:14:27.330Z,33.8608333,-116.6503333,13,2.23,ml,97,24,0.09106,0.15,ci,ci37745672,2017-02-08T21:22:39.696Z,"11km WSW of Garnet, CA",earthquake,0.09,0.27,0.155,116,reviewed,ci,ci
2016-11-20T15:55:49.330Z,-23.227,-66.8913,199.39,4.6,mwr,,32,1.216,0.82,us,us10007axi,2017-02-15T23:21:30.040Z,"123 km W of El Aguilar, Argentina",earthquake,7.9,6.8,,,reviewed,us,guc
2016-11-20T15:55:04.950Z,-17.938,-178.1251,550.29,4.3,mb,,103,7.86,0.78,us,us10007dpg,2017-02-15T23:21:30.040Z,"271 km E of Levuka, Fiji",earthquake,11.7,13.6,0.125,18,reviewed,us,us
2016-11-20T15:52:11.770Z,-44.1806,39.035,10,4.4,mb,,262,34.072,0.53,us,us10007dpf,2017-02-15T23:21:30.040Z,"Prince Edward Islands region",earthquake,16.3,2,0.149,13,reviewed,us,us
2016-11-20T15:45:53.680Z,34.5474,26.1679,39.67,4.3,mb,,165,1.284,0.79,us,us10007dpj,2017-02-15T23:21:30.040Z,"64 km SE of Ierápetra, Greece",earthquake,7.3,8.9,0.116,21,reviewed,us,us
2016-11-20T15:38:15.540Z,-24.185,179.8907,548.18,4.4,mb,,109,6.634,1.07,us,us10007dpe,2017-02-15T23:21:30.040Z,"south of the Fiji Islands",earthquake,14.2,11.3,0.105,26,reviewed,us,us
2016-11-20T15:36:11.950Z,53.7668,-162.3961,20.1,2.6,ml,,,,1.07,us,us10007byw,2023-08-03T20:19:06.437Z,"137 km SSE of False Pass, Alaska",earthquake,8.3,9.4,,,reviewed,ak,ak
2016-11-20T15:31:24.950Z,-41.7272,174.2947,16.76,4.6,mb,,107,0.064,0.44,us,us10007ax3,2017-02-15T23:21:30.040Z,"36 km SE of Blenheim, New Zealand",earthquake,2.2,1.9,0.386,3,reviewed,us,us
2016-11-20T15:29:35.350Z,-44.2459,39.1518,10,5,mb,,26,17.898,1.04,us,us10007ax6,2017-02-15T23:21:30.040Z,"Prince Edward Islands region",earthquake,11.7,1.7,0.072,62,reviewed,us,us
2016-11-20T15:29:28.350Z,8.4844,-39.3946,10,4.5,mb,,98,21.876,0.51,us,us10007dpd,2017-02-15T23:21:30.040Z,"central Mid-Atlantic Ridge",earthquake,10.2,1.9,0.172,13,reviewed,us,us
2016-11-20T15:15:10.010Z,-44.2678,39.189,10,4.3,mb,,123,22.169,0.79,us,us10007dpb,2017-02-15T23:21:30.040Z,"Prince Edward Islands region",earthquake,11.8,2,0.216,6,reviewed,us,us
2016-11-20T15:10:20.100Z,-44.3328,39.0291,16.45,4.6,mb,,48,9.272,0.58,us,us10007dp9,2017-02-15T23:21:30.040Z,"Prince Edward Islands region",earthquake,11.9,2.6,0.11,25,reviewed,us,us
2016-11-20T15:06:57.920Z,12.5652,-88.159,35,4.4,mb,,171,1.09,0.95,us,us10007awt,2017-02-15T23:21:30.040Z,"70 km S of Intipucá, El Salvador",earthquake,6.8,2,0.058,87,reviewed,us,us
2016-11-20T15:05:57.410Z,-44.2639,39.101,10,4.4,mb,,130,17.902,0.37,us,us10007dpa,2017-02-15T23:21:30.040Z,"Prince Edward Islands region",earthquake,13.2,1.9,0.155,12,reviewed,us,us
2016-11-20T15:02:33.410Z,-10.9119,165.8026,35,4.4,mb,,156,5.946,0.96,us,us10007dpc,2017-02-15T23:21:30.040Z,"20 km S of Lata, Solomon Islands",earthquake,14.1,2,0.379,4,reviewed,us,us
2016-11-20T14:46:32.290Z,24.2931,-108.8945,10,4.3,mb,,167,1.134,0.43,us,us10007awl,2017-02-15T23:21:30.040Z,"104 km NE of La Rivera, Mexico",earthquake,10.7,1.9,0.074,51,reviewed,us,us
2016-11-20T14:43:58.590Z,-20.7641,-177.932,509.91,4.4,mb,,94,4.837,0.43,us,us10007dp7,2017-02-15T23:21:30.040Z,"285 km W of Haveluloto, Tonga",earthquake,16.7,12.8,0.107,25,reviewed,us,us
2016-11-20T14:41:06.920Z,24.5837,-109.2043,6,4.9,mb,,85,1.022,0.55,us,us10007awj,2017-02-15T23:21:30.040Z,"111 km SSW of El Huitusi, Mexico",earthquake,5.7,4.4,0.037,235,reviewed,us,us
2016-11-20T14:32:40.440Z,-42.2591,173.8837,15.88,4.4,mb,,168,0.125,0.53,us,us10007awh,2017-02-15T23:21:30.040Z,"82 km S of Blenheim, New Zealand",earthquake,3.5,5,0.241,5,reviewed,us,us
2016-11-20T14:29:47.109Z,54.2645,-162.502,8.3,2.2,ml,,,,0.49,ak,ak016exq66d2,2023-08-03T20:18:47.580Z,"88 km SE of False Pass, Alaska",earthquake,,1.3,,,reviewed,ak,ak
2016-11-20T14:20:14.000Z,47.48,-70.09,14.1,2.4,mb_lg,,,,0.37,us,us10007cnf,2017-02-15T23:21:30.040Z,"13 km NNW of La Pocatière, Canada",earthquake,3.3,8.5,,,reviewed,ott,ott
2016-11-20T14:15:48.850Z,19.3676667,-155.102,1.83,2.22,ml,36,144,,0.11,hv,hv61487821,2020-07-06T21:00:44.290Z,"11 km SSE of Fern Forest, Hawaii",earthquake,0.37,0.39,0.129,6,reviewed,hv,hv
2016-11-20T13:53:04.020Z,-44.2306,39.2988,12.68,4.6,mb,,42,15.723,0.91,us,us10007dq5,2017-02-15T23:21:30.040Z,"Prince Edward Islands region",earthquake,11.8,3.8,0.095,33,reviewed,us,us
2016-11-20T13:52:36.500Z,-44.2525,39.4343,10,4.6,mb,,131,17.982,0.61,us,us10007dp4,2017-02-15T23:21:30.040Z,"Prince Edward Islands region",earthquake,10.8,1.9,0.164,11,reviewed,us,us
2016-11-20T13:38:33.370Z,40.2541667,-124.1878333,10.16,2.22,md,16,101,0.01351,0.08,nc,nc72727755,2017-02-11T07:50:17.651Z,"23 km WSW of Weott, California",earthquake,0.33,0.42,0.211,11,reviewed,nc,nc
2016-11-20T13:36:27.210Z,-42.512,173.2078,14.63,4.2,mb,,67,0.263,0.78,us,us10007aw1,2017-02-15T23:21:29.040Z,"81 km NNE of Amberley, New Zealand",earthquake,4,5.8,0.215,6,reviewed,us,us
2016-11-20T13:20:51.890Z,-44.2303,39.0831,10,4.4,mb,,90,18.544,0.5,us,us10007dp3,2017-02-15T23:21:29.040Z,"Prince Edward Islands region",earthquake,16.1,1.9,0.134,16,reviewed,us,us
2016-11-20T13:15:36.490Z,32.9687,140.402,65.07,4.5,mb,,191,0.515,0.27,us,us10007dp1,2017-02-15T23:21:29.040Z,"228 km SSE of Tateyama, Japan",earthquake,9.5,5.2,0.271,4,reviewed,us,us
2016-11-20T13:13:48.770Z,44.1363,149.6286,35,4.6,mb,,174,5.065,0.72,us,us10007dp2,2017-02-15T23:21:29.040Z,"184 km SE of Kuril’sk, Russia",earthquake,10.2,2,0.157,12,reviewed,us,us
2016-11-20T13:09:31.800Z,-41.7053,174.334,15.54,4.2,mb,,77,0.1,0.47,us,us10007avx,2017-02-15T23:21:29.040Z,"38 km ESE of Blenheim, New Zealand",earthquake,1.5,1.8,0.264,5,reviewed,us,us
2016-11-20T13:01:00.500Z,18.6387,-66.225,70,2.5,Md,17,201.6,0.32968171,0.21,pr,pr16325003,2017-02-15T23:21:29.040Z,"20 km NNE of Dorado, Puerto Rico",earthquake,1.3,1.2,0,15,reviewed,pr,pr
2016-11-20T12:31:23.870Z,-44.4635,39.3598,10,4.6,mb,,148,15.913,0.91,us,us10007dph,2017-02-15T23:21:29.040Z,"Prince Edward Islands region",earthquake,11.3,1.9,0.157,12,reviewed,us,us
2016-11-20T12:14:58.030Z,-44.3488,39.3744,10,4.5,mb,,80,15.843,0.56,us,us10007dp0,2017-02-15T23:21:29.040Z,"Prince Edward Islands region",earthquake,12.4,1.9,0.145,14,reviewed,us,us
2016-11-20T12:14:10.160Z,28.6648,142.9256,16.76,4.5,mb,,155,1.695,0.83,us,us10007dq3,2017-02-15T23:21:29.040Z,"Bonin Islands, Japan region",earthquake,11.2,5.9,0.135,16,reviewed,us,us
2016-11-20T11:55:36.600Z,-44.6249,39.5627,10,4.5,mb,,148,19.048,0.53,us,us10007dnz,2017-02-15T23:21:29.040Z,"Prince Edward Islands region",earthquake,6.7,2,0.144,14,reviewed,us,us
2016-11-20T11:30:53.040Z,-42.5226,173.3451,22.17,4.4,mb,,101,0.178,0.75,us,us10007avj,2017-02-15T23:21:29.040Z,"86 km NE of Amberley, New Zealand",earthquake,3.8,4.4,0.155,12,reviewed,us,us
2016-11-20T11:21:24.920Z,13.4304,144.261,22.81,3.8,ml,,135,0.611,1.01,us,us10007dqe,2017-02-15T23:21:29.040Z,"43 km W of Agat Village, Guam",earthquake,8.3,10.4,0.181,4,reviewed,us,us
2016-11-20T11:19:59.590Z,-41.7995,174.2777,16.36,4.2,mb,,107,0.069,0.62,us,us10007avf,2017-02-15T23:21:29.040Z,"41 km SE of Blenheim, New Zealand",earthquake,3.3,4.7,0.187,8,reviewed,us,us
2016-11-20T11:09:37.030Z,-6.0532,128.6679,346.01,4.3,mb,,146,4.736,0.68,us,us10007dp6,2017-02-15T23:21:29.040Z,"266 km SSE of Ambon, Indonesia",earthquake,12.5,15,0.217,6,reviewed,us,us
2016-11-20T11:07:35.030Z,-41.8257,174.3248,9.23,4.2,mb,,110,0.113,0.62,us,us10007ava,2017-02-15T23:21:29.040Z,"46 km SE of Blenheim, New Zealand",earthquake,3.4,6.3,0.153,12,reviewed,us,us
2016-11-20T11:05:50.010Z,-32.1779,-176.8539,39.6,4.6,mb,,81,3.066,1.12,us,us10007dnx,2017-02-15T23:21:29.040Z,"south of the Kermadec Islands",earthquake,8.4,6.8,0.157,12,reviewed,us,us
2016-11-20T11:03:30.390Z,53.5384,-162.8084,31.48,3.2,ml,,209,1.368,0.42,us,us10007byt,2023-08-03T20:17:44.167Z,"151 km SSE of False Pass, Alaska",earthquake,3.4,11.9,0.128,8,reviewed,us,us
2016-11-20T10:46:14.974Z,53.0488,-168.4669,74.5,2.1,ml,,,,0.42,ak,ak016exnw0mx,2023-08-03T20:17:33.372Z,"29 km ENE of Nikolski, Alaska",earthquake,,0.8,,,reviewed,ak,ak
2016-11-20T10:45:11.310Z,-44.1918,39.0587,10,4.6,mb,,69,17.823,0.38,us,us10007av0,2017-02-15T23:21:29.040Z,"Prince Edward Islands region",earthquake,14.8,1.9,0.109,25,reviewed,us,us
2016-11-20T10:14:03.759Z,60.3001,-147.1907,25.1,2.5,ml,,,,0.58,ak,ak016exnp4uv,2023-08-03T20:17:22.960Z,"52 km ENE of Chenega, Alaska",earthquake,,0.5,,,reviewed,ak,ak
2016-11-20T09:44:44.780Z,36.0091667,-117.805,1.46,2.74,ml,34,43,0.0268,0.11,ci,ci37745464,2017-02-08T21:19:58.432Z,"12km NE of Little Lake, CA",earthquake,0.12,0.15,0.147,90,reviewed,ci,ci
2016-11-20T09:24:43.340Z,24.0138,123.2609,16.13,4.5,mb,,51,0.505,0.8,us,us10007dnu,2017-02-15T23:21:29.040Z,"56 km SSE of Yonakuni, Japan",earthquake,5.1,1,0.113,23,reviewed,us,us
2016-11-20T09:08:02.890Z,-44.3977,39.2116,11.96,5.2,mb,,51,15.79,1.03,us,us10007aui,2017-02-15T23:21:29.040Z,"Prince Edward Islands region",earthquake,10.9,1.6,0.073,61,reviewed,us,us
2016-11-20T08:41:49.200Z,19.2427,-67.3035,8,3.3,Md,13,277.2,0.79141577,0.33,pr,pr16325002,2017-02-15T23:21:29.040Z,"85 km NNW of San Antonio, Puerto Rico",earthquake,4.2,6.4,0,10,reviewed,pr,pr
2016-11-20T08:08:33.520Z,-44.2932,39.1897,10,4.7,mb,,43,15.707,0.43,us,us10007dnm,2017-02-15T23:21:29.040Z,"Prince Edward Islands region",earthquake,10.5,1.9,0.088,39,reviewed,us,us
2016-11-20T08:00:41.510Z,-23.4266,-179.8034,528.48,4.2,mb,,165,5.998,0.2,us,us10007dny,2017-02-15T23:21:29.040Z,"south of the Fiji Islands",earthquake,14.3,12.9,0.115,21,reviewed,us,us
2016-11-20T07:29:24.170Z,34.5128333,-118.7888333,18.73,2.19,ml,77,24,0.1149,0.27,ci,ci37745440,2017-02-08T21:31:46.887Z,"11km N of Piru, CA",earthquake,0.2,0.48,0.121,99,reviewed,ci,ci
2016-11-20T07:06:22.410Z,-24.1574,-67.1198,221.62,4.6,md,,212,1.544,0.56,us,us10007atk,2017-02-15T23:21:29.040Z,"81 km W of San Antonio de los Cobres, Argentina",earthquake,7.9,15.8,,,reviewed,us,sja
2016-11-20T06:52:47.380Z,-42.5662,173.508,15.89,4.7,mwr,,128,0.151,0.64,us,us10007ath,2017-02-15T23:21:29.040Z,"91 km NE of Amberley, New Zealand",earthquake,2.9,4.2,0.048,41,reviewed,us,us
2016-11-20T06:40:30.233Z,70.4648,-143.2651,17.4,2.5,ml,,,,0.73,ak,ak016exlh13j,2023-08-03T20:16:40.363Z,"39 km NNE of Kaktovik, Alaska",earthquake,,3.8,,,reviewed,ak,ak
2016-11-20T06:26:47.790Z,36.6313333,-120.8458333,-0.64,2.33,md,61,79,0.05315,0.16,nc,nc72727675,2017-02-11T07:48:51.920Z,"40 km SSW of South Dos Palos, California",earthquake,0.19,0.34,0.184,63,reviewed,nc,nc
2016-11-20T05:24:15.740Z,14.1939,-93.3022,10,4.2,mb,,178,1.229,1.2,us,us10007g1v,2017-02-15T23:21:29.040Z,"111 km WSW of Puerto Madero, Mexico",earthquake,5.9,2,0.187,8,reviewed,us,us
2016-11-20T05:06:32.190Z,51.5228,-172.2117,10,4.2,mb,,189,1.931,1.17,us,us10007asx,2023-08-03T20:16:06.103Z,"156 km ESE of Atka, Alaska",earthquake,9.5,1.9,0.074,51,reviewed,us,us
2016-11-20T04:48:55.080Z,54.567,-164.3646,6.7,2.2,ml,,,,0.53,ak,ak016exkbxj8,2023-08-03T20:16:03.596Z,"Unimak Island region, Alaska",earthquake,,0.3,,,reviewed,ak,ak
2016-11-20T04:11:14.000Z,36.39,-96.714,2.723,2.6,ml,,41,,0.22,us,us10007asp,2017-02-15T23:21:29.040Z,"1 km NW of Skedee, Oklahoma",earthquake,1.3,6.6,,,reviewed,tul,tul
2016-11-20T03:45:35.728Z,61.8665,-151.0233,64,2,ml,,,,0.47,ak,ak016exjptac,2023-08-03T20:15:33.719Z,"24 km SE of Skwentna, Alaska",earthquake,,0.2,,,reviewed,ak,ak
2016-11-20T03:39:03.300Z,-44.2821,39.0796,10,4.5,mb,,62,15.642,0.93,us,us10007dnd,2017-02-15T23:21:29.040Z,"Prince Edward Islands region",earthquake,10.4,1.8,0.124,19,reviewed,us,us
2016-11-20T03:28:41.640Z,-52.7858,140.3965,10,4.3,mb,,145,15.626,0.49,us,us10007dnc,2017-02-15T23:21:29.040Z,"west of Macquarie Island",earthquake,18.9,2,0.142,14,reviewed,us,us
2016-11-20T03:19:56.190Z,-44.3457,39.1283,10,5.1,mb,,39,15.711,0.97,us,us10007asg,2017-02-15T23:21:29.040Z,"Prince Edward Islands region",earthquake,11.8,1.7,0.064,80,reviewed,us,us
2016-11-20T03:05:57.706Z,53.1367,-167.4717,36.6,2.4,ml,,,,0.35,ak,ak016exjhaca,2023-08-03T20:15:25.522Z,"95 km ENE of Nikolski, Alaska",earthquake,,2.1,,,reviewed,ak,ak
2016-11-20T02:55:54.930Z,-21.9374,-68.5439,156.12,4.3,ml,,110,0.663,0.9,us,us10007as7,2017-02-15T23:21:29.040Z,"69 km NE of Calama, Chile",earthquake,10.2,9.3,,,reviewed,us,guc
2016-11-20T02:52:33.430Z,-44.0767,38.8161,10,4.4,mb,,56,25.963,0.87,us,us10007dna,2017-02-15T23:21:29.040Z,"Prince Edward Islands region",earthquake,7.8,1.9,0.144,14,reviewed,us,us
2016-11-20T02:33:51.860Z,-44.0202,39.0225,10,4.6,mb,,45,9.375,0.97,us,us10007dn9,2017-02-15T23:21:29.040Z,"Prince Edward Islands region",earthquake,7.1,1.8,0.109,25,reviewed,us,us
2016-11-20T02:32:20.490Z,0.2856,126.1278,54.95,4.2,mb,,78,1.329,0.68,us,us10007dn8,2017-02-15T23:21:29.040Z,"150 km WSW of Ternate, Indonesia",earthquake,7.3,10.3,0.132,16,reviewed,us,us
2016-11-20T02:21:36.260Z,36.074,-117.6278333,1.69,2.21,ml,32,53,0.1136,0.12,ci,ci37745344,2017-02-08T21:42:25.455Z,"29km E of Coso Junction, CA",earthquake,0.13,0.2,0.182,47,reviewed,ci,ci
2016-11-20T02:08:04.660Z,-44.2755,38.839,10,4.8,mb,,52,17.843,0.66,us,us10007art,2017-02-15T23:21:29.040Z,"Prince Edward Islands region",earthquake,5.7,1.8,0.103,29,reviewed,us,us
2016-11-20T02:04:27.460Z,-3.3075,146.4673,10,4.5,mb,,63,1.543,0.51,us,us10007arm,2017-02-15T23:21:29.040Z,"166 km SSW of Lorengau, Papua New Guinea",earthquake,8.5,1.9,0.109,25,reviewed,us,us
2016-11-20T01:48:16.620Z,36.329,-89.4626667,5.18,2.38,md,37,37,0.03119,0.15,nm,nm60139687,2016-11-20T21:18:12.908Z,"5 km S of Tiptonville, Tennessee",earthquake,0.27,0.72,0.071,20,reviewed,nm,nm
2016-11-20T01:47:05.381Z,60.2532,-153.158,148.8,3.1,ml,,,,0.61,ak,ak016exijb62,2023-08-03T20:14:55.398Z,"64 km E of Port Alsworth, Alaska",earthquake,,0.2,,,reviewed,ak,ak
2016-11-20T01:44:57.070Z,-43.8992,39.686,10,4.6,mb,,108,15.713,0.65,us,us10007dnl,2017-02-15T23:21:29.040Z,"Prince Edward Islands region",earthquake,14,1.9,0.151,13,reviewed,us,us
2016-11-20T01:40:33.210Z,53.5181,-163.1855,28.88,2.6,ml,,241,1.348,0.23,us,us10007bym,2023-08-03T20:14:50.928Z,"149 km S of False Pass, Alaska",earthquake,6.6,21,,,reviewed,us,ak
2016-11-20T00:58:10.420Z,-61.4158,-56.8907,10,5.1,mb,,86,1.177,0.8,us,us10007aqr,2017-02-15T23:21:29.040Z,"South Shetland Islands",earthquake,3.2,1.8,0.064,80,reviewed,us,us
2016-11-20T00:55:01.600Z,-6.252,150.2532,47,4.6,mb,,94,2.794,0.7,us,us10007aqp,2017-02-15T23:21:29.040Z,"78 km E of Kandrian, Papua New Guinea",earthquake,9.9,3,0.132,17,reviewed,us,us
2016-11-20T00:49:00.420Z,-17.6203,-70.4986,106.82,4.2,mb,,143,0.761,0.74,us,us10007aqh,2017-02-15T23:21:29.040Z,"18 km N of Sama Grande, Peru",earthquake,5,7.8,0.131,16,reviewed,us,us
2016-11-20T00:26:03.100Z,17.8647,-67.5055,24,2.3,Md,3,334.8,0.40154693,0.09,pr,pr16325001,2016-11-20T03:27:08.088Z,"36 km WSW of Pole Ojea, Puerto Rico",earthquake,1.9,8.3,0,3,reviewed,pr,pr
2016-11-20T00:23:32.700Z,17.8892,-65.6344,6,3,Md,12,180,0.22098556,0.4,pr,pr16325000,2017-02-15T23:21:29.040Z,"28 km SE of El Negro, Puerto Rico",earthquake,0.7,1,0,11,reviewed,pr,pr
2016-11-20T00:18:53.450Z,-9.8443,114.1404,43.96,4,mb,,118,1.365,0.81,us,us10007dn7,2017-02-15T23:21:29.040Z,"157 km S of Muncar, Indonesia",earthquake,6.4,10.3,0.183,8,reviewed,us,us
2016-11-20T00:10:20.850Z,24.0678,123.3018,23.44,4.2,mb,,93,0.477,0.73,us,us10007dn6,2017-02-15T23:21:28.040Z,"53 km SE of Yonakuni, Japan",earthquake,7,6.7,0.153,12,reviewed,us,us
2016-11-20T00:06:25.770Z,51.8197,-171.9016,23.54,4.4,mb,,138,1.589,0.79,us,us10007aq2,2023-08-03T20:14:17.947Z,"163 km ESE of Atka, Alaska",earthquake,4,5.9,0.056,93,reviewed,us,us
2016-11-19T23:50:10.790Z,-41.6503,174.3609,18.13,4,mb,,98,0.147,0.57,us,us10007aps,2017-02-15T23:21:28.040Z,"37 km ESE of Blenheim, New Zealand",earthquake,1.9,4.5,0.3,3,reviewed,us,us
2016-11-19T23:48:22.940Z,-44.1474,38.9953,10,4.6,mb,,81,17.765,0.4,us,us10007dmy,2017-02-15T23:21:28.040Z,"Prince Edward Islands region",earthquake,11.2,1.7,0.125,19,reviewed,us,us
2016-11-19T23:37:03.033Z,55.3774,-134.918,24.2,2.3,ml,,,,0.88,ak,ak016ew81cn3,2023-08-03T20:14:16.043Z,"Southeastern Alaska",earthquake,,2.4,,,reviewed,ak,ak
2016-11-19T23:33:37.410Z,33.8802,25.8073,10,4.4,mb,,177,1.595,0.61,us,us10007dmx,2017-02-15T23:21:28.040Z,"125 km S of Ierápetra, Greece",earthquake,7.2,2,0.24,5,reviewed,us,us
2016-11-19T23:09:27.410Z,35.844,141.0613,43.14,4.1,mwr,,137,2.032,0.48,us,us10007dmw,2017-02-15T23:21:28.040Z,"23 km ENE of Hasaki, Japan",earthquake,7.5,7.6,0.071,19,reviewed,us,us
2016-11-19T23:01:14.330Z,3.6448,122.9508,550.71,4.7,mb,,67,3.321,0.65,us,us10007apf,2017-02-15T23:21:28.040Z,"288 km SSE of Tabiauan, Philippines",earthquake,9.5,7.8,0.054,103,reviewed,us,us
2016-11-19T22:44:18.437Z,64.2516,-149.9205,17.5,2.2,ml,,,,0.72,ak,ak016ew7hg8j,2023-08-03T20:13:56.459Z,"35 km W of Clear, Alaska, Alaska",earthquake,,0.1,,,reviewed,ak,ak
2016-11-19T22:42:15.781Z,61.3523,-147.6594,1.3,2.1,ml,,,,0.66,ak,ak016ew7h0lm,2023-08-03T20:13:54.060Z,"50 km S of Glacier View, Alaska",earthquake,,0.3,,,reviewed,ak,ak
2016-11-19T22:15:33.660Z,-33.0195,-179.6181,97.99,4.7,mb,,112,4.031,1.02,us,us10007dn0,2017-02-15T23:21:28.040Z,"south of the Kermadec Islands",earthquake,10.5,8,0.117,22,reviewed,us,us
2016-11-19T21:43:29.900Z,0.01,122.2116,242.71,4.4,mb,,52,1.185,0.64,us,us10007dmv,2017-02-15T23:21:28.040Z,"111 km WSW of Gorontalo, Indonesia",earthquake,7.5,4.7,0.101,28,reviewed,us,us
2016-11-19T20:48:53.740Z,-41.7525,174.348,16.09,4.3,mwr,,98,0.1,1.06,us,us10007an1,2017-02-15T23:21:28.040Z,"42 km SE of Blenheim, New Zealand",earthquake,1.7,3.2,0.06,27,reviewed,us,us
2016-11-19T20:27:43.823Z,59.0824,-153.1755,75.5,2.3,ml,,,,0.4,ak,ak016ew66zta,2023-08-03T20:13:20.538Z,"77 km WSW of Nanwalek, Alaska",earthquake,,0.3,,,reviewed,ak,ak
2016-11-19T19:55:52.100Z,-2.0389,-79.7797,76.84,4.4,mb,,138,0.672,1.04,us,us10007amh,2017-02-15T23:21:28.040Z,"10 km SW of Samborondón, Ecuador",earthquake,5.1,6.7,0.103,27,reviewed,us,us
2016-11-19T19:35:15.570Z,40.4026667,-124.4316667,19.11,2.42,md,12,266,0.1027,0.06,nc,nc72727530,2017-02-11T07:46:17.472Z,"23 km SW of Ferndale, California",earthquake,1.56,0.41,0.222,20,reviewed,nc,nc
2016-11-19T19:31:02.270Z,4.9763,127.8544,66.27,4.7,mb,,93,3.073,0.7,us,us10007amb,2017-02-15T23:21:28.040Z,"240 km SE of Pondaguitan, Philippines",earthquake,8.2,7.1,0.061,83,reviewed,us,us
2016-11-19T18:56:03.280Z,-44.2546,38.7119,10,4.5,mb,,102,15.431,0.64,us,us10007dms,2017-02-15T23:21:28.040Z,"Prince Edward Islands region",earthquake,12.5,1.9,0.128,18,reviewed,us,us
2016-11-19T18:53:23.980Z,-9.3213,113.2126,57.12,4.2,mb,,121,1.255,0.95,us,us10007dmz,2017-02-15T23:21:28.040Z,"116 km S of Kencong, Indonesia",earthquake,4.9,9.7,0.115,21,reviewed,us,us
2016-11-19T18:46:17.330Z,-22.436,-177.1094,540.16,4.5,mb,,143,6.514,0.56,us,us10007dmr,2017-02-15T23:21:28.040Z,"242 km SW of Haveluloto, Tonga",earthquake,13.9,12,0.205,9,reviewed,us,us
2016-11-19T18:41:45.710Z,52.5109,-174.8068,149.59,4.4,mb,,148,1.315,0.98,us,us10007alz,2023-08-03T20:13:07.279Z,"54 km NW of Atka, Alaska",earthquake,8.7,7.6,0.042,164,reviewed,us,us
2016-11-19T18:39:44.300Z,-44.0947,38.4311,10,4.5,mb,,102,17.571,0.69,us,us10007dmq,2017-02-15T23:21:28.040Z,"Prince Edward Islands region",earthquake,7.9,2,0.144,14,reviewed,us,us
2016-11-19T18:26:28.550Z,-32.0059,-178.2794,35,4.5,mb,,250,6.213,0.87,us,us10007dmp,2017-02-15T23:21:28.040Z,"south of the Kermadec Islands",earthquake,16.2,2,0.157,12,reviewed,us,us
2016-11-19T18:12:49.660Z,-19.2337,-177.4262,568.42,4.8,mb,,59,7.09,0.84,us,us10007alj,2017-02-15T23:21:28.040Z,"Fiji region",earthquake,10.6,7.1,0.088,40,reviewed,us,us
2016-11-19T18:11:11.290Z,-9.5946,117.8011,63.83,4.4,mb,,88,3.773,1.3,us,us10007alf,2017-02-15T23:21:28.040Z,"128 km SSE of Sumbawa Besar, Indonesia",earthquake,3.6,8.1,0.099,32,reviewed,us,us
2016-11-19T18:07:26.590Z,19.9683333,-155.4758333,31.851,2.38,ml,18,183,,0.11,hv,hv61486966,2020-07-06T20:59:39.560Z,"12 km S of Honoka‘a, Hawaii",earthquake,0.71,1.22,0.238,10,reviewed,hv,hv
2016-11-19T17:55:16.605Z,59.4294,-152.7787,90.1,3.1,ml,,,,0.56,ak,ak016ew4kmy4,2023-08-03T20:12:57.920Z,"49 km W of Nanwalek, Alaska",earthquake,,0.2,,,reviewed,ak,ak
2016-11-19T17:36:26.680Z,3.5817,125.9939,106.71,5.1,mb,,36,3.11,1.18,us,us10007akw,2017-02-15T23:21:28.040Z,"209 km SSE of Sarangani, Philippines",earthquake,2.6,6.8,0.065,78,reviewed,us,us
2016-11-19T17:06:42.610Z,-21.1007,-175.9329,10,4.9,mb,,132,5.992,1.02,us,us10007dmm,2017-02-15T23:21:28.040Z,"74 km W of Haveluloto, Tonga",earthquake,10.6,1.9,0.198,8,reviewed,us,us
2016-11-19T17:05:46.290Z,-44.0568,38.6281,10,4.3,mb,,102,15.251,0.93,us,us10007dml,2017-02-15T23:21:28.040Z,"Prince Edward Islands region",earthquake,12.3,2,0.169,10,reviewed,us,us
2016-11-19T15:26:11.440Z,40.0954,143.0542,56.62,4.4,mb,,187,1.669,1.32,us,us10007dmi,2017-02-15T23:21:28.040Z,"107 km ENE of Miyako, Japan",earthquake,3,11,0.179,9,reviewed,us,us
2016-11-19T14:31:56.400Z,19.0603,-64.3645,24,2.9,Md,4,338.4,0.82106017,0.2,pr,pr16324009,2017-02-15T23:21:28.040Z,"92 km NNE of Cruz Bay, U.S. Virgin Islands",earthquake,2.7,18.1,0,2,reviewed,pr,pr
2016-11-19T13:28:33.150Z,-55.3238,-31.3432,33.82,4.6,mb,,194,3.154,0.94,us,us10007dmc,2017-02-15T23:21:28.040Z,"South Georgia Island region",earthquake,14.1,8,0.14,15,reviewed,us,us
2016-11-19T13:12:54.335Z,53.6057,-164.9023,50.8,2.1,ml,,,,0.27,ak,ak016ew1xrnd,2023-08-03T20:12:01.049Z,"82 km SE of Akutan, Alaska",earthquake,,9,,,reviewed,ak,ak
2016-11-19T12:53:57.760Z,18.7917,145.5178,160.19,4.2,mb,,130,3.54,0.65,us,us10007dmb,2017-02-15T23:21:28.040Z,"Pagan region, Northern Mariana Islands",earthquake,15.4,2.9,0.121,19,reviewed,us,us
2016-11-19T12:47:05.100Z,-44.2101,39.0547,16.16,5.1,mb,,44,15.58,1.06,us,us10007aj3,2017-02-15T23:21:28.040Z,"Prince Edward Islands region",earthquake,11.3,3.2,0.077,54,reviewed,us,us
2016-11-19T12:39:03.760Z,-7.1444,127.1847,287.75,4.4,mb,,183,3.88,1.42,us,us10007dn4,2017-02-15T23:21:28.040Z,"153 km N of Lospalos, Timor Leste",earthquake,10,14.3,0.31,3,reviewed,us,us
2016-11-19T12:14:49.439Z,68.8956,-146.7437,4.4,2.2,ml,,,,0.74,ak,ak016ew1cr3j,2023-08-03T20:11:43.173Z,"98 km NNW of Arctic Village, Alaska",earthquake,,0.5,,,reviewed,ak,ak
2016-11-19T12:00:57.160Z,-6.5394,129.8723,168.52,5,mb,,87,2.014,0.81,us,us10007ail,2017-02-15T23:21:28.040Z,"Banda Sea",earthquake,7.4,5.6,0.074,59,reviewed,us,us
2016-11-19T11:42:10.280Z,54.4698,164.284,28.7,4.4,mb,,131,3.645,0.88,us,us10007ai9,2017-02-15T23:21:28.040Z,"226 km SSE of Ust’-Kamchatsk Staryy, Russia",earthquake,11,5,0.094,33,reviewed,us,us
2016-11-19T11:41:44.400Z,18.396,-64.3058,11,2.3,Md,3,349.2,0.4464627,0.03,pr,pr16324008,2016-11-19T16:25:55.947Z,"52 km E of Cruz Bay, U.S. Virgin Islands",earthquake,3.7,0.6,0,2,reviewed,pr,pr
2016-11-19T11:38:54.100Z,36.4459,-98.7789,6.897,3,ml,,50,,0.48,us,us10007ai5,2017-02-15T23:21:28.040Z,"17 km SSE of Waynoka, Oklahoma",earthquake,1.8,7.5,,,reviewed,tul,tul
2016-11-19T11:38:09.370Z,-42.5668,173.8636,19.59,4.1,mb,,171,0.283,0.47,us,us10007ai4,2017-02-15T23:21:28.040Z,"113 km NE of Amberley, New Zealand",earthquake,4.9,8.3,0.197,7,reviewed,us,us
2016-11-19T11:28:30.780Z,17.8175,-100.1871,51.07,3.9,mb,,94,0.485,0.68,us,us10007g0s,2017-02-15T23:21:28.040Z,"22 km W of Tlacotepec, Mexico",earthquake,3.8,8,0.112,21,reviewed,us,us
2016-11-19T11:26:02.940Z,-1.0344,127.4612,10,4.8,mb,,75,1.796,0.82,us,us10007ahx,2017-02-15T23:21:28.040Z,"196 km S of Sofifi, Indonesia",earthquake,7.5,1.9,0.103,29,reviewed,us,us
2016-11-19T11:22:02.100Z,17.9041,-65.8748,5,2.7,Md,12,216,0.2290704,0.2,pr,pr16324005,2017-02-15T23:21:28.040Z,"10 km S of Emajagua, Puerto Rico",earthquake,0.6,0.5,0,12,reviewed,pr,pr
2016-11-19T11:18:49.660Z,-4.8275,145.6603,73.64,4.1,mb,,164,4.784,0.7,us,us10007dm7,2017-02-15T23:21:28.040Z,"45 km NNW of Madang, Papua New Guinea",earthquake,12.5,12.3,0.135,15,reviewed,us,us
2016-11-19T11:11:23.830Z,19.359,-155.4753333,8.46,2.36,ml,48,38,,0.1,hv,hv61486701,2020-07-06T20:59:39.310Z,"17 km N of P?hala, Hawaii",earthquake,0.24,0.48,0.226,12,reviewed,hv,hv
2016-11-19T11:06:06.623Z,70.2739,-143.4386,18,2.3,ml,,,,0.54,ak,ak016ew0pigm,2023-08-03T20:11:18.669Z,"17 km NNE of Kaktovik, Alaska",earthquake,,0.8,,,reviewed,ak,ak
2016-11-19T10:56:14.711Z,60.1886,-153.2177,133.8,2.1,ml,,,,0.39,ak,ak016ew0eta7,2023-08-03T20:11:09.381Z,"60 km E of Port Alsworth, Alaska",earthquake,,0.5,,,reviewed,ak,ak
2016-11-19T10:43:32.699Z,53.523,-162.7471,24.8,2.4,ml,,,,0.36,ak,ak016ew0c2d1,2023-08-03T20:11:00.736Z,"south of Alaska",earthquake,,8.1,,,reviewed,ak,ak
2016-11-19T10:18:30.990Z,-2.8367,141.0767,10,4.8,mb,,55,6.333,0.54,us,us10007ahb,2017-02-15T23:21:28.040Z,"30 km SW of Vanimo, Papua New Guinea",earthquake,4.4,1.9,0.067,70,reviewed,us,us
2016-11-19T09:45:31.470Z,19.1831667,-155.6723333,6.81,2.3,ml,35,81,,0.22,hv,hv61486691,2020-07-06T21:00:45.200Z,"13 km NNW of Wai‘?hinu, Hawaii",earthquake,0.51,0.95,0.196,12,reviewed,hv,hv
2016-11-19T09:25:09.580Z,19.1403,121.0172,38.45,4.8,mb,,123,3.659,0.56,us,us10007agt,2017-02-15T23:21:28.040Z,"59 km N of Claveria, Philippines",earthquake,8.7,7.7,0.055,103,reviewed,us,us
2016-11-19T08:39:41.552Z,54.041,-163.2051,17.2,2.3,ml,,,,0.42,ak,ak016evz4cyz,2023-08-03T20:10:31.976Z,"91 km S of False Pass, Alaska",earthquake,,1.5,,,reviewed,ak,ak
2016-11-19T08:15:54.800Z,19.6537,-64.3519,24,3.5,Md,14,302.4,1.25584477,0.3,pr,pr16324006,2017-02-15T23:21:28.040Z,"153 km NNE of Cruz Bay, U.S. Virgin Islands",earthquake,1.8,26.3,0,7,reviewed,pr,pr
2016-11-19T07:45:41.220Z,33.003,-117.8463333,21.68,2.24,ml,32,142,0.4385,0.24,ci,ci37744544,2017-02-08T20:48:30.370Z,"49km WSW of Carlsbad, CA",earthquake,0.44,3.28,0.117,82,reviewed,ci,ci
2016-11-19T07:32:10.010Z,-41.8018,174.2772,18.5,4.2,mwr,,107,0.07,0.74,us,us10007afk,2017-02-15T23:21:28.040Z,"41 km SE of Blenheim, New Zealand",earthquake,2.5,3.8,0.058,29,reviewed,us,us
2016-11-19T07:19:34.350Z,-20.9223,-178.6093,565.39,4.5,mb,,80,4.463,0.96,us,us10007dm4,2017-02-15T23:21:28.040Z,"Fiji region",earthquake,12.6,9,0.09,36,reviewed,us,us
2016-11-19T06:59:33.000Z,36.2939,-97.5123,7.105,2.5,ml,,25,,0.19,us,us10007afb,2017-02-15T23:21:28.040Z,"5 km WNW of Lucien, Oklahoma",earthquake,1.4,2.6,,,reviewed,tul,tul
2016-11-19T06:49:06.160Z,51.6668,-179.6764,10.3,3.4,ml,,,,0.89,us,us10007c09,2023-08-03T20:10:06.572Z,"211 km W of Adak, Alaska",earthquake,8.1,8.3,,,reviewed,ak,ak
2016-11-19T06:37:01.940Z,-34.8102,-71.6443,49.14,4.3,mb,,130,0.308,0.77,us,us10007af4,2017-02-15T23:21:28.040Z,"31 km SW of Santa Cruz, Chile",earthquake,4.6,9.8,0.218,6,reviewed,us,us
2016-11-19T06:31:35.100Z,18.1907,-64.2667,130,3,Md,4,338.4,0.49856498,0.2,pr,pr16324004,2017-02-15T23:21:28.040Z,"57 km ESE of Cruz Bay, U.S. Virgin Islands",earthquake,9.4,2.4,0,4,reviewed,pr,pr
2016-11-19T06:31:06.864Z,36.7275,-118.1021,9.3,2,ml,19,125.4,0.288,0.1661,nn,nn00566982,2018-07-02T18:07:06.831Z,"12 km SE of Independence, California",earthquake,,1.6,0.37,8,reviewed,nn,nn
2016-11-19T06:01:22.570Z,43.2078,146.1783,43.31,4.5,mb,,164,2.528,0.73,us,us10007aes,2017-02-15T23:21:28.040Z,"50 km ESE of Nemuro, Japan",earthquake,7.6,8,0.082,44,reviewed,us,us
2016-11-19T05:45:04.780Z,38.8058333,-122.7368333,2.03,2.08,md,62,53,0.01441,0.07,nc,nc72727365,2017-02-11T07:44:05.000Z,"2 km SSW of Cobb, California",earthquake,0.13,0.18,0.178,33,reviewed,nc,nc
2016-11-19T05:26:43.400Z,17.8768,-65.6376,10,2.2,Md,6,219.6,0.23356197,0.28,pr,pr16324003,2016-11-19T13:18:56.971Z,"28 km SE of El Negro, Puerto Rico",earthquake,1.2,2,0,4,reviewed,pr,pr
2016-11-19T04:52:47.780Z,18.5193,145.8206,206.1,4.2,mb,,157,3.26,1.19,us,us10007dm1,2017-02-15T23:21:28.040Z,"Pagan region, Northern Mariana Islands",earthquake,16.2,14.3,0.215,6,reviewed,us,us
2016-11-19T04:42:32.100Z,36.4496,-98.7751,7.109,2.6,ml,,66,,0.49,us,us10007ae1,2017-02-15T23:21:27.040Z,"17 km SSE of Waynoka, Oklahoma",earthquake,1.4,5.4,,,reviewed,tul,tul
2016-11-19T04:32:15.800Z,18.9958,-65.0866,11,2.9,Md,5,288,0.6521769,0.27,pr,pr16324002,2017-02-15T23:21:27.040Z,"74 km NNW of Charlotte Amalie, U.S. Virgin Islands",earthquake,2.7,4.1,0,5,reviewed,pr,pr
2016-11-19T04:20:50.370Z,-5.2658,154.0935,157.29,4.7,mb,,66,2.199,0.62,us,us10007ads,2017-02-15T23:21:27.040Z,"192 km NW of Panguna, Papua New Guinea",earthquake,10.2,5.9,0.055,99,reviewed,us,us
2016-11-19T04:10:34.500Z,18.9955,-64.754,35,2.3,Md,3,320.4,0.66026173,0.17,pr,pr16324001,2016-11-19T08:14:08.177Z,"73 km N of Cruz Bay, U.S. Virgin Islands",earthquake,4.1,11.8,0,3,reviewed,pr,pr
2016-11-19T04:05:26.420Z,-1.9019,-77.9607,163.81,4.1,mb,,47,0.921,1.3,us,us10007adn,2017-02-15T23:21:27.040Z,"22 km S of Palora, Ecuador",earthquake,7.6,8.3,0.198,7,reviewed,us,us
2016-11-19T03:31:33.370Z,-18.489,34.8514,10,4.6,mb,,65,7.133,1.13,us,us10007ad7,2017-02-15T23:21:27.040Z,"124 km N of Dondo, Mozambique",earthquake,9.3,1.8,0.129,18,reviewed,us,us
2016-11-19T03:05:28.900Z,36.443,-98.7831,7.323,3,ml,,63,,0.58,us,us10007aci,2017-02-15T23:21:27.040Z,"17 km SSE of Waynoka, Oklahoma",earthquake,1.5,5.5,,,reviewed,tul,tul
2016-11-19T03:04:41.363Z,62.2778,-150.0683,20,2.2,ml,,,,0.57,ak,ak016evvxovc,2023-08-03T20:09:42.796Z,"Central Alaska",earthquake,,0.1,,,reviewed,ak,ak
2016-11-19T02:51:13.438Z,57.8987,-156.1558,129.6,2.3,ml,,,,0.38,ak,ak016evvm9rj,2023-08-03T20:09:32.356Z,"80 km ESE of Egegik, Alaska",earthquake,,0.8,,,reviewed,ak,ak
2016-11-19T02:48:01.660Z,33.8144,135.42,41.96,5.3,mww,,55,1.288,0.66,us,us10007ace,2022-05-03T19:49:12.975Z,"10 km NNE of Tanabe, Japan",earthquake,6,0.6,,,reviewed,us,us
2016-11-19T02:18:48.580Z,19.3245,-155.3533333,28.79,2.3,ml,50,84,,0.12,hv,hv61486351,2020-07-06T21:00:44.980Z,"18 km SW of Volcano, Hawaii",earthquake,0.4,0.67,0.179,14,reviewed,hv,hv
2016-11-19T02:01:22.620Z,38.8139,70.2103,10,4.2,mb,,60,0.203,1.45,us,us10007ac0,2017-02-15T23:21:27.040Z,"22 km ESE of Darband, Tajikistan",earthquake,4.7,1.9,0.2,7,reviewed,us,us
2016-11-19T01:53:29.170Z,1.8256,126.3494,23.63,4.9,mb,,96,1.459,0.97,us,us10007abx,2017-02-15T23:21:27.040Z,"157 km ENE of Laikit, Laikit II (Dimembe), Indonesia",earthquake,4.4,4.3,0.07,65,reviewed,us,us
2016-11-19T01:50:42.960Z,44.1844,149.3838,35.32,4.4,mb,,181,4.887,1.08,us,us10007dlx,2017-02-15T23:21:27.040Z,"166 km SE of Kuril’sk, Russia",earthquake,13.4,8.2,0.189,8,reviewed,us,us
2016-11-19T01:08:29.120Z,50.1953,179.7748,5.7,2.7,ml,,,,1.38,us,us10007c07,2023-08-03T20:08:38.411Z,"Rat Islands, Aleutian Islands, Alaska",earthquake,8.8,8.4,,,reviewed,ak,ak
2016-11-19T01:07:13.120Z,-14.5227,167.617,161.27,4.5,mb,,124,6.23,0.79,us,us10007dlw,2017-02-15T23:21:27.040Z,"71 km S of Sola, Vanuatu",earthquake,9.6,7.1,0.108,25,reviewed,us,us
2016-11-19T00:53:01.870Z,-22.3357,-179.3965,590.15,4.3,mb,,98,5.158,0.77,us,us10007dlv,2017-02-15T23:21:27.040Z,"south of the Fiji Islands",earthquake,14.8,11.9,0.122,19,reviewed,us,us
2016-11-19T00:46:49.060Z,14.6065,-92.4396,57.53,4.1,mb,,156,0.343,1.42,us,us10007dm2,2017-02-15T23:21:27.040Z,"12 km S of Puerto Madero, Mexico",earthquake,4,10.7,0.123,18,reviewed,us,us
2016-11-19T00:20:28.540Z,54.0217,-163.5976,17.88,2.5,ml,,213,0.843,0.52,us,us10007c06,2023-08-03T20:08:33.839Z,"93 km S of False Pass, Alaska",earthquake,7.7,13.3,,,reviewed,us,ak
2016-11-19T00:19:40.900Z,18.6273,-66.9695,27,2.3,Md,4,244.8,0.20840915,0.25,pr,pr16324000,2016-11-19T03:54:33.562Z,"15 km NNE of Isabela, Puerto Rico",earthquake,1.3,2.5,0,4,reviewed,pr,pr
2016-11-19T00:02:42.100Z,36.2252,-98.943,6.019,2.8,ml,,81,,0.46,us,us10007ab0,2017-02-15T23:21:27.040Z,"2 km WNW of Chester, Oklahoma",earthquake,0.9,6.8,,,reviewed,tul,tul
2016-11-18T23:56:34.300Z,19.4528,-64.2137,74,3.1,Md,3,342,1.23338689,0.23,pr,pr16323027,2017-02-15T23:21:27.040Z,"138 km NNE of Cruz Bay, U.S. Virgin Islands",earthquake,9.7,15.5,0,2,reviewed,pr,pr
2016-11-18T23:46:04.550Z,-17.3341,-174.3324,84.35,4.4,mb,,77,4.201,0.95,us,us10007dlp,2017-02-15T23:21:27.040Z,"150 km NNW of Neiafu, Tonga",earthquake,9.6,11.3,0.148,13,reviewed,us,us
2016-11-18T23:26:53.000Z,36.8469,-97.699,7.99,2.8,ml,,56,,0.46,us,us10007aaj,2017-02-15T23:21:27.040Z,"5 km NE of Medford, Oklahoma",earthquake,0.9,4.9,,,reviewed,tul,tul
2016-11-18T23:22:48.600Z,41.0215,22.711,10,4.7,mwr,,34,1.034,0.58,us,us10007aai,2022-05-03T19:49:08.249Z,"12 km ENE of Polýkastro, Greece",earthquake,4.8,1.8,0.06,27,reviewed,us,us
2016-11-18T23:17:45.220Z,0.396,-17.6584,10,4.9,mb,,89,8.903,0.91,us,us10007dlq,2017-02-15T23:21:27.040Z,"north of Ascension Island",earthquake,10,1.9,0.108,27,reviewed,us,us
2016-11-18T22:53:13.180Z,-18.6096,169.731,225.31,4.2,mb,,184,3.186,0.55,us,us10007dlm,2017-02-15T23:21:27.040Z,"113 km NNE of Isangel, Vanuatu",earthquake,14.2,12.2,0.215,6,reviewed,us,us
2016-11-18T22:46:18.910Z,-5.6924,147.3148,151.46,4.3,mb,,184,3.691,0.34,us,us10007dln,2017-02-15T23:21:27.040Z,"112 km NNW of Finschhafen, Papua New Guinea",earthquake,12.5,13.9,0.148,13,reviewed,us,us
2016-11-18T22:36:35.060Z,19.0541667,-156.2175,38.94,2.24,ml,15,309,,0.1,hv,hv61486176,2020-07-06T21:00:44.790Z,"47 km W of Hawaiian Ocean View, Hawaii",earthquake,1.99,3.06,0.08,2,reviewed,hv,hv
2016-11-18T22:30:34.603Z,60.7952,-150.5395,44.1,2,ml,,,,0.43,ak,ak016eujv4ys,2023-08-03T20:08:11.456Z,"16 km SSE of Point Possession, Alaska",earthquake,,0.5,,,reviewed,ak,ak
2016-11-18T22:25:00.960Z,-17.3421,-178.4743,576.26,4.4,mb,,138,3.337,0.58,us,us10007dll,2017-02-15T23:21:27.040Z,"247 km ENE of Levuka, Fiji",earthquake,14.9,10,0.155,12,reviewed,us,us
2016-11-18T21:53:38.932Z,57.0525,-157.8068,15.7,2.2,ml,,,,0.48,ak,ak016eujen5x,2023-08-03T20:08:06.945Z,"51 km ENE of Port Heiden, Alaska",earthquake,,0.5,,,reviewed,ak,ak
2016-11-18T20:54:47.020Z,-28.1398,-177.0201,10,5.6,mww,,45,1.36,1.37,us,us10007a83,2022-05-03T19:49:11.356Z,"Kermadec Islands region",earthquake,7.6,1.4,,,reviewed,us,us
2016-11-18T20:52:02.480Z,16.6453,148.6505,35.21,4.5,mb,,161,3.086,1.08,us,us10007dlk,2017-02-15T23:21:27.040Z,"Mariana Islands region",earthquake,11.6,6.9,0.205,7,reviewed,us,us
2016-11-18T20:51:39.190Z,-21.4186,-178.5611,592.14,4.3,mb,,134,4.852,0.38,us,us10007dli,2017-02-15T23:21:27.040Z,"Fiji region",earthquake,16.9,22.5,0.168,10,reviewed,us,us
2016-11-18T20:36:42.020Z,-18.8163,169.3318,195.78,4.4,mb,,233,2.771,0.79,us,us10007dlj,2017-02-15T23:21:27.040Z,"80 km N of Isangel, Vanuatu",earthquake,12.3,11.7,0.12,22,reviewed,us,us
2016-11-18T20:25:19.070Z,-22.7893,-66.2859,278.23,4,mb,,49,1.753,1.29,us,us10007a7d,2017-02-15T23:21:27.040Z,"60 km W of Abra Pampa, Argentina",earthquake,9.7,13.2,0.211,6,reviewed,us,us
2016-11-18T20:17:33.400Z,19.6432,-64.2051,51,2.5,Md,4,331.2,1.410355,0.15,pr,pr16323025,2017-02-15T23:21:27.040Z,"157 km NNE of Cruz Bay, U.S. Virgin Islands",earthquake,3.3,12.3,0,3,reviewed,pr,pr
2016-11-18T20:12:47.980Z,43.6186,-105.1488,0,3.4,ml,,38,0.948,0.85,us,us10007dlu,2017-02-15T23:21:27.040Z,"31 km ESE of Wright, Wyoming",mining explosion,1.3,2,0.045,80,reviewed,us,us
2016-11-18T19:55:10.680Z,-17.1671,-173.7744,10,4.4,mb,,154,13.825,0.75,us,us10007dlh,2017-02-15T23:21:27.040Z,"134 km S of Hihifo, Tonga",earthquake,19.2,2,0.162,15,reviewed,us,us
2016-11-18T19:35:23.370Z,51.7867,-179.2113,88.75,4.3,mb,,159,1.012,0.91,us,us10007a70,2023-08-03T20:07:35.471Z,"177 km W of Adak, Alaska",earthquake,7.6,6,0.051,110,reviewed,us,us
2016-11-18T19:35:19.400Z,18.5814,-65.6045,18,2.3,Md,5,226.8,0.38986883,0.1,pr,pr16323024,2016-11-19T00:33:10.557Z,"25 km NNE of Luquillo, Puerto Rico",earthquake,0.6,0.9,0,3,reviewed,pr,pr
2016-11-18T19:30:22.400Z,36.4434,-98.777,6.002,2.9,ml,,66,,0.8,us,us10007a67,2017-02-15T23:21:27.040Z,"17 km SSE of Waynoka, Oklahoma",earthquake,1.7,4.1,,,reviewed,tul,tul
2016-11-18T19:19:46.638Z,62.6313,-150.767,84.1,3.5,ml,,,,0.56,ak,ak016eui0i7b,2023-08-03T20:07:33.418Z,"15 km N of Petersville, Alaska",earthquake,,0.3,,,reviewed,ak,ak
2016-11-18T18:40:28.300Z,18.7003,-65.1289,54,3.1,Md,12,219.6,0.38358063,0.23,pr,pr16323021,2017-02-15T23:21:27.040Z,"44 km NNW of Charlotte Amalie, U.S. Virgin Islands",earthquake,1.3,1.7,0,7,reviewed,pr,pr
2016-11-18T18:37:35.700Z,14.643,-93.3259,23,4,md,,,,1.55,us,us10007fze,2017-02-15T23:21:27.040Z,"89 km SW of El Arenal, Mexico",earthquake,5,8,,24,reviewed,unm,unm
2016-11-18T18:16:02.600Z,19.5981,-64.3834,34,2.8,Md,5,327.6,1.31243863,0.37,pr,pr16323023,2017-02-15T23:21:27.040Z,"146 km NNE of Cruz Bay, U.S. Virgin Islands",earthquake,4.8,31.5,0,4,reviewed,pr,pr
2016-11-18T17:50:38.300Z,36.4444,-98.7835,7.381,2.9,ml,,51,,0.87,us,us10007a4a,2017-02-15T23:21:27.040Z,"17 km SSE of Waynoka, Oklahoma",earthquake,1.4,4.7,,,reviewed,tul,tul
2016-11-18T17:40:11.130Z,38.6066667,-121.8781667,11.5,2.49,md,50,84,0.1613,0.12,nc,nc72727100,2017-02-11T07:40:51.000Z,"6 km S of Monument Hills, California",earthquake,0.19,0.14,0.285,54,reviewed,nc,nc
2016-11-18T17:29:01.050Z,54.0451,-163.6201,10,3,ml,,195,0.821,0.92,us,us10007byf,2023-08-03T20:07:10.301Z,"91 km S of False Pass, Alaska",earthquake,4.7,2,0.128,8,reviewed,us,us
2016-11-18T17:11:32.670Z,-21.4365,-66.6973,217.36,4.6,mb,,56,2.039,0.75,us,us10007a3g,2017-02-15T23:21:27.040Z,"74 km SW of Atocha, Bolivia",earthquake,4.1,9.8,0.183,11,reviewed,us,us
2016-11-18T17:03:42.290Z,19.175333,-155.482666,34.663,2.08,md,43,151,,0.12,hv,hv61485971,2020-07-06T20:59:05.460Z,"3 km S of P?hala, Hawaii",earthquake,0.56,0.87,0.11,10,automatic,hv,hv
2016-11-18T16:59:13.537Z,57.001,-157.2024,93.9,2,ml,,,,0.4,ak,ak016euggph5,2023-08-03T20:07:04.849Z,"58 km SSE of Ugashik, Alaska",earthquake,,0.3,,,reviewed,ak,ak
2016-11-18T16:02:20.900Z,19.031,-66.7677,47,3,Md,7,288,0.59558303,0.25,pr,pr16323022,2016-11-18T20:57:19.823Z,"60 km N of Hatillo, Puerto Rico",earthquake,1.9,4.2,0,5,reviewed,pr,pr
2016-11-18T15:55:34.090Z,-42.5767,173.1084,10,4.3,mwr,,117,0.356,0.8,us,us10007a1v,2017-02-15T23:21:27.040Z,"71 km NNE of Amberley, New Zealand",earthquake,3,1.9,0.054,33,reviewed,us,us
2016-11-18T15:38:15.900Z,36.2932,-96.6939,2.426,2.4,ml,,55,,0.16,us,us10007a1a,2017-02-15T23:21:27.040Z,"5 km NNW of Maramec, Oklahoma",earthquake,1.3,5,,,reviewed,tul,tul
2016-11-18T15:21:49.917Z,51.8576,-175.6632,63.8,2.1,ml,,,,0.22,ak,ak016eufn7gv,2023-08-03T20:06:50.688Z,"66 km E of Adak, Alaska",earthquake,,1,,,reviewed,ak,ak
2016-11-18T15:16:42.340Z,41.2764,76.7588,14.22,4.1,mb,,71,2.168,1.15,us,us10007a10,2017-02-15T23:21:27.040Z,"66 km ESE of Naryn, Kyrgyzstan",earthquake,9.2,6.2,0.213,6,reviewed,us,us
2016-11-18T15:16:04.260Z,-21.4024,-178.7159,589.01,4.6,mb,,56,4.745,0.86,us,us10007a14,2017-02-15T23:21:27.040Z,"Fiji region",earthquake,13.9,8.6,0.091,36,reviewed,us,us
2016-11-18T14:57:40.010Z,-21.2277,-67.3802,194.34,4.3,mb,,57,1.823,1.43,us,us10007a0n,2017-02-15T23:21:26.040Z,"102 km SW of Uyuni, Bolivia",earthquake,7.4,10.6,0.237,5,reviewed,us,us
2016-11-18T14:36:33.750Z,13.795,144.7617,143.07,4.4,mb,,100,0.229,0.64,us,us10007dlc,2017-02-15T23:21:26.040Z,"31 km NNW of Yigo Village, Guam",earthquake,13.6,7.7,0.068,62,reviewed,us,us
2016-11-18T14:22:57.140Z,-42.591,173.2622,6.85,5.3,mww,,74,0.269,1.15,us,us10007a0b,2022-05-03T19:49:09.768Z,"76 km NE of Amberley, New Zealand",earthquake,4.2,3,,,reviewed,us,us
2016-11-18T14:12:09.200Z,19.5925,-64.4513,77,2.8,Md,6,327.6,1.28998075,0.47,pr,pr16323020,2017-02-15T23:21:26.040Z,"144 km NNE of Cruz Bay, U.S. Virgin Islands",earthquake,14,27.1,0,3,reviewed,pr,pr
2016-11-18T13:30:09.550Z,-42.4452,173.5671,16.05,4.3,mwr,,124,0.035,0.64,us,us10007a01,2017-02-15T23:21:26.040Z,"104 km NE of Amberley, New Zealand",earthquake,4.1,3.7,0.05,38,reviewed,us,us
2016-11-18T13:17:47.700Z,18.8645,-64.4199,81,2.4,Md,3,316.8,0.62522744,0.43,pr,pr16323019,2016-11-18T16:32:37.743Z,"70 km NE of Cruz Bay, U.S. Virgin Islands",earthquake,4.1,5.9,0,3,reviewed,pr,pr
2016-11-18T13:13:55.500Z,36.0293,-96.7394,5,2.8,mb_lg,,66,0.028,0.56,us,us10007a02,2017-02-15T23:21:26.040Z,"5 km NNE of Cushing, Oklahoma",earthquake,1.1,1.8,0.228,5,reviewed,us,us
2016-11-18T12:48:18.920Z,-42.444,173.9426,10,4.5,mb,,131,0.3,0.44,us,us100079zi,2017-02-15T23:21:26.040Z,"103 km S of Blenheim, New Zealand",earthquake,3.6,1.9,0.163,11,reviewed,us,us
2016-11-18T12:25:01.200Z,19.552,-64.6644,63,2.7,Md,6,320.4,1.21811553,0.31,pr,pr16323018,2017-02-15T23:21:26.040Z,"135 km N of Cruz Bay, U.S. Virgin Islands",earthquake,7.9,19.3,0,3,reviewed,pr,pr
2016-11-18T12:20:07.800Z,36.2217,-98.9456,5.984,2.5,ml,,154,,0.8,us,us100079z1,2017-02-15T23:21:26.040Z,"2 km WNW of Chester, Oklahoma",earthquake,1.5,6.9,,,reviewed,tul,tul
2016-11-18T12:08:19.460Z,34.7499,6.2997,10.24,4.9,mb,,44,2.679,0.94,us,us100079yy,2017-02-15T23:21:26.040Z,"20 km WNW of Zeribet el Oued, Algeria",earthquake,6.5,3.6,0.046,149,reviewed,us,us
2016-11-18T12:03:57.310Z,-41.9917,173.6062,19.61,4,mb,,63,0.218,0.94,us,us100079yw,2017-02-15T23:21:26.040Z,"60 km SSW of Blenheim, New Zealand",earthquake,2.4,6,0.183,8,reviewed,us,us
2016-11-18T11:48:41.040Z,-7.0323,154.8018,10,4.9,mb,,64,3.854,0.97,us,us100079yp,2017-02-15T23:21:26.040Z,"109 km SW of Panguna, Papua New Guinea",earthquake,4.3,1.9,0.078,52,reviewed,us,us
2016-11-18T11:44:37.699Z,67.694,-157.5852,17.8,2,ml,,,,0.32,ak,ak016eudedkp,2023-08-03T20:05:52.060Z,"68 km N of Ambler, Alaska",earthquake,,3.4,,,reviewed,ak,ak
2016-11-18T11:33:12.100Z,-14.471,-75.6888,48.06,4.2,mb,,148,2.712,0.75,us,us100079yk,2017-02-15T23:21:26.040Z,"31 km S of Santiago, Peru",earthquake,9.6,2.2,0.159,11,reviewed,us,us
2016-11-18T11:32:15.270Z,-41.7619,174.4308,11.24,4.2,mwr,,107,0.162,0.69,us,us100079yi,2017-02-15T23:21:26.040Z,"48 km SE of Blenheim, New Zealand",earthquake,2.8,4.6,0.049,40,reviewed,us,us
2016-11-18T11:20:53.720Z,-17.5127,-174.2057,10,4.4,mb,,125,4.278,0.49,us,us10007dl9,2017-02-15T23:21:26.040Z,"128 km N of Neiafu, Tonga",earthquake,10.1,2,0.17,10,reviewed,us,us
2016-11-18T11:19:43.780Z,-30.2496,-176.5124,10,4.5,mb,,203,1.587,0.96,us,us10007dl8,2017-02-15T23:21:26.040Z,"Kermadec Islands region",earthquake,10.8,2,0.18,9,reviewed,us,us
2016-11-18T10:39:29.320Z,-41.7684,174.112,15.88,4.1,mb,,131,0.078,0.98,us,us100079y3,2017-02-15T23:21:26.040Z,"31 km SSE of Blenheim, New Zealand",earthquake,1.9,3.1,0.197,7,reviewed,us,us
2016-11-18T10:28:27.390Z,-11.6981,166.7608,10,4.4,mb,,150,7.064,0.65,us,us10007dl7,2017-02-15T23:21:26.040Z,"150 km SE of Lata, Solomon Islands",earthquake,5.7,1.9,0.123,19,reviewed,us,us
2016-11-18T10:23:02.930Z,-41.7751,174.1694,17.51,3.7,mwr,,133,0.042,0.69,us,us100079xz,2017-02-15T23:21:26.040Z,"33 km SSE of Blenheim, New Zealand",earthquake,1.9,4.6,0.098,10,reviewed,us,us
2016-11-18T10:22:30.358Z,60.7169,-150.5565,52.1,2,ml,,,,0.34,ak,ak016euco7nf,2023-08-03T20:05:12.301Z,"Kenai Peninsula, Alaska",earthquake,,0.3,,,reviewed,ak,ak
2016-11-18T09:13:07.043Z,52.8292,-168.04,42,2,ml,,,,0.71,ak,ak016euc0ssw,2023-08-03T20:04:42.807Z,"56 km ESE of Nikolski, Alaska",earthquake,,3.2,,,reviewed,ak,ak
2016-11-18T09:12:05.657Z,36.7374,-116.002,8.8,2.3,ml,44,37.65,0.016,0.1906,nn,nn00566887,2018-07-02T18:07:00.892Z,"34 km WNW of Indian Springs, Nevada",earthquake,,0.7,0.32,28,reviewed,nn,nn
2016-11-18T09:00:57.500Z,18.9603,-64.5668,12,2.3,Md,4,327.6,0.65487184,0.14,pr,pr16323017,2016-11-18T13:04:07.490Z,"73 km NNE of Cruz Bay, U.S. Virgin Islands",earthquake,7.9,11.3,0,3,reviewed,pr,pr
2016-11-18T08:35:56.500Z,39.6591667,-123.6268333,-0.85,2.04,md,24,141,0.04414,0.1,nc,nc72726905,2017-02-11T07:37:45.020Z,"12 km WSW of Laytonville, California",earthquake,0.25,0.87,0.1,21,reviewed,nc,nc
2016-11-18T08:21:40.940Z,61.5146,-148.0809,21.1,2.1,ml,,,,0.64,ak,ak016eubh5ji,2023-08-03T20:04:27.595Z,"37 km SSE of Chickaloon, Alaska",earthquake,,0.3,,,reviewed,ak,ak
2016-11-18T08:05:29.250Z,-34.2044,179.5272,161.22,4.6,mb,,129,3.494,1.1,us,us10007dla,2017-02-15T23:21:26.040Z,"south of the Kermadec Islands",earthquake,10.7,6.6,0.107,26,reviewed,us,us
2016-11-18T08:01:30.100Z,19.4188,-64.217,96,2.8,Md,4,342,1.20194585,0.2,pr,pr16323016,2017-02-15T23:21:26.040Z,"134 km NNE of Cruz Bay, U.S. Virgin Islands",earthquake,10,10.8,0,4,reviewed,pr,pr
2016-11-18T07:58:07.900Z,35.6158333,-116.3008333,1.54,2.35,ml,13,53,0.2839,0.11,ci,ci37743632,2016-12-08T01:13:36.461Z,"27km SSW of Tecopa, CA",earthquake,0.2,0.97,0.193,52,reviewed,ci,ci
2016-11-18T07:42:24.690Z,34.7466,6.2349,26.41,5.2,mww,,35,2.729,0.81,us,us100079w2,2022-05-03T19:49:06.533Z,"26 km WNW of Zeribet el Oued, Algeria",earthquake,6.5,4.3,,,reviewed,us,us
2016-11-18T07:39:58.800Z,19.3967,-64.2713,96,3.3,Md,11,309.6,1.15972503,0.4,pr,pr16323015,2017-02-15T23:21:26.040Z,"130 km NNE of Cruz Bay, U.S. Virgin Islands",earthquake,7.3,9.8,0,7,reviewed,pr,pr
2016-11-18T07:06:36.837Z,60.5237,-151.1492,56.4,2.1,ml,,,,0.24,ak,ak016euashvn,2023-08-03T20:04:03.481Z,"3 km WSW of Ridgeway, Alaska",earthquake,,0.4,,,reviewed,ak,ak
2016-11-18T06:58:42.570Z,-2.1688,100.6158,66.15,4.4,mb,,186,2.514,0.81,us,us10007dl4,2017-02-15T23:21:26.040Z,"87 km W of Sungai Penuh, Indonesia",earthquake,9.7,9.6,0.144,14,reviewed,us,us
2016-11-18T06:54:38.100Z,36.2277,-98.9335,5,2.6,ml,,87,,0.33,us,us100079v1,2017-02-15T23:21:26.040Z,"1 km NW of Chester, Oklahoma",earthquake,2.1,2.1,,,reviewed,tul,tul
2016-11-18T06:54:37.650Z,36.6173,71.3486,84.82,4.6,mb,,65,0.8,0.76,us,us100079v8,2017-02-15T23:21:26.040Z,"18 km WSW of Ashk?sham, Afghanistan",earthquake,6.9,7,0.093,34,reviewed,us,us
2016-11-18T06:54:08.757Z,51.4556,-176.0985,25.6,2,ml,,,,0.18,ak,ak016euahah7,2023-08-03T20:03:54.034Z,"59 km SE of Adak, Alaska",earthquake,,2.1,,,reviewed,ak,ak
2016-11-18T04:54:55.600Z,36.4481,-97.1201,5.686,2.5,ml,,43,,0.46,us,us100079u5,2017-02-15T23:21:26.040Z,"5 km ESE of Red Rock, Oklahoma",earthquake,1.3,6.1,,,reviewed,tul,tul
2016-11-18T04:02:33.500Z,19.5573,-64.1645,60,3,Md,4,342,1.34747293,0.3,pr,pr16323012,2017-02-15T23:21:26.040Z,"151 km NNE of Cruz Bay, U.S. Virgin Islands",earthquake,9.5,21.1,0,4,reviewed,pr,pr
2016-11-18T03:50:34.200Z,19.4514,-64.2453,93,3,Md,4,342,1.21991216,0.11,pr,pr16323011,2017-02-15T23:21:26.040Z,"136 km NNE of Cruz Bay, U.S. Virgin Islands",earthquake,6.5,7.5,0,4,reviewed,pr,pr
2016-11-18T03:47:20.700Z,19.5809,-64.5416,76,2.5,Md,3,338.4,1.26033634,0.33,pr,pr16323010,2017-02-15T23:21:26.040Z,"140 km N of Cruz Bay, U.S. Virgin Islands",earthquake,12.4,25.1,0,3,reviewed,pr,pr
2016-11-18T03:18:23.510Z,-4.7172,151.9079,155.87,4.6,mb,,116,0.424,0.52,us,us10007dl3,2017-02-15T23:21:26.040Z,"57 km SW of Kokopo, Papua New Guinea",earthquake,12.7,7.5,0.137,16,reviewed,us,us
2016-11-18T02:53:41.460Z,-0.0335,125.822,56.6,4.2,mb,,72,1.739,0.81,us,us10007dl2,2017-02-15T23:21:26.040Z,"179 km SE of Tondano, Indonesia",earthquake,9,11.1,0.147,13,reviewed,us,us
2016-11-18T02:47:05.651Z,57.0364,-157.5719,12.9,2,ml,,,,0.33,ak,ak016eu821t1,2023-08-03T20:02:59.513Z,"54 km S of Ugashik, Alaska",earthquake,,0.6,,,reviewed,ak,ak
2016-11-18T02:41:17.600Z,19.4895,-64.2324,75,3.2,Md,11,316.8,1.25853971,0.33,pr,pr16323009,2017-02-15T23:21:26.040Z,"141 km NNE of Cruz Bay, U.S. Virgin Islands",earthquake,6.1,11.9,0,6,reviewed,pr,pr
2016-11-18T02:19:31.670Z,-8.7562,110.6174,58.16,4.6,mb,,48,0.843,1.07,us,us100079sc,2017-02-15T23:21:26.040Z,"93 km SSE of Pundong, Indonesia",earthquake,7.2,5.2,0.095,33,reviewed,us,us
2016-11-18T02:07:53.250Z,33.9906667,-116.2838333,2.85,2.39,ml,76,32,0.1125,0.14,ci,ci37743456,2017-02-08T21:33:05.442Z,"16km S of Joshua Tree, CA",earthquake,0.1,0.32,0.121,115,reviewed,ci,ci
2016-11-18T02:02:44.400Z,19.596,-64.2291,9,2.7,Md,3,342,1.35735439,0.12,pr,pr16323008,2017-02-15T23:21:26.040Z,"152 km NNE of Cruz Bay, U.S. Virgin Islands",earthquake,7.9,11.3,0,3,reviewed,pr,pr
2016-11-18T01:48:20.460Z,20.0306667,-156.0371667,19.46,2.08,md,20,237,,0.15,hv,hv61485561,2020-07-06T21:01:03.870Z,"22 km WNW of Puako, Hawaii",earthquake,1.83,5.54,0.079,8,reviewed,hv,hv
2016-11-18T01:30:42.500Z,19.6065,-64.1897,18,2.5,Md,3,342,1.38160891,0.25,pr,pr16323007,2017-02-15T23:21:26.040Z,"154 km NNE of Cruz Bay, U.S. Virgin Islands",earthquake,9.8,19.9,0,3,reviewed,pr,pr
2016-11-18T01:20:45.700Z,18.6821,-66.913,62,3.1,Md,19,219.6,0.28476595,0.25,pr,pr16323001,2017-02-15T23:21:26.040Z,"23 km NNW of Camuy, Puerto Rico",earthquake,0.9,1.1,0,16,reviewed,pr,pr
2016-11-18T01:19:05.380Z,33.6533,130.1074,10,4.1,mb,,93,0.831,0.65,us,us100079rs,2017-02-15T23:21:26.040Z,"13 km NW of Maebaru-ch??, Japan",earthquake,3.8,2,0.261,4,reviewed,us,us
2016-11-18T01:16:45.200Z,18.2929,-65.8489,31,2,Md,3,284.4,0.02245788,0.02,pr,pr16323005,2016-11-18T05:55:26.575Z,"3 km NE of Benitez, Puerto Rico",earthquake,1.2,0.6,0,2,reviewed,pr,pr
2016-11-18T01:02:56.620Z,-3.4354,138.5433,73.63,4.3,mb,,187,6.305,1.24,us,us10007dl0,2017-02-15T23:21:26.040Z,"250 km WSW of Abepura, Indonesia",earthquake,7.3,11,0.177,9,reviewed,us,us
2016-11-18T00:49:13.800Z,36.5395,-98.9886,3.73,2.7,ml,,100,,0.71,us,us10007aav,2017-02-15T23:21:26.040Z,"10 km NNE of Quinlan, Oklahoma",earthquake,1.7,5.1,,,reviewed,tul,tul
2016-11-18T00:42:58.300Z,19.5177,-64.2646,13,2.6,Md,3,338.4,1.27381107,0.23,pr,pr16323002,2017-02-15T23:21:26.040Z,"142 km NNE of Cruz Bay, U.S. Virgin Islands",earthquake,12.1,17.3,0,3,reviewed,pr,pr
2016-11-18T00:41:35.800Z,19.4437,-64.1615,68,2.6,Md,3,342,1.24686161,0.28,pr,pr16323003,2017-02-15T23:21:26.040Z,"139 km NNE of Cruz Bay, U.S. Virgin Islands",earthquake,10.3,18.1,0,3,reviewed,pr,pr
2016-11-18T00:32:05.920Z,-3.4088,134.4682,22.03,4,mb,,177,2.268,0.6,us,us10007dkz,2017-02-15T23:21:26.040Z,"114 km W of Nabire, Indonesia",earthquake,7.4,8.7,0.184,8,reviewed,us,us
2016-11-18T00:28:55.490Z,52.8691,-163.9386,36.22,3,ml,,253,1.675,1.2,us,us10007by9,2023-08-03T20:02:14.957Z,"186 km SE of Akutan, Alaska",earthquake,5.4,27.7,0.148,6,reviewed,us,us
2016-11-18T00:23:48.070Z,14.1259,-91.2553,66.43,4.5,mwr,,163,0.582,0.84,us,us100079r5,2017-02-15T23:21:26.040Z,"9 km SSE of Nueva Concepción, Guatemala",earthquake,6.2,5.6,0.098,10,reviewed,us,us
2016-11-18T00:21:02.200Z,19.6709,-64.36,39,4.3,Md,19,302.4,1.38789711,0.37,pr,pr16323000,2017-02-15T23:21:25.040Z,"155 km NNE of Cruz Bay, U.S. Virgin Islands",earthquake,3.3,22.7,0,10,reviewed,pr,pr
2016-11-18T00:08:48.120Z,-41.662,174.3473,17.19,4.1,mwr,,75,0.132,1.05,us,us100079qu,2017-02-15T23:21:25.040Z,"36 km ESE of Blenheim, New Zealand",earthquake,1.8,4.5,0.053,34,reviewed,us,us
2016-11-17T23:42:17.390Z,-41.9299,174.0607,18.74,4,mwr,,105,0.214,1.22,us,us100079qg,2017-02-09T03:02:33.040Z,"46 km S of Blenheim, New Zealand",earthquake,1.4,3.5,0.054,33,reviewed,us,us
2016-11-17T23:39:25.670Z,-24.07,-67.0669,250.41,4,ml,,233,1.51,0.71,us,us100079qm,2017-02-09T03:02:33.040Z,"77 km WNW of San Antonio de los Cobres, Argentina",earthquake,8.1,12.7,,,reviewed,us,guc
2016-11-17T23:29:37.900Z,18.8575,-64.402,14,3,Md,6,309.6,0.6288207,0.23,pr,pr16322015,2017-02-09T03:02:33.040Z,"71 km NE of Cruz Bay, U.S. Virgin Islands",earthquake,8,16.6,0,5,reviewed,pr,pr
2016-11-17T22:48:02.907Z,62.0778,-150.5979,54.8,2.9,ml,,,,0.59,ak,ak016eswfkwy,2023-08-03T20:01:58.918Z,"32 km SW of Trapper Creek, Alaska",earthquake,,0.3,,,reviewed,ak,ak
2016-11-17T22:38:35.100Z,17.9822,-65.4186,16,2.4,Md,5,230.4,0.1706799,0.12,pr,pr16322014,2016-11-18T01:08:07.978Z,"Puerto Rico region",earthquake,1.1,1.1,0,4,reviewed,pr,pr
2016-11-17T22:15:00.420Z,-41.6643,174.2721,17.55,4.2,mb,,98,0.095,0.92,us,us100079ny,2017-02-09T03:02:33.040Z,"31 km ESE of Blenheim, New Zealand",earthquake,2.5,5.4,0.186,8,reviewed,us,us
2016-11-17T22:08:54.790Z,-27.9344,-66.4859,156.36,4.8,mb,,44,2.593,1.06,us,us100079nr,2017-02-09T03:02:33.040Z,"42 km SSW of Andalgalá, Argentina",earthquake,7.4,7.5,0.149,14,reviewed,us,us
2016-11-17T22:03:59.500Z,17.9482,-65.4059,13,2.3,Md,6,237.6,0.20301925,0.12,pr,pr16322010,2016-11-18T00:01:49.507Z,"17 km SSE of Esperanza, Puerto Rico",earthquake,0.9,0.6,0,4,reviewed,pr,pr
2016-11-17T21:54:53.980Z,34.806,25.7157,6.32,4.1,mb,,123,0.83,0.99,us,us100079nj,2017-02-09T03:02:33.040Z,"22 km S of Ierápetra, Greece",earthquake,6.1,6.3,0.13,16,reviewed,us,us
2016-11-17T21:45:56.570Z,32.6865,96.1511,10,5,mb,,28,5.231,0.63,us,us100079n7,2017-02-09T03:02:33.040Z,"198 km NNW of Qamdo, China",earthquake,7.4,1.8,0.042,179,reviewed,us,us
2016-11-17T21:27:01.490Z,-42.3182,174.0042,12.09,4.7,mwr,,103,0.358,0.65,us,us100079mp,2017-02-09T03:02:33.040Z,"89 km S of Blenheim, New Zealand",earthquake,2.4,4.1,0.055,32,reviewed,us,us
2016-11-17T21:06:36.520Z,-41.7461,174.0881,19.17,4.1,mb,,66,0.094,0.99,us,us100079ll,2017-02-09T03:02:33.040Z,"27 km SSE of Blenheim, New Zealand",earthquake,1.4,2.6,0.233,5,reviewed,us,us
2016-11-17T20:43:46.920Z,-42.8498,172.5539,10,4.2,mb,,60,0.219,0.7,us,us100079ku,2017-02-09T03:02:33.040Z,"36 km NNW of Amberley, New Zealand",earthquake,2.3,2,0.263,4,reviewed,us,us
2016-11-17T20:39:05.480Z,38.9111667,-124.0651667,5.05,2.35,md,21,245,0.4297,0.14,nc,nc72726680,2017-02-11T07:34:13.020Z,"32 km W of Point Arena, California",earthquake,0.58,0.77,0.139,26,reviewed,nc,nc
2016-11-17T20:28:38.210Z,19.3498333,-155.4653333,8.4,2.88,ml,52,41,,0.11,hv,hv61485186,2020-07-06T21:01:02.050Z,"16 km N of P?hala, Hawaii",earthquake,0.27,0.55,0.193,36,reviewed,hv,hv
2016-11-17T20:23:31.200Z,39.7607,20.7267,7.5,3.9,mb,,,,1.76,us,us100079kb,2017-02-09T03:02:33.040Z,"5 km N of Rodotópi, Greece",earthquake,3.6,2.4,0.514,1,reviewed,the,us
2016-11-17T20:20:18.500Z,36.0437,-97.2186,8.002,2.7,ml,,29,,0.29,us,us100079k7,2017-02-09T03:02:33.040Z,"9 km N of Coyle, Oklahoma",earthquake,1.1,2.5,,,reviewed,tul,tul
2016-11-17T19:59:47.310Z,-25.0811,179.92,517.5,4.4,mb,,132,11.147,0.47,us,us10007dkn,2017-02-09T03:02:33.040Z,"south of the Fiji Islands",earthquake,18.6,19.3,0.115,22,reviewed,us,us
2016-11-17T19:56:11.700Z,18.7607,-64.2202,31,2.6,Md,4,334.8,0.67463478,0.18,pr,pr16322012,2017-02-09T03:02:33.040Z,"76 km NE of Cruz Bay, U.S. Virgin Islands",earthquake,5.3,11.3,0,4,reviewed,pr,pr
2016-11-17T19:39:20.000Z,-26.317,-70.695,34.5,4.3,mwr,,,,1.04,us,us100079jb,2017-02-09T03:02:33.040Z,"64 km W of Diego de Almagro, Chile",earthquake,8,1.3,,,reviewed,guc,guc
2016-11-17T19:33:23.340Z,37.0906,71.0939,10,4.2,mb,,71,0.415,0.81,us,us100079j7,2017-02-09T03:02:33.040Z,"34 km NE of Jurm, Afghanistan",earthquake,2.6,1.9,0.16,11,reviewed,us,us
2016-11-17T19:28:28.500Z,19.065,-64.2368,44,2.3,Md,3,342,0.88843382,0.34,pr,pr16322011,2016-11-18T00:17:17.401Z,"100 km NE of Cruz Bay, U.S. Virgin Islands",earthquake,11,21.7,0,3,reviewed,pr,pr
2016-11-17T19:26:18.380Z,-41.7527,174.2913,17.72,4.3,mb,,135,0.058,0.67,us,us100079j1,2017-02-09T03:02:33.040Z,"38 km SE of Blenheim, New Zealand",earthquake,3,8.5,0.267,4,reviewed,us,us
2016-11-17T19:16:57.400Z,51.5237,-175.5064,62.62,2.6,ml,,202,0.666,0.59,us,us10007bzz,2023-08-03T20:01:19.576Z,"87 km ESE of Adak, Alaska",earthquake,17.7,52.1,,,reviewed,us,ak
2016-11-17T19:16:08.660Z,58.9469,165.4728,10,4.4,mb,,126,7.06,0.86,us,us10007dks,2017-02-09T03:02:33.040Z,"141 km ESE of Ossora, Russia",earthquake,10.3,1.9,0.103,27,reviewed,us,us
2016-11-17T19:10:23.970Z,-13.4959,166.7689,42.02,4.9,mb,,90,7.255,1.41,us,us100079jk,2017-02-09T03:02:33.040Z,"94 km WNW of Sola, Vanuatu",earthquake,9.4,7.3,0.096,34,reviewed,us,us
2016-11-17T19:10:07.880Z,-24.1953,-67.1646,169.27,4.5,mb,,104,1.548,1.22,us,us100079ik,2017-02-09T03:02:33.040Z,"85 km W of San Antonio de los Cobres, Argentina",earthquake,8.3,5.5,0.192,8,reviewed,us,us
2016-11-17T18:48:56.700Z,18.0748,-65.0251,8,2.3,Md,8,122.4,0.33686823,0.3,pr,pr16322009,2016-11-17T22:34:23.320Z,"31 km SSW of Charlotte Amalie, U.S. Virgin Islands",earthquake,0.9,1.8,0,4,reviewed,pr,pr
2016-11-17T18:44:11.330Z,-42.0581,173.8076,12.62,4.3,mb,,116,0.346,0.62,us,us100079i7,2017-02-09T03:02:33.040Z,"61 km SSW of Blenheim, New Zealand",earthquake,4.5,1.3,0.375,2,reviewed,us,us
2016-11-17T18:41:58.714Z,51.556,-178.0496,77.3,2.5,ml,,,,0.32,ak,ak016esu0gsf,2023-08-03T20:01:02.304Z,"104 km WSW of Adak, Alaska",earthquake,,1.2,,,reviewed,ak,ak
2016-11-17T18:39:27.780Z,-42.3534,174.0217,15.96,4.2,mb,,133,0.363,0.59,us,us100079i4,2017-02-09T03:02:33.040Z,"93 km S of Blenheim, New Zealand",earthquake,4.6,7.7,0.199,7,reviewed,us,us
2016-11-17T18:37:47.250Z,47.5575,-92.6084,0,2.7,mb_lg,,105,0.845,0.23,us,us10007cfw,2017-02-09T03:02:33.040Z,"3 km NNE of Mountain Iron, Minnesota",mining explosion,2.4,1.4,,,reviewed,us,ott
2016-11-17T18:30:43.000Z,-28.39,-70.474,82.3,4.3,ml,,,,1,us,us100079ht,2017-02-09T03:02:33.040Z,"34 km NE of Vallenar, Chile",earthquake,5.9,7.2,,,reviewed,guc,guc
2016-11-17T17:42:31.530Z,-42.7527,172.8819,18.03,4.2,mb,,95,0.242,0.62,us,us100079h3,2017-02-09T03:02:33.040Z,"46 km NNE of Amberley, New Zealand",earthquake,5.7,7.4,0.215,6,reviewed,us,us
2016-11-17T16:56:44.290Z,-6.2582,130.4786,112.15,5.5,mww,,17,1.896,1.06,us,us100079g9,2022-05-03T19:48:59.801Z,"261 km WSW of Tual, Indonesia",earthquake,5.3,3,,,reviewed,us,us
2016-11-17T16:46:07.530Z,-32.5884,-179.5613,22.06,4.4,mb,,251,5.261,0.51,us,us10007dkl,2017-02-09T03:02:33.040Z,"south of the Kermadec Islands",earthquake,11.5,10.3,0.202,9,reviewed,us,us
2016-11-17T15:25:56.500Z,-7.0937,129.3956,151.97,4.1,mb,,81,2.083,1.28,us,us10007dki,2017-02-09T03:02:33.040Z,"Kepulauan Babar, Indonesia",earthquake,7.3,5.6,0.174,9,reviewed,us,us
2016-11-17T15:20:55.230Z,36.0756667,-120.6448333,3.06,2.62,md,76,30,0.03964,0.09,nc,nc72726570,2017-02-11T07:32:35.280Z,"24 km ENE of San Ardo, California",earthquake,0.14,0.36,0.233,73,reviewed,nc,nc
2016-11-17T15:11:51.700Z,18.5431,-67.658,19,2.2,Md,3,324,0.23086703,0,pr,pr16322007,2016-11-17T20:18:22.715Z,"48 km WNW of Rincón, Puerto Rico",earthquake,1.2,0.3,0,2,reviewed,pr,pr
2016-11-17T15:05:14.330Z,83.938,-0.3622,17.82,4.4,mb,,103,5.353,1.09,us,us10007dkh,2017-02-09T03:02:33.040Z,"north of Svalbard",earthquake,11,5.3,0.088,37,reviewed,us,us
2016-11-17T14:29:22.420Z,-55.8273,-27.2939,35,5.1,mb,,61,5.506,0.87,us,us100079eu,2022-05-03T19:48:54.206Z,"South Sandwich Islands region",earthquake,4.5,1.9,0.071,65,reviewed,us,us
2016-11-17T14:07:56.440Z,0.6032,128.9692,71.22,4.4,mb,,153,1.611,1.16,us,us100079dz,2017-02-09T03:02:33.040Z,"157 km E of Sofifi, Indonesia",earthquake,11.4,9.1,0.138,15,reviewed,us,us
2016-11-17T14:01:06.480Z,54.676,-159.8293,12.8,3,ml,,,,1.79,us,us10007bzw,2023-08-03T20:00:12.269Z,"85 km SSE of Sand Point, Alaska",earthquake,5.1,8,0.115,10,reviewed,ak,us
2016-11-17T13:40:46.100Z,18.2597,-64.924,32,2.2,Md,6,190.8,0.09522142,0.23,pr,pr16322006,2016-11-17T16:17:36.007Z,"9 km S of Charlotte Amalie, U.S. Virgin Islands",earthquake,6.8,3.4,0,5,reviewed,pr,pr
2016-11-17T13:32:36.630Z,19.7615,-155.8878333,29.35,2.17,md,26,207,,0.11,hv,hv61484801,2020-07-06T21:01:03.590Z,"10 km ENE of Kalaoa, Hawaii",earthquake,0.87,1.5,0.154,13,reviewed,hv,hv
2016-11-17T13:28:49.771Z,61.6981,-150.638,62,2.5,ml,,,,0.7,ak,ak016esqyhrl,2023-08-03T20:00:07.440Z,"18 km NNW of Susitna, Alaska",earthquake,,0.3,,,reviewed,ak,ak
2016-11-17T12:35:44.220Z,50.6171,-179.3569,27.51,3.9,mb,,250,1.139,0.7,us,us10007bzv,2023-08-03T19:59:37.468Z,"235 km SW of Adak, Alaska",earthquake,13.1,21.8,0.125,17,reviewed,us,us
2016-11-17T12:16:49.200Z,36.7186,-98.3972,4.792,2.5,ml,,66,,0.46,us,us100079cx,2017-02-09T03:02:32.040Z,"4 km NNE of Lambert, Oklahoma",earthquake,1.7,6.9,,,reviewed,tul,tul
2016-11-17T12:09:16.900Z,-9.8653,-79.5511,35.94,4.4,mb,,200,2.944,1.09,us,us100079d6,2017-02-09T03:02:32.040Z,"135 km WSW of Puerto Casma, Peru",earthquake,10.5,13.3,0.219,8,reviewed,us,us
2016-11-17T11:00:20.460Z,53.4123,-163.5397,28.4,3.3,ml,,,,0.51,us,us10007bzt,2023-08-03T19:59:07.438Z,"160 km S of False Pass, Alaska",earthquake,7.1,9,0.128,8,reviewed,ak,us
2016-11-17T10:57:46.480Z,19.996,-155.7721667,36.345,2.18,ml,13,162,,0.1,hv,hv61484746,2020-07-06T21:01:03.130Z,"6 km NNE of Waikoloa, Hawaii",earthquake,0.95,0.92,0.312,4,reviewed,hv,hv
2016-11-17T10:53:23.460Z,26.0848,125.5929,131.81,4.8,mb,,139,2.515,0.85,us,us100079ce,2017-02-09T03:02:32.040Z,"144 km NNE of Hirara, Japan",earthquake,10.3,9.9,0.061,84,reviewed,us,us
2016-11-17T10:47:34.600Z,17.899,-65.6386,11,2.2,Md,4,266.4,0.21290072,0.2,pr,pr16322005,2016-11-17T13:13:15.310Z,"27 km SE of El Negro, Puerto Rico",earthquake,1.3,1.4,0,4,reviewed,pr,pr
2016-11-17T10:27:16.053Z,51.451,-176.0325,25.6,3,ml,,,,0.3,ak,ak016esp5wmt,2023-08-03T19:58:54.770Z,"62 km SE of Adak, Alaska",earthquake,,2.7,,,reviewed,ak,ak
2016-11-17T10:11:52.110Z,-41.7648,174.3383,10,4.2,mb,,161,0.447,1.13,us,us10007dkv,2017-02-09T03:02:32.040Z,"42 km SE of Blenheim, New Zealand",earthquake,2,2,0.263,4,reviewed,us,us
2016-11-17T10:05:12.137Z,60.0792,-153.084,117.9,2.9,ml,,,,0.59,ak,ak016esp16kt,2023-08-03T19:58:52.767Z,"65 km ENE of Pedro Bay, Alaska",earthquake,,0.3,,,reviewed,ak,ak
2016-11-17T09:53:58.850Z,14.9719,-61.2075,160.02,4.5,mb,,61,0.135,0.64,us,us100079c0,2017-02-09T03:02:32.040Z,"15 km NW of Basse-Pointe, Martinique",earthquake,6.3,6.4,0.204,7,reviewed,us,us
2016-11-17T09:47:50.277Z,60.0817,-147.3437,5.1,2.2,ml,,,,0.54,ak,ak016esootzn,2019-05-14T15:02:28.805Z,"37 km E of Chenega, Alaska",earthquake,,0.6,,,reviewed,ak,ak
2016-11-17T09:47:09.860Z,62.9949,-151.1295,128.8,2.3,ml,,,,0.42,ak,ak016esooqve,2023-08-03T19:58:50.447Z,"58 km NNW of Petersville, Alaska",earthquake,,0.3,,,reviewed,ak,ak
2016-11-17T09:21:59.120Z,-41.855,174.0691,19.37,4.2,mb,,136,0.151,0.66,us,us100079bm,2017-02-09T03:02:32.040Z,"38 km SSE of Blenheim, New Zealand",earthquake,3.6,8.7,0.265,4,reviewed,us,us
2016-11-17T09:04:42.510Z,19.3741666666667,-155.222666666667,2.22,2.12,md,17,119,,0.09,hv,hv61484676,2021-10-28T19:25:40.850Z,"7 km S of Volcano, Hawaii",earthquake,0.33,0.24,0.0297099790792368,5,reviewed,hv,hv
2016-11-17T08:54:00.780Z,-4.6569,147.8449,120.23,4.3,mb,,163,4.33,0.46,us,us10007dkf,2017-02-09T03:02:32.040Z,"210 km N of Finschhafen, Papua New Guinea",earthquake,6.1,10.6,0.142,14,reviewed,us,us
2016-11-17T08:52:55.086Z,60.1646,-153.3831,146,2.2,ml,,,,0.47,ak,ak016eso4hc4,2023-08-03T19:58:20.720Z,"51 km E of Port Alsworth, Alaska",earthquake,,0.5,,,reviewed,ak,ak
2016-11-17T08:43:08.930Z,-43.9753,-78.1764,10,4.3,mb,,213,3.391,0.7,us,us100079ad,2017-02-09T03:02:32.040Z,"Off the coast of Los Lagos, Chile",earthquake,12.7,2,0.178,9,reviewed,us,us
2016-11-17T08:37:27.442Z,54.5531,-162.2448,25.5,2,ml,,,,0.35,ak,ak016eso17go,2023-08-03T19:58:08.635Z,"56 km S of King Cove, Alaska",earthquake,,2.9,,,reviewed,ak,ak
2016-11-17T08:22:44.990Z,7.6897,-82.3867,10,4.6,mb,,134,1.001,0.65,us,us100079a7,2017-02-09T03:02:32.040Z,"61 km SSW of Boca Chica, Panama",earthquake,3.6,1.9,0.122,20,reviewed,us,us
2016-11-17T08:21:10.070Z,-56.3965,-26.9769,25.82,4.4,mb,,69,5.825,0.66,us,us10007dkx,2017-02-09T03:02:32.040Z,"South Sandwich Islands region",earthquake,12.1,6.5,0.117,21,reviewed,us,us
2016-11-17T08:17:45.400Z,19.3005,-65.942,61,3.1,Md,8,266.4,1.16870818,0.31,pr,pr16322003,2017-02-09T03:02:32.040Z,"93 km N of San Juan, Puerto Rico",earthquake,5.1,12.3,0,6,reviewed,pr,pr
2016-11-17T08:12:11.200Z,18.544,-64.1495,8,2.5,Md,4,352.8,0.45993743,0.23,pr,pr16322002,2017-02-09T03:02:32.040Z,"72 km ENE of Cruz Bay, U.S. Virgin Islands",earthquake,8.7,1.8,0,4,reviewed,pr,pr
2016-11-17T08:10:06.668Z,53.1845,-165.7751,17,2.2,ml,,,,0.34,ak,ak016esnvdiy,2023-08-03T19:57:50.773Z,"91 km SSE of Unalaska, Alaska",earthquake,,0.5,,,reviewed,ak,ak
2016-11-17T07:51:30.475Z,62.1493,-150.4329,56.4,2.2,ml,,,,0.55,ak,ak016esnis47,2023-08-03T19:57:47.795Z,"21 km SSW of Trapper Creek, Alaska",earthquake,,0.3,,,reviewed,ak,ak
2016-11-17T07:26:24.557Z,63.8481,-148.9236,112.5,3.8,ml,,,,0.61,ak,ak016esnderb,2023-08-03T19:57:31.551Z,"2 km ESE of Healy, Alaska",earthquake,,0.2,,,reviewed,ak,ak
2016-11-17T07:26:10.100Z,-14.8624,-75.6564,62.3,4.3,mb,,170,3.081,0.79,us,us10007ln7,2017-02-09T03:02:32.040Z,"51 km WSW of Changuillo, Peru",earthquake,6.4,29.4,0.376,2,reviewed,us,us
2016-11-17T06:46:49.940Z,44.3496667,-110.6628333,5.96,2.17,ml,18,62,0.07696,0.11,uu,uu60170947,2016-11-17T19:17:35.300Z,"49 km SE of West Yellowstone, Montana",earthquake,0.36,0.89,0.227,5,reviewed,uu,uu
2016-11-17T06:29:55.150Z,35.2305,-118.636,2.71,2.59,ml,48,30,0.04321,0.15,ci,ci37743128,2017-02-08T19:59:21.616Z,"18km E of Arvin, CA",earthquake,0.13,0.31,0.157,90,reviewed,ci,ci
2016-11-17T06:23:40.699Z,53.2368,-167.7945,67.1,2,ml,,,,0.54,ak,ak016esmrd91,2023-08-03T19:57:15.556Z,"78 km ENE of Nikolski, Alaska",earthquake,,1.2,,,reviewed,ak,ak
2016-11-17T06:15:31.600Z,-3.2801,146.5797,10.61,4.7,mb,,75,1.458,0.74,us,us10007997,2017-02-09T03:02:32.040Z,"157 km SSW of Lorengau, Papua New Guinea",earthquake,4.8,5,0.101,30,reviewed,us,us
2016-11-17T06:01:09.760Z,-42.3312,173.7879,22.26,4.2,mb,,155,0.619,0.54,us,us10007993,2017-02-09T03:02:32.040Z,"91 km S of Blenheim, New Zealand",earthquake,2.6,11,0.303,3,reviewed,us,us
2016-11-17T05:55:09.990Z,-39.5839,174.7442,122.59,4,mb,,61,1.073,1.11,us,us10007dkc,2017-02-09T03:02:32.040Z,"29 km NE of Patea, New Zealand",earthquake,3.5,10.2,0.212,6,reviewed,us,us
2016-11-17T05:22:50.677Z,60.3994,-147.7731,3.9,2.1,ml,,,,0.67,ak,ak016esm5qp7,2023-08-03T19:56:53.484Z,"39 km NNE of Chenega, Alaska",earthquake,,0.4,,,reviewed,ak,ak
2016-11-17T05:08:56.100Z,19.5361,-65.4107,71,2.7,Md,3,313.2,1.22709868,0.23,pr,pr16322001,2017-02-09T03:02:32.040Z,"130 km NNE of Vieques, Puerto Rico",earthquake,7.1,16.6,0,3,reviewed,pr,pr
2016-11-17T04:49:42.610Z,2.7441,128.5547,29.76,4.6,mb,,139,2.29,0.95,us,us10007dka,2017-02-09T03:02:32.040Z,"127 km NNE of Tobelo, Indonesia",earthquake,8.9,8.1,0.164,11,reviewed,us,us
2016-11-17T04:42:14.460Z,-58.5818,-62.4604,10,4.6,mb,,120,4.122,0.96,us,us1000798k,2017-02-09T03:02:32.040Z,"Drake Passage",earthquake,8.2,1.9,0.103,28,reviewed,us,us
2016-11-17T04:34:06.700Z,19.1186,-64.7604,43,2.4,Md,4,306,0.7815343,0.18,pr,pr16322000,2016-11-17T06:40:48.621Z,"87 km N of Cruz Bay, U.S. Virgin Islands",earthquake,4.1,11.6,0,3,reviewed,pr,pr
2016-11-17T04:22:47.690Z,25.7955,99.9766,10,4.5,mb,,158,4.503,1,us,us1000798q,2017-02-09T03:02:32.040Z,"33 km NW of Dali, China",earthquake,9.4,1.9,0.15,13,reviewed,us,us
2016-11-17T04:10:35.060Z,25.5932,99.8455,31.85,4.1,mb,,195,4.294,0.78,us,us10007dk9,2017-02-09T03:02:32.040Z,"36 km W of Dali, China",earthquake,15.8,8.1,0.261,4,reviewed,us,us
2016-11-17T04:04:04.860Z,-41.8398,174.4626,10,4.4,mwr,,114,0.207,0.81,us,us10007980,2017-02-09T03:02:32.040Z,"55 km SE of Blenheim, New Zealand",earthquake,3.3,1.9,0.049,40,reviewed,us,us
2016-11-17T03:53:51.670Z,21.2178,120.1539,29.77,4.6,mb,,109,1.809,0.47,us,us1000797z,2017-02-09T03:02:32.040Z,"106 km SW of Hengchun, Taiwan",earthquake,8.7,6.3,0.116,22,reviewed,us,us
2016-11-17T03:43:20.000Z,32.708,47.753,10,4.3,mb,,,,0.78,us,us1000797y,2017-02-09T03:02:32.040Z,"44 km SE of ?bd?n?n, Iran",earthquake,9.2,5.7,0.102,27,reviewed,teh,us
2016-11-17T03:39:16.528Z,66.7192,-135.8602,16.4,2.2,ml,,,,0.5,ak,ak016esl2g10,2023-08-03T19:56:08.565Z,"90 km SSW of Fort McPherson, Canada",earthquake,,0.5,,,reviewed,ak,ak
2016-11-17T03:35:56.188Z,61.6088,-159.8792,20,2.2,ml,,,,0.77,ak,ak016esl1o82,2023-08-03T19:56:01.012Z,"19 km W of Aniak, Alaska",earthquake,,2.1,,,reviewed,ak,ak
2016-11-17T03:09:26.892Z,59.682,-152.9678,97.6,2.5,ml,,,,0.47,ak,ak016eskw1ch,2023-08-03T19:55:44.204Z,"64 km W of Anchor Point, Alaska",earthquake,,0.3,,,reviewed,ak,ak
2016-11-17T02:46:11.238Z,59.7946,-151.4564,52.2,2,ml,,,,0.5,ak,ak016eskii0z,2023-08-03T19:55:20.416Z,"8 km ESE of Nikolaevsk, Alaska",earthquake,,0.3,,,reviewed,ak,ak
2016-11-17T02:43:56.290Z,-20.503,168.1845,6.08,4.5,mb,,267,0.925,0.66,us,us10007dke,2017-02-09T03:02:32.040Z,"106 km ENE of Wé, New Caledonia",earthquake,2,8.8,0.22,6,reviewed,us,us
2016-11-17T02:25:07.210Z,-52.1671,139.1702,10,4.6,mb,,141,15.257,0.39,us,us10007dk5,2017-02-09T03:02:32.040Z,"west of Macquarie Island",earthquake,11.8,1.9,0.141,15,reviewed,us,us
2016-11-17T02:20:45.580Z,-44.8759,167.6076,120.43,4.5,mb,,101,0.609,0.59,us,us10007960,2017-02-09T03:02:32.040Z,"60 km N of Te Anau, New Zealand",earthquake,9.8,9.2,0.15,13,reviewed,us,us
2016-11-17T02:13:59.210Z,48.9777,85.8073,15.03,4.1,mb,,120,3.221,0.88,us,us1000795z,2017-02-09T03:02:32.040Z,"139 km SE of Zyryanovsk, Kazakhstan",earthquake,8.7,7.1,0.214,6,reviewed,us,us
2016-11-17T01:44:05.769Z,53.804,-164.51,49.6,2.3,ml,,,,0.39,ak,ak016esjwmkg,2023-08-03T19:54:53.964Z,"90 km ESE of Akutan, Alaska",earthquake,,4.7,,,reviewed,ak,ak
2016-11-17T01:43:14.208Z,55.3698,-161.2082,90.6,2.2,ml,,,,0.52,ak,ak016esjwfi4,2023-08-03T19:54:46.459Z,"45 km W of Sand Point, Alaska",earthquake,,0.9,,,reviewed,ak,ak
2016-11-17T01:32:34.330Z,37.361,-122.4488333,10.66,2.02,md,26,220,0.08829,0.09,nc,nc72726400,2017-02-11T07:29:35.580Z,"11 km S of Half Moon Bay, California",earthquake,0.69,0.64,0.125,24,reviewed,nc,nc
2016-11-17T01:18:29.494Z,55.3456,-155.3388,34.6,3.4,ml,,,,0.64,ak,ak016esjr3s5,2023-08-03T19:54:36.725Z,"192 km SSW of Akhiok, Alaska",earthquake,,0.8,,,reviewed,ak,ak
2016-11-17T00:58:12.240Z,8.948,126.3539,65.79,4.9,mb,,117,2.017,0.76,us,us1000795d,2017-02-09T03:02:32.040Z,"7 km ENE of Bacolod, Philippines",earthquake,9.3,6.9,0.058,92,reviewed,us,us
2016-11-17T00:42:25.450Z,-31.099,-67.5292,10,4.3,mb,,73,2.479,1.21,us,us10007954,2017-02-09T03:02:32.040Z,"51 km S of San Agustín de Valle Fértil, Argentina",earthquake,3.6,1.9,0.266,4,reviewed,us,us
2016-11-17T00:35:54.171Z,59.823,-152.9816,99.8,2.1,ml,,,,0.45,ak,ak016esj9d95,2023-08-03T19:54:28.833Z,"63 km E of Pedro Bay, Alaska",earthquake,,0.2,,,reviewed,ak,ak
2016-11-17T00:31:46.320Z,39.661,-123.6308333,-0.71,2.18,md,29,82,0.04505,0.16,nc,nc72726340,2017-02-11T07:28:45.550Z,"13 km WSW of Laytonville, California",earthquake,0.25,0.91,0.118,22,reviewed,nc,nc
2016-11-17T00:24:04.530Z,-32.8657,-69.1676,10,3.9,mb,,116,1.06,1.15,us,us1000794w,2017-02-09T03:02:32.040Z,"31 km W of Mendoza, Argentina",earthquake,4.4,1.9,0.257,4,reviewed,us,us
2016-11-16T23:39:41.000Z,-41.8134,174.3361,16.57,4.3,mwr,,109,0.111,0.92,us,us10007944,2017-02-09T03:02:32.040Z,"45 km SE of Blenheim, New Zealand",earthquake,3.7,1.9,0.054,33,reviewed,us,us
2016-11-16T23:23:25.661Z,57.1757,-155.5638,66.6,2,ml,,,,0.4,ak,ak016er9ccvq,2023-08-03T19:54:03.952Z,"",earthquake,,0.6,,,reviewed,ak,ak
2016-11-16T23:13:36.590Z,-42.3416,173.8727,16.43,4.5,mwr,,82,0.626,0.71,us,us1000793t,2017-02-09T03:02:32.040Z,"91 km S of Blenheim, New Zealand",earthquake,3.6,3.6,0.057,30,reviewed,us,us
2016-11-16T22:59:24.610Z,28.0012,76.7017,10,4.4,mb,,98,6.357,0.7,us,us1000793m,2017-02-09T03:02:32.040Z,"14 km SE of B?wal, India",earthquake,10.5,1.9,0.089,36,reviewed,us,us
2016-11-16T22:41:55.600Z,36.9341,-98.0366,5.991,2.5,ml,,93,,0.2,us,us1000793a,2017-02-09T03:02:32.040Z,"6 km S of Manchester, Oklahoma",earthquake,1.1,1.9,,,reviewed,tul,tul
2016-11-16T22:33:44.850Z,-24.4535,-64.1911,10,4.3,mb,,42,4.703,0.93,us,us10007936,2017-02-09T03:02:32.040Z,"19 km W of Apolinario Saravia, Argentina",earthquake,7.8,1.9,0.189,8,reviewed,us,us
2016-11-16T21:58:05.600Z,18.4839,-64.818,40,2.6,Md,5,273.6,0.15810349,0.1,pr,pr16321006,2017-02-09T03:02:32.040Z,"17 km N of Cruz Bay, U.S. Virgin Islands",earthquake,2.8,1,0,4,reviewed,pr,pr
2016-11-16T21:45:11.820Z,39.6504,-98.5941,5,2.7,mb_lg,,73,1.219,0.82,us,us10007928,2017-02-16T22:21:36.519Z,"12 km NE of Portis, Kansas",earthquake,3.8,1.8,0.069,55,reviewed,us,us
2016-11-16T21:40:16.444Z,65.4181,-144.6655,5.5,2.6,ml,,,,0.62,ak,ak016er8944s,2023-08-03T19:53:38.412Z,"18 km SSE of Central, Alaska",earthquake,,0.2,,,reviewed,ak,ak
2016-11-16T21:29:45.213Z,61.7935,-151.9567,101.7,2.9,ml,,,,0.53,ak,ak016er86th5,2023-08-03T19:53:28.184Z,"36 km SW of Skwentna, Alaska",earthquake,,0.2,,,reviewed,ak,ak
2016-11-16T21:23:01.440Z,56.2011,-161.6696,219.01,3,ml,,176,1.087,0.44,us,us10007bk4,2023-08-03T19:53:19.552Z,"36 km NW of Nelson Lagoon, Alaska",earthquake,9.3,11.5,,,reviewed,us,ak
2016-11-16T21:18:12.510Z,36.6351667,-117.8605,-0.06,2.07,ml,20,78,0.09645,0.22,ci,ci37742800,2018-07-02T18:06:56.429Z,"20km ENE of Lone Pine, CA",earthquake,0.36,0.69,0.11,19,reviewed,ci,ci
2016-11-16T21:12:31.000Z,18.4088,-66.236,128,3,Md,8,187.2,0.38537726,0.14,pr,pr16321007,2017-02-09T03:02:31.040Z,"1 km S of Campanilla, Puerto Rico",earthquake,2.5,0.9,0,8,reviewed,pr,pr
2016-11-16T21:05:00.880Z,-41.7317,174.1706,17.47,4.6,mwr,,39,0.036,0.72,us,us1000790z,2017-02-09T03:02:31.040Z,"30 km SE of Blenheim, New Zealand",earthquake,3.6,4.5,0.058,29,reviewed,us,us
2016-11-16T20:47:34.310Z,-7.0094,102.8066,10,4.4,mb,,215,2.635,1.04,us,us10007djr,2017-02-09T03:02:31.040Z,"southwest of Sumatra, Indonesia",earthquake,13.9,1.9,0.161,11,reviewed,us,us
2016-11-16T20:44:27.450Z,-24.0969,-66.7671,197.53,4.5,mb,,49,1.725,0.97,us,us1000790k,2017-02-09T03:02:31.040Z,"47 km WNW of San Antonio de los Cobres, Argentina",earthquake,5.4,8.1,0.121,20,reviewed,us,us
2016-11-16T20:35:02.000Z,18.8621,-65.2423,49,2.1,Md,3,295.2,0.5524639,0.05,pr,pr16321008,2016-11-17T17:36:05.301Z,"62 km N of Culebra, Puerto Rico",earthquake,2.6,4,0,3,reviewed,pr,pr
2016-11-16T20:26:14.490Z,-22.095,-177.5663,296.01,5.3,mww,,30,5.975,1.06,us,us100078zy,2017-02-09T03:02:31.040Z,"265 km WSW of Haveluloto, Tonga",earthquake,10.1,4.7,,,reviewed,us,us
2016-11-16T19:30:59.680Z,-55.2266,-30.862,10,4.4,mb,,199,3.394,0.38,us,us10007dju,2017-02-09T03:02:31.040Z,"South Sandwich Islands region",earthquake,12.6,2,0.178,9,reviewed,us,us
2016-11-16T19:13:41.500Z,-42.6189,173.3347,10,4,mb,,128,0.412,0.88,us,us100078yq,2017-02-09T03:02:31.040Z,"77 km NE of Amberley, New Zealand",earthquake,5.8,2,0.233,5,reviewed,us,us
2016-11-16T18:55:42.799Z,63.3262,-145.4076,4.8,2.2,ml,,,,0.37,ak,ak016er6k33b,2023-08-03T19:52:41.420Z,"28 km NNE of Paxson, Alaska",earthquake,,0.3,,,reviewed,ak,ak
2016-11-16T18:55:29.888Z,63.329,-145.3121,1.2,2.2,ml,,,,0.42,ak,ak016er6k23g,2023-08-03T19:52:33.412Z,"30 km NNE of Paxson, Alaska",earthquake,,0.2,,,reviewed,ak,ak
2016-11-16T18:41:47.927Z,61.5751,-149.5943,28.2,2.1,ml,,,,0.38,ak,ak016er6h3go,2023-08-03T19:52:29.641Z,"5 km S of Meadow Lakes, Alaska",earthquake,,0.2,,,reviewed,ak,ak
2016-11-16T18:33:20.000Z,-20.777,-69.167,108.8,4.4,mb,,,,0.56,us,us100078y7,2017-02-09T03:02:31.040Z,"120 km ESE of Iquique, Chile",earthquake,7.4,5.1,0.31,3,reviewed,guc,us
2016-11-16T18:27:09.988Z,59.9528,-152.6144,97.2,2.1,ml,,,,0.47,ak,ak016er6e0ie,2023-08-03T19:52:22.550Z,"48 km WNW of Anchor Point, Alaska",earthquake,,0.1,,,reviewed,ak,ak
2016-11-16T18:14:46.650Z,-8.766,110.6338,82.58,4.2,mb,,157,0.855,0.8,us,us10007djq,2017-02-09T03:02:31.040Z,"95 km SSE of Pundong, Indonesia",earthquake,7.3,8.6,0.136,15,reviewed,us,us
2016-11-16T18:09:33.570Z,-9.2572,110.3729,48.44,4.2,mb,,146,1.344,0.79,us,us10007djp,2017-02-09T03:02:31.040Z,"144 km S of Pundong, Indonesia",earthquake,8.7,11.9,0.176,9,reviewed,us,us
2016-11-16T17:58:47.090Z,39.6432,-98.4685,5,3.4,mb_lg,,66,1.233,1.21,us,us100078xh,2017-02-09T03:02:31.040Z,"14 km NNW of Cawker City, Kansas",earthquake,1.8,2,0.047,119,reviewed,us,us
2016-11-16T17:49:30.540Z,38.7913333,-122.7665,2.38,2.38,md,60,44,0.01712,0.06,nc,nc72726190,2017-02-11T07:26:58.410Z,"5 km SW of Cobb, California",earthquake,0.12,0.2,0.264,41,reviewed,nc,nc
2016-11-16T17:48:43.410Z,52.0207,179.6738,156.95,3,ml,,186,0.682,0.8,us,us10007bjz,2023-08-03T19:52:14.642Z,"254 km W of Adak, Alaska",earthquake,14.7,15.4,,,reviewed,us,ak
2016-11-16T17:48:01.370Z,13.9758,-93.2099,10,4.6,mb,,139,1.302,1.13,us,us100078xc,2017-02-09T03:02:31.040Z,"118 km SW of Puerto Madero, Mexico",earthquake,5.7,1.9,0.039,196,reviewed,us,us
2016-11-16T17:24:12.000Z,18.152,-67.1999,22,2.1,Md,8,162,0.11049278,0.23,pr,pr16321005,2016-11-16T19:48:24.975Z,"7 km W of Hormigueros, Puerto Rico",earthquake,0.8,1.4,0,6,reviewed,pr,pr
2016-11-16T17:13:02.690Z,53.4843,-163.3089,27.66,2.6,ml,,206,1.376,0.62,us,us10007bjy,2023-08-03T19:52:12.200Z,"152 km S of False Pass, Alaska",earthquake,4.2,16.8,,,reviewed,us,ak
2016-11-16T17:09:53.973Z,51.6039,-175.7716,40.5,2.6,ml,,,,0.29,ak,ak016er5otet,2023-08-03T19:52:09.197Z,"66 km ESE of Adak, Alaska",earthquake,,0.5,,,reviewed,ak,ak
2016-11-16T17:08:22.620Z,-41.9689,174.0678,10,4.4,mb,,114,0.291,0.85,us,us100078wv,2017-02-09T03:02:31.040Z,"51 km S of Blenheim, New Zealand",earthquake,2,1.9,0.178,9,reviewed,us,us
2016-11-16T17:06:30.050Z,-42.6984,172.7612,10,4.1,mb,,79,0.335,0.67,us,us100078wu,2017-02-09T03:02:31.040Z,"50 km N of Amberley, New Zealand",earthquake,1.3,2,0.301,3,reviewed,us,us
2016-11-16T16:48:13.035Z,63.207,-150.6128,116.4,2,ml,,,,0.46,ak,ak016er5bnkn,2023-08-03T19:51:59.596Z,"66 km SE of Denali National Park, Alaska",earthquake,,0.2,,,reviewed,ak,ak
2016-11-16T16:01:57.000Z,35.595,140.1656,62.93,4.2,mwr,,117,1.85,1.07,us,usa0014cs4,2017-02-09T03:02:31.040Z,"4 km E of Chiba, Japan",earthquake,6.8,6.6,0.086,13,reviewed,us,us
2016-11-16T15:51:52.900Z,-24.1074,-67.2258,227.11,3.8,mb,,38,1.444,0.54,us,usa0014crx,2017-02-09T03:02:31.040Z,"92 km W of San Antonio de los Cobres, Argentina",earthquake,10.8,12.6,0.293,3,reviewed,us,us
2016-11-16T15:38:29.229Z,53.2322,-164.3372,53.3,2.2,ml,,,,0.33,ak,ak016er4o422,2023-08-03T19:51:44.316Z,"138 km SE of Akutan, Alaska",earthquake,,10.4,,,reviewed,ak,ak
2016-11-16T15:10:11.020Z,-9.0027,113.2445,85,5.7,mww,,33,1.041,1.08,us,us100078vh,2022-05-03T19:48:51.410Z,"80 km S of Kencong, Indonesia",earthquake,6.7,1.8,,,reviewed,us,us
2016-11-16T15:08:45.670Z,-6.0076,151.1387,49.4,4.2,mb,,151,1.906,0.77,us,us10007dji,2017-02-09T03:02:31.040Z,"121 km ESE of Kimbe, Papua New Guinea",earthquake,9.2,12.5,0.128,17,reviewed,us,us
2016-11-16T15:08:27.769Z,59.3954,-152.6033,65.7,2,ml,,,,0.45,ak,ak016er4hogo,2023-08-03T19:51:28.260Z,"39 km W of Nanwalek, Alaska",earthquake,,0.2,,,reviewed,ak,ak
2016-11-16T15:03:49.010Z,-42.5321,173.4737,12.6,4.6,mwr,,76,0.125,1.08,us,usa0014cr8,2017-02-09T03:02:31.040Z,"92 km NE of Amberley, New Zealand",earthquake,4.9,3.6,0.056,31,reviewed,us,us
2016-11-16T14:51:20.810Z,-20.298,-68.8232,113.37,4.2,mb,,108,0.347,0.72,us,us100078v8,2017-02-09T03:02:31.040Z,"138 km E of Iquique, Chile",earthquake,4.6,9.8,0.305,3,reviewed,us,us
2016-11-16T14:47:19.880Z,29.1591,130.5694,10.77,4.4,mb,,135,2.344,0.41,us,us10007djh,2017-02-09T03:02:31.040Z,"119 km S of Koshima, Japan",earthquake,6.8,5.5,0.17,10,reviewed,us,us
2016-11-16T14:25:35.140Z,59.6131,-137.6481,1.52,4.6,mwr,,,,0.59,us,us100078uz,2023-08-03T19:51:18.668Z,"88 km W of Mosquito Lake, Alaska",earthquake,3.1,4.2,,,reviewed,pgc,pgc
2016-11-16T14:09:17.880Z,29.21,130.552,10,4.6,mb,,78,2.293,0.75,us,us100078uu,2017-02-09T03:02:31.040Z,"113 km S of Koshima, Japan",earthquake,4.2,1.9,0.11,25,reviewed,us,us
2016-11-16T13:51:56.650Z,29.1322,130.5467,19.68,4.6,mb,,58,2.37,0.78,us,us100078uq,2017-02-09T03:02:31.040Z,"122 km S of Koshima, Japan",earthquake,6.9,5.1,0.111,24,reviewed,us,us
2016-11-16T12:19:42.920Z,-42.6807,171.7269,11.43,4.1,mwr,,53,0.213,0.65,us,us100078uc,2017-02-09T03:02:31.040Z,"49 km ESE of Greymouth, New Zealand",earthquake,3.3,6.1,0.05,39,reviewed,us,us
2016-11-16T11:50:55.790Z,-15.2341,167.5715,110.23,4.6,mb,,154,5.521,0.74,us,us100078ua,2017-02-09T03:02:31.040Z,"54 km NE of Luganville, Vanuatu",earthquake,10.3,6,0.098,31,reviewed,us,us
2016-11-16T11:46:50.300Z,36.5996667,-121.2008333,2.4,2.25,md,54,59,0.02613,0.08,nc,nc72726090,2017-02-11T07:25:14.530Z,"22 km NNE of Soledad, California",earthquake,0.13,0.32,0.168,64,reviewed,nc,nc
2016-11-16T10:57:14.500Z,51.8053,178.6234,110.6,3,ml,,,,1.82,us,us10007bji,2023-08-03T19:50:13.245Z,"Rat Islands, Aleutian Islands, Alaska",earthquake,11.1,9.2,,,reviewed,ak,ak
2016-11-16T10:47:55.220Z,-32.3346,-178.6576,54.24,4.5,mb,,168,3.142,0.37,us,us10007djc,2017-02-09T03:02:31.040Z,"south of the Kermadec Islands",earthquake,6.8,10.9,0.145,14,reviewed,us,us
2016-11-16T10:29:26.850Z,19.9625,-155.6846667,7.13,2.16,md,9,153,,0.12,hv,hv61483421,2020-07-06T20:59:45.810Z,"6 km S of Waimea, Hawaii",earthquake,1.13,1.73,0.108,2,reviewed,hv,hv
2016-11-16T10:15:15.161Z,58.4943,-150.7923,14.9,2.8,ml,,,,0.45,ak,ak016er1jzh8,2023-08-03T19:49:59.054Z,"112 km SSE of Port Graham, Alaska",earthquake,,0.7,,,reviewed,ak,ak
2016-11-16T10:01:02.942Z,57.1519,-157.5471,8.5,2.5,ml,,,,0.46,ak,ak016er1gyie,2023-08-03T19:49:51.014Z,"41 km SSW of Ugashik, Alaska",earthquake,,0.2,,,reviewed,ak,ak
2016-11-16T09:56:17.020Z,19.2106667,-155.4833374,35.293,2.42,md,49,83,,0.15,hv,hv61483336,2020-07-06T20:59:38.990Z,"0 km NNW of P?hala, Hawaii",earthquake,0.53,0.63,0.15,21,automatic,hv,hv
2016-11-16T09:53:45.440Z,-42.6185,173.3655,23.08,4.2,mb,,126,0.239,0.76,us,us100078r9,2017-02-09T03:02:31.040Z,"79 km NE of Amberley, New Zealand",earthquake,2.5,8.3,0.216,6,reviewed,us,us
2016-11-16T09:19:27.500Z,35.6703,-97.3984,6.864,2.6,ml,,31,,0.42,us,us100078r1,2017-02-09T03:02:31.040Z,"6 km W of Arcadia, Oklahoma",earthquake,0.9,4.7,,,reviewed,tul,tul
2016-11-16T09:15:15.020Z,41.0213,22.6836,10,4.2,mb,,30,1.014,0.98,us,us100078r0,2018-04-07T15:29:59.643Z,"10 km ENE of Polýkastro, Greece",earthquake,4.9,2,0.186,8,reviewed,us,us
2016-11-16T09:15:13.550Z,-41.4707,175.8749,26.75,4.6,mb,,159,0.473,0.37,us,us100078qy,2017-02-09T03:02:31.040Z,"30 km ESE of Waipawa, New Zealand",earthquake,5.4,6.9,0.129,18,reviewed,us,us
2016-11-16T09:12:28.184Z,57.1283,-157.4137,5.7,2.1,ml,,,,0.37,ak,ak016er0xxqa,2023-08-03T19:49:29.035Z,"42 km S of Ugashik, Alaska",earthquake,,1,,,reviewed,ak,ak
2016-11-16T09:01:26.600Z,17.7908,-65.6324,9,2.7,Md,16,219.6,0.31441035,0.4,pr,pr16321004,2017-02-09T03:02:31.040Z,"35 km SE of Emajagua, Puerto Rico",earthquake,1,0.8,0,11,reviewed,pr,pr
2016-11-16T08:35:31.439Z,51.3263,-178.4212,13.1,2.4,ml,,,,0.71,ak,ak016er0hfuf,2023-08-03T19:49:08.819Z,"138 km WSW of Adak, Alaska",earthquake,,0.3,,,reviewed,ak,ak
2016-11-16T08:24:22.820Z,-7.3048,129.449,79.51,4.3,mb,,149,1.953,0.88,us,us10007dj8,2017-02-09T03:02:31.040Z,"Kepulauan Babar, Indonesia",earthquake,8.3,17.2,0.169,10,reviewed,us,us
2016-11-16T08:23:42.770Z,19.8885,-155.713,34.042,3.27,ml,28,120,,0.09,hv,hv61483241,2020-07-06T20:59:45.140Z,"9 km SE of Waikoloa, Hawaii",earthquake,0.5,0.9,0.175,15,reviewed,hv,hv
2016-11-16T08:21:38.780Z,-42.5894,173.2839,10,4,ml,,124,0.256,0.48,us,us100078q7,2017-02-09T03:02:31.040Z,"77 km NE of Amberley, New Zealand",earthquake,4.4,1.4,,,reviewed,us,wel
2016-11-16T07:43:20.740Z,-59.3362,-25.0201,10,4.9,mb,,74,8.071,0.69,us,us100078py,2017-02-09T03:02:31.040Z,"South Sandwich Islands region",earthquake,11.3,1.9,0.078,51,reviewed,us,us
2016-11-16T07:25:49.860Z,51.9246,179.647,154.6,3,ml,,,,0.32,us,us10007bjb,2023-08-03T19:48:55.065Z,"256 km W of Adak, Alaska",earthquake,18.7,10,,,reviewed,ak,ak
2016-11-16T07:21:05.740Z,40.6401,-127.1228,9.54,3.2,md,,263,2.128,0.97,us,us100079t0,2017-02-11T07:23:47.020Z,"242 km W of Ferndale, California",earthquake,10.7,8.3,0.19,27,reviewed,us,nc
2016-11-16T07:19:14.242Z,51.8732,-173.8292,35.7,2.4,ml,,,,0.36,ak,ak016eqzsjgg,2023-08-03T19:48:44.654Z,"44 km SE of Atka, Alaska",earthquake,,1.1,,,reviewed,ak,ak
2016-11-16T06:46:32.610Z,-42.3387,173.9989,10,4,mb,,162,0.349,0.66,us,us100078ph,2017-02-09T03:02:31.040Z,"91 km S of Blenheim, New Zealand",earthquake,3.9,1.8,0.231,6,reviewed,us,us
2016-11-16T06:16:49.220Z,-42.6806,173.3686,5.13,4.3,mb,,128,0.292,0.75,us,us100078p8,2017-02-09T03:02:31.040Z,"74 km NE of Amberley, New Zealand",earthquake,3.7,7.2,0.218,6,reviewed,us,us
2016-11-16T06:13:58.700Z,18.0785,-65.027,12,2.7,Md,10,118.8,0.28027437,0.4,pr,pr16321001,2017-02-09T03:02:30.040Z,"30 km SSW of Charlotte Amalie, U.S. Virgin Islands",earthquake,0.9,1.8,0,6,reviewed,pr,pr
2016-11-16T06:09:37.950Z,-41.8624,174.5069,16.47,4.6,mb,,117,0.246,0.71,us,us100078p5,2017-02-09T03:02:30.040Z,"60 km SE of Blenheim, New Zealand",earthquake,4.4,6.4,0.173,10,reviewed,us,us
2016-11-16T05:47:22.120Z,18.8883333,-155.5501667,40.37,3.06,ml,27,265,,0.07,hv,hv61483056,2020-07-06T20:59:45.330Z,"20 km S of Naalehu, Hawaii",earthquake,1.38,1.36,0.178,13,reviewed,hv,hv
2016-11-16T05:11:28.251Z,59.2525,-153.5236,113.3,2.7,ml,,,,0.45,ak,ak016eqyjzll,2023-08-03T19:47:59.021Z,"64 km ESE of Pope-Vannoy Landing, Alaska",earthquake,,0.3,,,reviewed,ak,ak
2016-11-16T05:06:53.610Z,40.7005,-127.1354,12.59,3.2,ml,,266,2.142,0.66,us,us100078nr,2017-02-11T07:23:36.455Z,"243 km W of Ferndale, California",earthquake,11.2,10.1,0.066,30,reviewed,us,us
2016-11-16T04:47:29.860Z,-41.7058,174.3129,10,4.3,mwr,,94,0.085,1.01,us,us100078nk,2017-02-09T03:02:30.040Z,"36 km SE of Blenheim, New Zealand",earthquake,2.7,1.1,0.047,43,reviewed,us,us
2016-11-16T04:40:23.300Z,18.8449,-64.6976,15,2.9,Md,9,277.2,0.43298797,0.11,pr,pr16321002,2017-02-09T03:02:30.040Z,"57 km N of Cruz Bay, U.S. Virgin Islands",earthquake,0.7,1,0,6,reviewed,pr,pr
2016-11-16T04:40:04.130Z,17.5385,145.3821,207.73,4.4,mb,,136,2.317,0.91,us,us10007dj4,2017-02-09T03:02:30.040Z,"260 km N of Saipan, Northern Mariana Islands",earthquake,18.3,10.2,0.117,21,reviewed,us,us
2016-11-16T03:44:06.620Z,-14.8512,-173.6141,14.25,4.7,mb,,114,2.011,0.68,us,us100078na,2017-02-09T03:02:30.040Z,"123 km N of Hihifo, Tonga",earthquake,10.2,5.1,0.085,42,reviewed,us,us
2016-11-16T03:32:09.310Z,54.4795,-163.5291,67.6,2.9,ml,,,,0.46,us,us10007bj6,2023-08-03T19:47:32.288Z,"42 km S of False Pass, Alaska",earthquake,11.1,9.4,0.148,6,reviewed,ak,us
2016-11-16T03:04:33.906Z,59.9681,-153.0867,114.5,2.1,ml,,,,0.37,ak,ak016eqxbmta,2023-08-03T19:47:23.271Z,"60 km ENE of Pedro Bay, Alaska",earthquake,,0.3,,,reviewed,ak,ak
2016-11-16T03:01:04.370Z,-25.4422,-179.6195,467.51,4.4,mb,,123,7.959,0.98,us,us10007dj3,2017-02-09T03:02:30.040Z,"south of the Fiji Islands",earthquake,15.2,11.5,0.102,28,reviewed,us,us
2016-11-16T02:40:03.020Z,-17.4301,-179.058,540.81,4.1,mb,,193,2.773,1.2,us,us10007dj1,2017-02-09T03:02:30.040Z,"186 km ENE of Levuka, Fiji",earthquake,15,10,0.14,14,reviewed,us,us
2016-11-16T02:01:46.100Z,19.5729,-65.1918,74,3.3,Md,5,313.2,1.23518352,0.25,pr,pr16321000,2017-02-09T03:02:30.040Z,"139 km NNW of Charlotte Amalie, U.S. Virgin Islands",earthquake,6.6,15.1,0,4,reviewed,pr,pr
2016-11-16T01:44:28.230Z,36.5626667,-121.1513333,2.65,2.15,md,32,43,0.03153,0.06,nc,nc72725900,2017-02-11T07:22:34.600Z,"21 km NE of Soledad, California",earthquake,0.18,0.38,0.203,32,reviewed,nc,nc
2016-11-16T01:43:29.750Z,36.4423333,-121.0113333,-0.14,2,md,26,103,0.01892,0.13,nc,nc72725895,2017-02-11T07:22:24.380Z,"24 km ENE of Greenfield, California",earthquake,0.46,0.78,0.254,21,reviewed,nc,nc
2016-11-16T01:13:54.450Z,38.977,101.4843,25.17,4.5,mb,,117,9.545,0.93,us,us10007cuu,2017-02-09T03:02:30.040Z,"81 km NW of Jinchang, China",earthquake,12.1,5.7,0.086,39,reviewed,us,us
2016-11-16T01:12:07.309Z,57.7376,-156.2015,1.8,2.6,ml,,,,0.71,ak,ak016eqw6fa2,2023-08-03T19:47:05.079Z,"75 km ENE of Ugashik, Alaska",earthquake,,0.2,,,reviewed,ak,ak
2016-11-16T00:58:29.256Z,57.1019,-157.6372,8.5,2.9,ml,,,,0.65,ak,ak016eqvuwb1,2023-08-03T19:46:57.446Z,"48 km SSW of Ugashik, Alaska",earthquake,,0.2,,,reviewed,ak,ak
2016-11-16T00:30:29.860Z,-20.2391,-173.0161,20,5.8,mww,,18,3.132,1.15,us,us100078ll,2022-05-03T19:48:53.100Z,"Tonga",earthquake,7.9,1.8,,,reviewed,us,us
2016-11-16T00:06:23.580Z,52.0891,-176.0135,189.6,2.8,ml,,,,0.46,us,us10007bj1,2023-08-03T19:46:50.751Z,"48 km ENE of Adak, Alaska",earthquake,26,6.2,,,reviewed,ak,ak
2016-11-15T23:56:26.090Z,46.7375,-116.7501667,-0.8,2.09,ml,11,76,0.833,0.14,mb,mb80189764,2021-05-13T22:00:42.648Z,"1 km E of Troy, Idaho",quarry blast,0.48,31.61,0.435,7,reviewed,mb,mb
2016-11-15T23:48:19.730Z,44.3315,-110.8518333,11.2,2.51,ml,20,84,0.06938,0.21,uu,uu60170802,2017-02-09T03:02:30.040Z,"41 km SSE of West Yellowstone, Montana",earthquake,0.4,0.6,0.163,6,reviewed,uu,uu
2016-11-15T23:47:51.110Z,-41.8464,174.0504,17.6,4.3,mwr,,109,0.156,0.64,us,us100078l9,2017-02-09T03:02:30.040Z,"37 km SSE of Blenheim, New Zealand",earthquake,2.8,3.7,0.045,47,reviewed,us,us
2016-11-15T23:44:31.588Z,57.0206,-157.4983,5,2,ml,,,,0.69,ak,ak016eplxivq,2023-08-03T19:46:41.701Z,"55 km S of Ugashik, Alaska",earthquake,,0.8,,,reviewed,ak,ak
2016-11-15T23:06:48.640Z,12.9855,-86.0874,19.31,3.9,mwr,,43,0.167,1.12,us,usa0014cef,2017-02-09T03:02:30.040Z,"14 km SW of Jinotega, Nicaragua",earthquake,3.3,4,0.071,19,reviewed,us,us
2016-11-15T22:54:18.590Z,-15.1958,167.6221,122.26,4.5,mb,,160,5.562,0.83,us,us10007din,2017-02-09T03:02:30.040Z,"61 km NE of Luganville, Vanuatu",earthquake,13.8,7.7,0.116,22,reviewed,us,us
2016-11-15T22:52:31.455Z,58.803,-153.5,74,2,ml,,,,0.53,ak,ak016epldszt,2023-08-03T19:46:23.925Z,"89 km NNW of Aleneva, Alaska",earthquake,,0.4,,,reviewed,ak,ak
2016-11-15T22:27:03.900Z,17.8812,-65.6352,11,2.4,Md,5,259.2,0.22727377,0.2,pr,pr16320009,2016-11-16T00:17:42.733Z,"28 km SE of El Negro, Puerto Rico",earthquake,1.1,1.5,0,4,reviewed,pr,pr
2016-11-15T22:25:50.070Z,49.4275,-120.53,-0.53,2.15,ml,7,225,0.6072,0.44,uw,uw61217742,2016-11-15T23:25:47.800Z,"3 km SSW of Princeton, Canada",explosion,4.64,31.61,0.154,7,reviewed,uw,uw
2016-11-15T22:14:35.170Z,-3.4835,144.182,10,4.6,mb,,88,3.487,0.89,us,us100078jr,2017-02-09T03:02:30.040Z,"61 km E of Wewak, Papua New Guinea",earthquake,5.5,1.9,0.077,50,reviewed,us,us
2016-11-15T22:06:15.168Z,60.2241,-153.2662,134,2,ml,,,,0.46,ak,ak016epl3wss,2023-08-03T19:46:13.442Z,"58 km E of Port Alsworth, Alaska",earthquake,,0.4,,,reviewed,ak,ak
2016-11-15T21:52:17.530Z,50.9426,178.852,8,2.9,ml,,,,0.44,us,us10007a9i,2023-08-03T19:46:11.201Z,"Rat Islands, Aleutian Islands, Alaska",earthquake,10.1,10.1,,,reviewed,ak,ak
2016-11-15T21:21:50.957Z,58.9085,-152.4488,62.1,2,ml,,,,0.51,ak,ak016epklrp3,2023-08-03T19:45:51.649Z,"58 km SSW of Nanwalek, Alaska",earthquake,,0.3,,,reviewed,ak,ak
2016-11-15T21:09:28.900Z,-21.92,-68.6244,124.25,4.1,mb,,46,0.586,0.73,us,us100078hd,2017-02-09T03:02:30.040Z,"66 km NNE of Calama, Chile",earthquake,5.8,6.4,0.151,12,reviewed,us,us
2016-11-15T21:01:18.350Z,-7.4362,129.0808,144.64,4.1,mb,,69,2.264,0.73,us,us10007dis,2017-02-09T03:02:30.040Z,"259 km ENE of Lospalos, Timor Leste",earthquake,9,5.7,0.184,8,reviewed,us,us
2016-11-15T20:15:20.190Z,36.2113333,-120.4101667,7.28,2.02,md,43,66,0.06667,0.06,nc,nc72725835,2017-02-11T07:21:46.710Z,"9 km NNW of Coalinga, California",earthquake,0.2,0.37,0.232,46,reviewed,nc,nc
2016-11-15T19:58:43.256Z,59.7208,-152.8511,93.5,2,ml,,,,0.48,ak,ak016epjmtdx,2023-08-03T19:45:37.529Z,"57 km W of Anchor Point, Alaska",earthquake,,0.1,,,reviewed,ak,ak
2016-11-15T19:55:59.480Z,34.2158333,-118.476,14.16,2.03,ml,61,38,0.02822,0.21,ci,ci37742088,2017-02-08T20:30:23.071Z,"3km WSW of Panorama City, CA",earthquake,0.22,0.32,0.187,66,reviewed,ci,ci
2016-11-15T19:53:01.300Z,-41.7231,174.4148,13.2,4.9,mwr,,106,0.152,1.1,us,us100078f2,2017-02-09T03:02:30.040Z,"44 km ESE of Blenheim, New Zealand",earthquake,2.4,4.4,0.06,27,reviewed,us,us
2016-11-15T19:52:15.900Z,36.9434,-97.8951,4.877,2.7,ml,,39,,0.56,us,us100078f1,2017-02-09T03:02:30.040Z,"7 km NNE of Wakita, Oklahoma",earthquake,1.1,3.9,,,reviewed,tul,tul
2016-11-15T19:49:03.990Z,-5.5539,150.695,51.16,4.1,mb,,173,1.814,0.75,us,us10007dij,2017-02-09T03:02:30.040Z,"61 km E of Kimbe, Papua New Guinea",earthquake,16.9,21.8,0.174,10,reviewed,us,us
2016-11-15T19:03:58.200Z,-41.7121,174.3468,21.05,4.4,mwr,,95,0.106,1.05,us,us100078e8,2017-02-09T03:02:30.040Z,"39 km ESE of Blenheim, New Zealand",earthquake,2,4.8,0.052,36,reviewed,us,us
2016-11-15T18:57:54.570Z,37.6928,20.8752,43.76,4,mb,,141,0.98,0.94,us,us10007dii,2017-02-09T03:02:30.040Z,"4 km SE of Lithakiá, Greece",earthquake,6,12.9,0.231,8,reviewed,us,us
2016-11-15T18:21:19.350Z,-42.6313,173.6084,10.12,4.3,mwr,,163,0.221,1.38,us,us10007dix,2017-02-09T03:02:30.040Z,"92 km NE of Amberley, New Zealand",earthquake,2.3,3.7,0.058,29,reviewed,us,us
2016-11-15T18:18:58.800Z,-42.5715,173.6288,7.37,4.5,mwr,,130,0.168,0.74,us,us100078dm,2017-02-09T03:02:30.040Z,"98 km NE of Amberley, New Zealand",earthquake,3.8,4.1,0.055,32,reviewed,us,us
2016-11-15T18:00:59.300Z,-21.258,173.156,21.03,4.5,mb,,140,4.782,1.1,us,us10007dip,2017-02-09T03:02:30.040Z,"Vanuatu region",earthquake,13.8,8.1,0.15,14,reviewed,us,us
2016-11-15T17:46:28.250Z,40.5081667,-124.2121667,20.82,3.11,ml,19,69,0.06396,0.13,nc,nc72725765,2017-03-18T00:06:50.984Z,"8 km SSE of Ferndale, California",earthquake,0.47,0.38,0.299,19,reviewed,nc,nc
2016-11-15T17:36:56.740Z,-20.552,173.7716,10,4.4,mb,,142,4.916,1.38,us,us10007dil,2017-02-09T03:02:30.040Z,"Vanuatu region",earthquake,8.1,1.9,0.138,15,reviewed,us,us
2016-11-15T17:34:33.310Z,18.741,-156.6183333,30.99,2.89,ml,13,323,,0.11,hv,hv61482341,2020-07-06T21:00:41.410Z,"96 km WSW of Hawaiian Ocean View, Hawaii",earthquake,2.23,7.04,0.152,5,reviewed,hv,hv
2016-11-15T17:27:09.500Z,15.813,-93.773,85.8,4.6,mb,,,,1.13,us,us100078cn,2017-02-09T03:02:30.040Z,"11 km SW of Doctor Belisario Domínguez (La Barra), Mexico",earthquake,5.1,6.4,0.048,129,reviewed,unm,us
2016-11-15T17:03:56.050Z,37.5322,72.2208,194.56,4.2,mb,,62,0.445,1.04,us,us100078cg,2017-02-09T03:02:30.040Z,"59 km E of Khorugh, Tajikistan",earthquake,6.4,7.1,0.115,21,reviewed,us,us
2016-11-15T16:43:56.160Z,-42.2957,174.093,16.18,4.1,mb,,166,0.427,0.61,us,us10007dih,2017-02-09T03:02:30.040Z,"87 km S of Blenheim, New Zealand",earthquake,4.4,7.1,0.261,4,reviewed,us,us
2016-11-15T16:40:41.070Z,-18.1011,-178.1068,549.17,4.4,mb,,101,3.673,1.25,us,us10007dig,2017-02-09T03:02:29.040Z,"272 km E of Levuka, Fiji",earthquake,9.2,10.3,0.123,19,reviewed,us,us
2016-11-15T16:32:16.100Z,18.0652,-65.019,13,2.1,Md,5,230.4,0.29105415,0.2,pr,pr16320007,2016-11-15T19:38:01.074Z,"32 km SSW of Charlotte Amalie, U.S. Virgin Islands",earthquake,1.2,2.8,0,5,reviewed,pr,pr
2016-11-15T16:32:10.800Z,-42.3737,174.1339,7.35,3.7,mwr,,172,0.442,0.71,us,us100078bz,2017-02-09T03:02:29.040Z,"96 km S of Blenheim, New Zealand",earthquake,2.3,8.3,0.078,16,reviewed,us,us
2016-11-15T16:25:41.680Z,-42.4721,173.8274,11.08,3.7,mwr,,164,0.22,0.43,us,us100078bw,2017-02-09T03:02:29.040Z,"106 km S of Blenheim, New Zealand",earthquake,3.4,6.6,0.068,21,reviewed,us,us
2016-11-15T16:24:41.400Z,36.0159,-96.7577,2.333,2.7,ml,,67,,0.36,us,us100078bv,2017-02-09T03:02:29.040Z,"3 km NNE of Cushing, Oklahoma",earthquake,1.6,5.7,,,reviewed,tul,tul
2016-11-15T16:23:15.772Z,61.1323,-149.5629,25.4,2,ml,,,,0.54,ak,ak016ephmye1,2023-08-03T19:44:45.995Z,"14 km SSE of Elmendorf Air Force Base, Alaska",earthquake,,0.3,,,reviewed,ak,ak
2016-11-15T16:13:16.415Z,53.868,-165.3293,60.9,2,ml,,,,0.39,ak,ak016ephkta1,2023-08-03T19:44:43.990Z,"41 km SE of Akutan, Alaska",earthquake,,1.2,,,reviewed,ak,ak
2016-11-15T16:06:15.315Z,51.4768,-176.1715,25.6,2,ml,,,,0.24,ak,ak016ephjb6j,2023-08-03T19:44:35.482Z,"54 km SE of Adak, Alaska",earthquake,,1.5,,,reviewed,ak,ak
2016-11-15T16:02:56.270Z,36.5242,70.8421,190.95,5.4,mww,,26,0.637,0.67,us,us100078bp,2017-02-09T03:02:29.040Z,"37 km S of Jurm, Afghanistan",earthquake,6.1,2.7,,,reviewed,us,us
2016-11-15T15:42:33.520Z,18.9141667,-155.3023333,40.02,2,md,30,253,,0.09,hv,hv61482221,2020-07-06T20:59:38.770Z,"33 km ESE of Naalehu, Hawaii",earthquake,1.14,1.29,0.058,15,reviewed,hv,hv
2016-11-15T15:15:55.450Z,-41.7836,174.348,16.47,4.5,mwr,,159,0.106,0.45,us,us100078b9,2017-02-09T03:02:29.040Z,"44 km SE of Blenheim, New Zealand",earthquake,3.5,3.5,0.044,50,reviewed,us,us
2016-11-15T14:48:43.727Z,51.1347,-179.7512,17.2,2.2,ml,,,,0.65,ak,ak016epgli8k,2023-08-03T19:43:54.291Z,"231 km WSW of Adak, Alaska",earthquake,,1.6,,,reviewed,ak,ak
2016-11-15T14:44:59.050Z,41.1506667,-123.5173333,37.41,2.9,md,24,67,0.1369,0.2,nc,nc72725715,2017-02-11T07:19:50.382Z,"25 km NNE of Willow Creek, California",earthquake,0.83,0.55,0.151,46,reviewed,nc,nc
2016-11-15T14:40:14.020Z,-5.3668,151.9316,12.63,4.1,mb,,121,1.057,0.44,us,us10007dif,2017-02-09T03:02:29.040Z,"119 km SSW of Kokopo, Papua New Guinea",earthquake,9.1,5.9,0.157,11,reviewed,us,us
2016-11-15T14:04:55.060Z,33.176,-115.613,2.43,2.27,ml,46,85,0.002655,0.29,ci,ci37741904,2017-02-08T21:38:37.399Z,"11km WNW of Calipatria, CA",earthquake,0.24,0.34,0.165,68,reviewed,ci,ci
2016-11-15T14:02:35.180Z,-42.4098,173.8732,9.49,4.3,mwr,,169,0.247,0.34,us,us10007891,2017-02-09T03:02:29.040Z,"99 km S of Blenheim, New Zealand",earthquake,4.1,3.9,0.052,35,reviewed,us,us
2016-11-15T13:56:49.460Z,46.8466,150.4355,180.81,4.3,mb,,130,5.261,0.85,us,us100078av,2017-02-09T03:02:29.040Z,"267 km NE of Kuril’sk, Russia",earthquake,10.5,7.6,0.055,94,reviewed,us,us
2016-11-15T13:52:01.920Z,-41.8027,174.308,22.14,4,mb,,140,0.088,0.91,us,us1000788y,2017-02-09T03:02:29.040Z,"43 km SE of Blenheim, New Zealand",earthquake,4.3,8.5,0.232,5,reviewed,us,us
2016-11-15T13:49:58.900Z,-45.9635,-14.6417,10,5,mb,,201,16.245,0.57,us,us10007890,2017-02-09T03:02:29.040Z,"southern Mid-Atlantic Ridge",earthquake,19.6,1.9,0.12,22,reviewed,us,us
2016-11-15T13:39:32.410Z,19.3503333,-155.4668333,8.31,2.87,ml,52,40,,0.1,hv,hv61482156,2020-07-06T21:00:41.640Z,"16 km N of P?hala, Hawaii",earthquake,0.24,0.47,0.135,36,reviewed,hv,hv
2016-11-15T13:17:28.930Z,33.1858333,-115.6176667,1.59,2.02,ml,40,82,0.004917,0.22,ci,ci37741840,2017-02-08T20:03:49.198Z,"11km WSW of Niland, CA",earthquake,0.23,0.2,0.156,53,reviewed,ci,ci
2016-11-15T13:13:39.450Z,12.3798,144.4008,10,4.6,mb,,102,1.285,0.95,us,us10007did,2017-02-09T03:02:29.040Z,"102 km SSW of Merizo Village, Guam",earthquake,4.9,1.9,0.114,23,reviewed,us,us
2016-11-15T13:02:48.730Z,33.1776667,-115.6163333,2.32,2.21,ml,47,83,0.0006136,0.22,ci,ci37741824,2017-02-08T20:31:15.399Z,"11km WNW of Calipatria, CA",earthquake,0.16,0.16,0.191,71,reviewed,ci,ci
2016-11-15T12:54:48.840Z,33.1843333,-115.6175,2.41,2.95,ml,59,83,0.004418,0.24,ci,ci37741720,2017-02-09T03:02:29.040Z,"11km SW of Niland, CA",earthquake,0.18,0.23,0.141,105,reviewed,ci,ci
2016-11-15T12:50:07.100Z,51.904,-171.3923,25.5,2.8,ml,,,,0.39,us,us10007a99,2023-08-03T19:43:36.921Z,"195 km E of Atka, Alaska",earthquake,13,9.7,,,reviewed,ak,ak
2016-11-15T12:49:15.030Z,33.176,-115.6146667,0.62,2.3,ml,48,84,0.001678,0.27,ci,ci37741696,2017-02-08T21:00:05.331Z,"11km WNW of Calipatria, CA",earthquake,0.25,0.21,0.172,72,reviewed,ci,ci
2016-11-15T12:46:55.960Z,33.1911667,-115.6141667,0.59,2.24,ml,28,83,0.01067,0.31,ci,ci37385253,2017-02-08T20:02:48.581Z,"10km WSW of Niland, CA",earthquake,0.44,0.54,0.169,28,reviewed,ci,ci
2016-11-15T12:46:40.390Z,33.1771667,-115.6175,2,2.21,ml,28,59,0.001589,0.24,ci,ci37385245,2017-02-08T21:50:04.613Z,"11km WNW of Calipatria, CA",earthquake,0.31,0.21,0.134,47,reviewed,ci,ci
2016-11-15T12:46:38.450Z,33.178,-115.6233333,2.53,2.36,ml,20,74,0.005156,0.25,ci,ci37385237,2017-02-08T21:13:26.948Z,"12km WNW of Calipatria, CA",earthquake,0.39,0.29,0.233,8,reviewed,ci,ci
2016-11-15T12:46:21.240Z,33.177,-115.6493333,1.16,2.23,ml,18,68,0.02326,0.24,ci,ci37385229,2017-02-08T21:22:54.003Z,"14km WNW of Calipatria, CA",earthquake,0.36,0.67,0.248,30,reviewed,ci,ci
2016-11-15T12:46:10.310Z,33.185,-115.6158333,2.39,2.31,ml,44,83,0.005949,0.21,ci,ci37741680,2017-02-08T21:23:27.495Z,"11km SW of Niland, CA",earthquake,0.21,0.15,0.181,61,reviewed,ci,ci
2016-11-15T12:41:13.400Z,-8.0575,109.3963,102.73,4.2,mb,,120,1.125,1.29,us,us100078l5,2017-02-09T03:02:29.040Z,"Java, Indonesia",earthquake,8.7,6.9,0.11,23,reviewed,us,us
2016-11-15T12:41:04.400Z,18.1427,-65.0278,26,2,Md,5,216,0.21829061,0.25,pr,pr16320006,2016-11-15T16:47:40.842Z,"24 km SSW of Charlotte Amalie, U.S. Virgin Islands",earthquake,7.5,9.4,0,4,reviewed,pr,pr
2016-11-15T12:31:08.590Z,-53.9001,2.5532,10,5.2,mb,,46,17.994,0.92,us,us1000787e,2017-02-09T03:02:29.040Z,"Bouvet Island region",earthquake,11.3,1.8,0.067,72,reviewed,us,us
2016-11-15T12:21:25.020Z,-19.5159,-177.5856,617.31,4,mb,,134,4.495,0.63,us,us10007dib,2017-02-09T03:02:29.040Z,"Fiji region",earthquake,15.8,14.5,0.122,18,reviewed,us,us
2016-11-15T12:16:13.484Z,53.1939,-165.5208,25.3,2.1,ml,,,,0.19,ak,ak016epf7ps4,2023-08-03T19:43:31.550Z,"101 km SE of Unalaska, Alaska",earthquake,,5.4,,,reviewed,ak,ak
2016-11-15T12:15:33.840Z,40.5088333,-125.162,3.5,2.6,md,17,321,0.6288,0.27,nc,nc72725650,2017-02-11T07:18:27.964Z,"76 km W of Ferndale, California",earthquake,3.85,2.93,0.166,17,reviewed,nc,nc
2016-11-15T12:13:06.360Z,32.8986667,-115.527,10.03,2.12,ml,37,71,0.0285,0.27,ci,ci37741616,2017-02-08T19:56:35.766Z,"7km NE of Imperial, CA",earthquake,0.29,0.5,0.149,63,reviewed,ci,ci
2016-11-15T12:12:05.600Z,-41.7455,174.2229,18.53,4,mb,,103,0.007,0.75,us,us10007878,2017-02-09T03:02:29.040Z,"34 km SE of Blenheim, New Zealand",earthquake,3.4,6.4,0.212,6,reviewed,us,us
2016-11-15T12:11:53.500Z,18.0811,-65.0233,18,2.2,Md,6,223.2,0.27578279,0.52,pr,pr16320005,2016-11-15T13:15:25.442Z,"30 km SSW of Charlotte Amalie, U.S. Virgin Islands",earthquake,3.8,2.6,0,3,reviewed,pr,pr
2016-11-15T12:04:46.400Z,36.2936,-96.6869,3.637,3,ml,,55,,0.52,us,us10007876,2020-03-20T01:36:03.690Z,"5 km N of Maramec, Oklahoma",earthquake,1.3,5.8,,,reviewed,tul,tul
2016-11-15T11:45:26.270Z,-42.5529,173.3933,20.49,4.2,mb,,125,0.174,0.97,us,us10007870,2017-02-09T03:02:29.040Z,"86 km NE of Amberley, New Zealand",earthquake,2,6.9,0.215,6,reviewed,us,us
2016-11-15T10:54:58.370Z,-42.3516,174.0009,10,4.1,mb,,165,0.348,0.98,us,us1000786q,2017-02-09T03:02:29.040Z,"92 km S of Blenheim, New Zealand",earthquake,4,2,0.262,4,reviewed,us,us
2016-11-15T10:52:50.880Z,53.3768,-166.278,52.05,3.7,mb,,198,0.488,1.03,us,us100078cm,2023-08-03T19:43:15.799Z,"57 km SSE of Unalaska, Alaska",earthquake,8.7,13.9,0.168,9,reviewed,us,us
2016-11-15T10:05:33.170Z,-25.3582,179.6066,511.01,4.4,mb,,93,4.449,0.48,us,us10007di6,2017-02-09T03:02:29.040Z,"south of the Fiji Islands",earthquake,13.4,9.6,0.103,27,reviewed,us,us
2016-11-15T10:04:21.150Z,55.154,-163.1941,187.3,3.1,ml,,,,0.91,us,us10007a97,2023-08-03T19:43:07.768Z,"30 km W of Cold Bay, Alaska",earthquake,14,6.3,,,reviewed,ak,ak
2016-11-15T10:02:16.830Z,-18.4996,-179.0921,10,4.2,mb,,133,2.817,0.69,us,us10007di7,2017-02-09T03:02:29.040Z,"174 km ESE of Levuka, Fiji",earthquake,10.3,2,0.237,5,reviewed,us,us
2016-11-15T09:10:03.600Z,-42.091,173.8123,20.46,4.2,mb,,143,0.378,0.88,us,us1000785s,2017-02-09T03:02:29.040Z,"64 km S of Blenheim, New Zealand",earthquake,3.2,6.8,0.199,7,reviewed,us,us
2016-11-15T09:02:43.180Z,-6.4886,129.8186,148.94,4.3,mb,,88,2.088,0.71,us,us10007die,2017-02-09T03:02:29.040Z,"Banda Sea",earthquake,7.8,10.7,0.2,7,reviewed,us,us
2016-11-15T09:01:57.290Z,50.9724,178.8914,7.3,2.5,ml,,,,0.93,us,us10007a96,2023-08-03T19:42:53.402Z,"",earthquake,5.5,6.1,,,reviewed,ak,ak
2016-11-15T08:51:15.100Z,-42.3652,173.9024,13.23,4.6,mb,,121,0.274,0.74,us,us1000785n,2017-02-09T03:02:29.040Z,"94 km S of Blenheim, New Zealand",earthquake,4.6,6,0.181,9,reviewed,us,us
2016-11-15T08:50:40.740Z,53.5089,-165.2173,46.6,2.5,ml,,,,0.4,us,us10007a94,2023-08-03T19:42:45.314Z,"78 km SSE of Akutan, Alaska",earthquake,5.9,10.1,,,reviewed,ak,ak
2016-11-15T08:42:13.020Z,-41.7786,174.2755,7.72,4.2,mb,,99,0.054,0.71,us,us1000785m,2017-02-09T03:02:29.040Z,"39 km SE of Blenheim, New Zealand",earthquake,4,6.4,0.176,9,reviewed,us,us
2016-11-15T08:11:52.180Z,-31.9381,-177.5385,10,4.5,mb,,251,8.088,0.63,us,us10007di9,2017-02-09T03:02:29.040Z,"Kermadec Islands region",earthquake,14.4,1.9,0.172,10,reviewed,us,us
2016-11-15T08:00:50.751Z,61.7276,-148.2121,1.4,2.1,ml,,,,0.72,ak,ak016epcqms3,2023-08-03T19:42:42.090Z,"15 km ESE of Chickaloon, Alaska",earthquake,,0.2,,,reviewed,ak,ak
2016-11-15T07:36:38.460Z,12.94,-88.9465,44.05,4.1,mb,,188,0.792,1,us,us100079zw,2017-02-09T03:02:29.040Z,"57 km SW of Jiquilisco, El Salvador",earthquake,3.5,16.7,0.26,4,reviewed,us,us
2016-11-15T07:26:57.300Z,17.9325,-67.091,10,2.3,Md,4,295.2,0.05749218,0.23,pr,pr16320004,2016-11-15T11:39:19.095Z,"6 km SW of La Parguera, Puerto Rico",earthquake,1.8,0.8,0,4,reviewed,pr,pr
2016-11-15T07:22:33.020Z,-22.6043,-176.6832,229.55,4.2,mb,,150,6.914,0.57,us,us10007di5,2017-02-09T03:02:29.040Z,"220 km SW of Vaini, Tonga",earthquake,18.3,13.9,0.121,19,reviewed,us,us
2016-11-15T07:12:34.612Z,59.4429,-153.7101,118.9,2,ml,,,,0.33,ak,ak016epc7qit,2023-08-03T19:42:39.093Z,"Southern Alaska",earthquake,,0.4,,,reviewed,ak,ak
2016-11-15T06:52:05.780Z,53.4174,-163.2265,25.7,2.7,ml,,,,0.31,us,us10007a92,2023-08-03T19:42:29.670Z,"160 km S of False Pass, Alaska",earthquake,5.4,8.4,,,reviewed,ak,ak
2016-11-15T06:49:32.470Z,50.9701,178.7371,12.2,3,ml,,,,1.24,us,us100078dq,2023-08-03T19:42:27.431Z,"Rat Islands, Aleutian Islands, Alaska",earthquake,5.3,8.3,,,reviewed,ak,ak
2016-11-15T06:30:30.520Z,-42.356,173.9445,10,5.3,mww,,70,0.306,1.01,us,us1000784w,2022-05-03T19:48:35.350Z,"93 km S of Blenheim, New Zealand",earthquake,4.2,1.7,,,reviewed,us,us
2016-11-15T06:28:05.100Z,18.1338,-67.2673,24,2.4,Md,4,190.8,0.17696811,0.17,pr,pr16320002,2016-11-15T08:36:23.129Z,"10 km NW of Puerto Real, Puerto Rico",earthquake,0.9,1.8,0,3,reviewed,pr,pr
2016-11-15T06:27:38.910Z,-42.5372,173.148,15.41,4.5,mb,,113,0.313,1.27,us,us1000784u,2017-02-09T03:02:29.040Z,"76 km NNE of Amberley, New Zealand",earthquake,3.9,5.7,0.27,4,reviewed,us,us
2016-11-15T06:22:36.510Z,34.3166667,-119.3345,2.5,2.17,ml,37,73,0.08539,0.31,ci,ci37741512,2017-02-08T20:15:49.713Z,"11km WNW of Ventura, CA",earthquake,0.39,0.79,0.171,66,reviewed,ci,ci
2016-11-15T06:20:30.575Z,50.7909,-177.4513,25.5,2.3,ml,,,,0.45,ak,ak016epbo0c1,2023-08-18T17:49:27.491Z,"133 km SSW of Adak, Alaska",earthquake,,3.5,,,reviewed,ak,ak
2016-11-15T06:16:02.720Z,50.818,-177.4756,24.5,2.6,ml,,,,1,us,us100078dk,2023-08-03T19:41:19.014Z,"131 km SSW of Adak, Alaska",earthquake,7.6,9.9,,,reviewed,ak,ak
2016-11-15T06:09:35.590Z,-41.7824,174.2944,13.98,4.5,ml,,138,0.068,0.84,us,us1000784j,2017-02-09T03:02:28.040Z,"41 km SE of Blenheim, New Zealand",earthquake,2.3,8.9,,,reviewed,us,wel
2016-11-15T06:09:30.250Z,37.5308333,-118.83,5.34,2.13,md,38,97,0.05946,0.04,nc,nc72725510,2017-02-11T07:16:34.390Z,"10 km WSW of Aspen Springs, California",earthquake,0.22,0.57,0.259,36,reviewed,nc,nc
2016-11-15T05:45:56.520Z,-42.2945,174.0197,11.38,4,mb,,163,0.376,0.88,us,us10007848,2017-02-09T03:02:28.040Z,"86 km S of Blenheim, New Zealand",earthquake,4.1,8,0.231,5,reviewed,us,us
2016-11-15T05:44:13.340Z,51.0498,178.7899,17.2,3.3,ml,,,,1.03,us,us10007a90,2023-08-03T19:41:09.914Z,"Rat Islands, Aleutian Islands, Alaska",earthquake,3.9,3.1,,,reviewed,ak,ak
2016-11-15T05:39:08.450Z,50.9589,178.7922,15.5,3.6,ml,,,,0.67,us,us10007a8z,2023-08-03T19:41:08.173Z,"Rat Islands, Aleutian Islands, Alaska",earthquake,6,3.3,,,reviewed,ak,ak
2016-11-15T05:37:34.672Z,60.0889,-153.5739,157.1,3.6,ml,,,,0.55,ak,ak016epb687v,2023-08-03T19:41:06.483Z,"43 km ESE of Port Alsworth, Alaska",earthquake,,0.2,,,reviewed,ak,ak
2016-11-15T05:37:07.140Z,51.1703,178.7499,36.05,4.9,mb,,125,0.402,0.7,us,us10007842,2023-08-03T19:41:04.425Z,"Rat Islands, Aleutian Islands, Alaska",earthquake,6.1,4.8,0.03,360,reviewed,us,us
2016-11-15T05:27:17.566Z,51.3744,-179.1926,24.3,2.2,ml,,,,0.28,ak,ak016epb41qk,2023-08-18T17:49:21.179Z,"185 km WSW of Adak, Alaska",earthquake,,0.3,,,reviewed,ak,ak
2016-11-15T05:21:32.300Z,36.7901,-98.3336,5,2.6,ml,,77,,0.65,us,us1000783q,2017-02-09T03:02:28.040Z,"4 km NNE of Cherokee, Oklahoma",earthquake,1.4,7.3,,,reviewed,tul,tul
2016-11-15T05:14:32.427Z,60.4651,-152.8365,114.6,2,ml,,,,0.47,ak,ak016epb1akq,2023-08-03T19:40:55.705Z,"79 km NW of Ninilchik, Alaska",earthquake,,0.4,,,reviewed,ak,ak
2016-11-15T05:09:25.250Z,-42.3535,173.7452,10,5.1,mwr,,116,0.165,0.96,us,us1000783l,2022-05-03T19:48:43.077Z,"94 km S of Blenheim, New Zealand",earthquake,4.2,1.8,0.043,52,reviewed,us,us
2016-11-15T05:04:28.520Z,-19.5705,-69.2883,99.1,4.5,mb,,55,0.131,1.09,us,us1000783i,2017-02-09T03:02:28.040Z,"114 km NE of Iquique, Chile",earthquake,6.6,5.8,0.221,6,reviewed,us,us
2016-11-15T04:24:30.450Z,-12.4915,66.5307,10,4.7,mb,,140,44.926,0.42,us,us10007di1,2017-02-09T03:02:28.040Z,"Mid-Indian Ridge",earthquake,18.2,1.9,0.194,8,reviewed,us,us
2016-11-15T04:15:46.409Z,51.7268,-177.4585,73.1,2.7,ml,,,,0.47,ak,ak016epag3rk,2023-08-03T19:40:46.912Z,"59 km WSW of Adak, Alaska",earthquake,,0.7,,,reviewed,ak,ak
2016-11-15T04:12:44.700Z,-42.5724,173.9657,10,4.8,mwr,,136,0.352,0.66,us,us10007833,2017-02-09T03:02:28.040Z,"117 km S of Blenheim, New Zealand",earthquake,2.8,1.9,0.055,32,reviewed,us,us
2016-11-15T04:04:42.870Z,-41.8847,174.2269,10,4.5,mb,,112,0.136,0.79,us,us1000782z,2017-02-09T03:02:28.040Z,"46 km SSE of Blenheim, New Zealand",earthquake,2.4,1.9,0.22,6,reviewed,us,us
2016-11-15T04:03:47.968Z,54.165,-165.3695,77.7,2.1,ml,,,,0.27,ak,ak016epadjak,2023-08-03T19:40:38.052Z,"26 km E of Akutan, Alaska",earthquake,,0.7,,,reviewed,ak,ak
2016-11-15T03:46:23.760Z,37.532,-118.8325,5.78,2.56,md,41,60,0.05856,0.05,nc,nc72725410,2017-02-11T07:14:38.900Z,"10 km WSW of Aspen Springs, California",earthquake,0.19,0.57,0.145,43,reviewed,nc,nc
2016-11-15T03:39:35.320Z,37.5321667,-118.8303333,5.94,2.73,ml,41,60,0.05766,0.05,nc,nc72725390,2017-02-11T07:14:07.920Z,"10 km WSW of Aspen Springs, California",earthquake,0.19,0.62,0.15,9,reviewed,nc,nc
2016-11-15T03:29:46.026Z,57.0052,-157.66,17.8,2.4,ml,,,,0.66,ak,ak016ep9xo5m,2023-08-03T19:40:29.160Z,"58 km SSW of Ugashik, Alaska",earthquake,,1,,,reviewed,ak,ak
2016-11-15T03:26:08.660Z,54.1663,-160.0771,41.9,3.7,mb,,,,0.62,us,us10007a8r,2023-08-03T19:40:22.298Z,"133 km SSE of Sand Point, Alaska",earthquake,9.1,9.8,0.502,1,reviewed,ak,us
2016-11-15T02:19:18.030Z,37.5341667,-118.8301667,5.71,2.83,md,44,60,0.05586,0.04,nc,nc72725335,2017-02-11T07:12:59.860Z,"10 km WSW of Aspen Springs, California",earthquake,0.21,0.52,0.204,66,reviewed,nc,nc
2016-11-15T02:15:34.415Z,58.4557,-154.8796,4.6,2.1,ml,,,,0.35,ak,ak016ep997mp,2023-08-03T19:40:14.660Z,"101 km NNW of Karluk, Alaska",earthquake,,0.3,,,reviewed,ak,ak
2016-11-15T02:10:21.120Z,24.6475,92.3284,32.42,4.6,mb,,72,1.01,0.76,us,us1000781i,2017-02-09T03:02:28.040Z,"23 km W of Hail?k?ndi, India",earthquake,6.4,4.9,0.083,44,reviewed,us,us
2016-11-15T02:01:34.800Z,36.3048,-96.6654,2.49,2.5,ml,,61,,0.48,us,us1000781d,2017-02-09T03:02:28.040Z,"7 km N of Maramec, Oklahoma",earthquake,1,7,,,reviewed,tul,tul
2016-11-15T01:47:54.570Z,-41.707,174.2396,10,4.3,mb,,100,0.046,0.78,us,us10007dhx,2017-02-09T03:02:28.040Z,"31 km SE of Blenheim, New Zealand",earthquake,1.5,1.7,0.238,5,reviewed,us,us
2016-11-15T01:43:52.520Z,-41.727,174.2445,16.23,4.8,mwr,,95,0.031,0.47,us,us10007813,2017-02-09T03:02:28.040Z,"33 km SE of Blenheim, New Zealand",earthquake,2.8,3.7,0.044,50,reviewed,us,us
2016-11-15T01:34:44.050Z,-41.7875,174.3064,10,5.5,mww,,51,0.079,0.93,us,us1000780y,2022-05-03T19:48:44.693Z,"42 km SE of Blenheim, New Zealand",earthquake,2.5,1.8,,,reviewed,us,us
2016-11-15T01:21:14.300Z,33.598,46.159,14.6,4.2,mb,,,,0.96,us,us1000780n,2017-02-09T03:02:28.040Z,"24 km W of ?l?m, Iran",earthquake,8.6,4.7,0.118,20,reviewed,teh,us
2016-11-15T01:18:56.560Z,-19.7737,-178.2875,607.23,4.2,mb,,107,4.011,0.56,us,us10007dhw,2017-02-09T03:02:28.040Z,"Fiji region",earthquake,16.2,9.2,0.08,44,reviewed,us,us
2016-11-15T00:47:26.060Z,-6.5571,129.8814,169.45,4.3,mb,,87,1.995,0.97,us,us1000780e,2017-02-09T03:02:28.040Z,"Banda Sea",earthquake,7.4,9.2,0.188,8,reviewed,us,us
2016-11-15T00:30:15.368Z,57.0162,-157.6607,11.1,2.7,ml,,,,0.58,ak,ak016ep85iow,2023-08-03T19:39:42.886Z,"57 km SSW of Ugashik, Alaska",earthquake,,0.2,,,reviewed,ak,ak
2016-11-15T00:26:27.620Z,-42.783,172.7983,19.95,4.3,mwr,,80,0.253,0.88,us,us10007807,2017-02-09T03:02:28.040Z,"41 km N of Amberley, New Zealand",earthquake,2.7,5.3,0.05,38,reviewed,us,us
2016-11-15T00:21:26.800Z,38.606,-121.8728333,12.39,2.13,md,18,186,0.1631,0.09,nc,nc72725300,2017-02-11T07:12:26.350Z,"6 km S of Monument Hills, California",earthquake,0.39,0.32,0.233,35,reviewed,nc,nc
2016-11-15T00:19:38.510Z,-17.3923,-178.4725,568.27,4,mb,,115,3.333,0.78,us,us10007dhv,2017-02-09T03:02:28.040Z,"246 km ENE of Levuka, Fiji",earthquake,15.6,11.4,0.3,3,reviewed,us,us
2016-11-15T00:08:59.040Z,-42.5144,174.0174,10,4.4,mb,,135,0.367,0.61,us,us10007dhu,2017-02-09T03:02:28.040Z,"111 km S of Blenheim, New Zealand",earthquake,2.9,1.9,0.169,10,reviewed,us,us
2016-11-15T00:02:27.960Z,38.6843333,-121.9311667,19.17,2.13,md,16,158,0.08288,0.1,nc,nc72725290,2017-02-11T07:12:18.370Z,"3 km E of Madison, California",earthquake,1.03,0.72,0.241,25,reviewed,nc,nc
2016-11-14T23:44:16.750Z,38.6225,-121.9056667,14.75,2.53,md,82,55,0.1432,0.23,nc,nc72725285,2017-02-11T07:12:03.930Z,"5 km SSW of Monument Hills, California",earthquake,0.38,0.28,0.233,68,reviewed,nc,nc
2016-11-14T23:23:37.940Z,59.7902,-153.0724,99.4,2.2,ml,,,,0.45,ak,ak016eny9oua,2023-08-03T19:27:20.159Z,"58 km E of Pedro Bay, Alaska",earthquake,,0.3,,,reviewed,ak,ak
2016-11-14T23:10:27.170Z,50.9206,178.8953,15.8,2.9,ml,,,,1.06,us,us1000797h,2023-08-03T19:27:14.254Z,"Rat Islands, Aleutian Islands, Alaska",earthquake,6.3,7.5,,,reviewed,ak,ak
2016-11-14T22:54:34.400Z,54.1646,-160.1539,17.25,5.2,mww,,144,0.744,0.99,us,us100077zc,2023-08-03T19:27:12.252Z,"132 km S of Sand Point, Alaska",earthquake,5.3,4.4,,,reviewed,us,us
2016-11-14T22:43:35.960Z,-5.9986,130.6349,145.36,4.3,mb,,75,2.078,0.64,us,us10007dh9,2017-02-09T03:02:28.040Z,"238 km W of Tual, Indonesia",earthquake,9.1,12.8,0.201,7,reviewed,us,us
2016-11-14T22:43:10.020Z,43.6847,-105.2243,0,3,ml,,96,0.963,0.85,us,us10007dhq,2017-02-09T03:02:28.040Z,"22 km ESE of Wright, Wyoming",mining explosion,3.8,1.8,0.06,38,reviewed,us,us
2016-11-14T22:42:36.000Z,46.989,-66.536,5,2,mb_lg,,,,0.65,us,us1000783x,2017-02-09T03:02:28.040Z,"78 km W of Miramichi, Canada",earthquake,3.2,1.8,,,reviewed,ott,ott
2016-11-14T22:26:26.827Z,51.6327,-177.1129,64.6,2.1,ml,,,,0.33,ak,ak016enxoviy,2023-08-03T19:26:57.812Z,"42 km SW of Adak, Alaska",earthquake,,0.5,,,reviewed,ak,ak
2016-11-14T22:14:41.900Z,18.2553,-67.2109,28,2,Md,7,136.8,0.14193381,0.23,pr,pr16319002,2016-11-14T22:31:56.849Z,"4 km SW of La Playa, Puerto Rico",earthquake,0.7,1.5,0,7,reviewed,pr,pr
2016-11-14T22:07:49.200Z,35.8101,-97.1292,5.548,2.6,ml,,48,,0.26,us,us100077xt,2017-02-09T03:02:28.040Z,"6 km N of Fallis, Oklahoma",earthquake,1,1.9,,,reviewed,tul,tul
2016-11-14T22:01:39.660Z,53.4604,-162.9275,8.4,3.4,ml,,,,1.22,us,us100077ze,2023-08-03T19:26:53.810Z,"158 km SSE of False Pass, Alaska",earthquake,8,8.4,0.148,6,reviewed,ak,us
2016-11-14T22:00:30.770Z,-21.1428,-69.989,49.67,4.4,mwr,,121,0.196,0.63,us,usa0014bln,2017-02-09T03:02:28.040Z,"104 km S of Iquique, Chile",earthquake,2.7,4,0.056,31,reviewed,us,us
2016-11-14T22:00:20.200Z,19.1005,-64.7188,51,2.2,Md,5,309.6,0.76626294,0.18,pr,pr16319003,2016-11-15T00:52:22.232Z,"85 km N of Cruz Bay, U.S. Virgin Islands",earthquake,6.4,12.2,0,3,reviewed,pr,pr
2016-11-14T21:49:45.640Z,38.8231667,-122.8225,0.89,2.11,md,43,45,0.00991,0.07,nc,nc72725250,2017-02-11T07:11:38.488Z,"8 km W of Cobb, California",earthquake,0.1,0.17,0.123,12,reviewed,nc,nc
2016-11-14T21:49:02.020Z,38.809,-122.8211667,2.26,2.18,md,61,67,0.006306,0.05,nc,nc72725245,2017-02-11T07:11:31.570Z,"8 km W of Cobb, California",earthquake,0.13,0.17,0.286,33,reviewed,nc,nc
2016-11-14T21:39:34.573Z,57.0351,-157.5821,7.7,2.4,ml,,,,0.5,ak,ak016enx68tt,2023-08-03T19:26:51.782Z,"54 km SSW of Ugashik, Alaska",earthquake,,0.4,,,reviewed,ak,ak
2016-11-14T21:32:54.280Z,51.0398,179.0812,11.2,2.8,ml,,,,1.03,us,us1000797b,2023-08-03T19:26:43.029Z,"Rat Islands, Aleutian Islands, Alaska",earthquake,5.7,4.6,,,reviewed,ak,ak
2016-11-14T21:14:09.470Z,-42.2255,173.6051,15.71,4,mb,,132,0.196,0.63,us,us100077vy,2017-02-09T03:02:28.040Z,"83 km SSW of Blenheim, New Zealand",earthquake,2.4,4.2,0.3,3,reviewed,us,us
2016-11-14T20:32:51.010Z,-42.4819,174.2171,6.24,4.4,mb,,169,0.506,0.98,us,us10007dh5,2017-02-09T03:02:28.040Z,"109 km SSE of Blenheim, New Zealand",earthquake,4.3,7.4,0.309,3,reviewed,us,us
2016-11-14T20:32:15.348Z,57.0837,-157.6886,12.3,4.2,ml,,,,0.62,ak,ak016enwj9q6,2023-08-18T17:49:19.904Z,"50 km SSW of Ugashik, Alaska",earthquake,,0.2,,,reviewed,ak,ak
2016-11-14T20:14:51.540Z,-42.4215,173.9547,16.38,4.4,mb,,167,0.307,0.63,us,us100077ut,2017-02-09T03:02:28.040Z,"100 km S of Blenheim, New Zealand",earthquake,5.4,2.5,0.24,5,reviewed,us,us
2016-11-14T20:08:37.490Z,-41.7777,174.523,7.78,4.2,mb,,123,0.233,0.97,us,us100077um,2017-02-09T03:02:28.040Z,"55 km ESE of Blenheim, New Zealand",earthquake,4.9,7.3,0.263,4,reviewed,us,us
2016-11-14T20:04:13.290Z,-42.4951,173.0444,10,4.4,mb,,102,0.374,0.41,us,us100077uk,2017-02-09T03:02:28.040Z,"77 km NNE of Amberley, New Zealand",earthquake,2.7,1.9,0.203,7,reviewed,us,us
2016-11-14T19:56:38.090Z,53.4917,-163.3062,13.29,3.7,mb,,204,1.369,0.73,us,us100077ve,2023-08-03T19:25:58.876Z,"151 km S of False Pass, Alaska",earthquake,8.3,8.8,0.355,2,reviewed,us,us
2016-11-14T19:49:52.140Z,42.94,13.15,10,4.1,mb,,,,1.01,us,us100077u2,2017-02-09T03:02:27.040Z,"5 km N of Castelsantangelo sul Nera, Italy",earthquake,6,6,0.185,8,reviewed,rom,us
2016-11-14T19:47:56.992Z,63.051,-151.0395,127.8,2.5,ml,,,,0.44,ak,ak016enw152r,2023-08-03T19:25:56.942Z,"63 km NNW of Petersville, Alaska",earthquake,,0.2,,,reviewed,ak,ak
2016-11-14T19:40:41.240Z,53.7062,-163.3695,28.78,4.5,mb,,160,1.153,0.98,us,us100077tw,2023-08-03T19:25:55.010Z,"127 km S of False Pass, Alaska",earthquake,7.3,5.9,0.044,150,reviewed,us,us
2016-11-14T19:32:44.580Z,-21.854,-179.0395,615.28,4.1,mb,,279,4.919,0.3,us,us10007dh2,2017-02-09T03:02:27.040Z,"Fiji region",earthquake,40.2,33.1,0.144,13,reviewed,us,us
2016-11-14T19:26:47.810Z,-42.1607,174.0514,10,4.4,mb,,172,0.428,0.55,us,us100077te,2017-02-09T03:02:27.040Z,"72 km S of Blenheim, New Zealand",earthquake,2.4,1.9,0.179,9,reviewed,us,us
2016-11-14T19:17:31.880Z,-42.3505,173.9599,13.93,4.9,mwr,,72,0.318,0.7,us,us100077sy,2022-05-03T19:48:20.844Z,"92 km S of Blenheim, New Zealand",earthquake,4,4,0.043,52,reviewed,us,us
2016-11-14T18:58:22.900Z,-41.8557,174.2482,10,4.4,mb,,142,0.109,1.05,us,us100077sq,2017-02-09T03:02:27.040Z,"45 km SSE of Blenheim, New Zealand",earthquake,2.1,1.9,0.162,11,reviewed,us,us
2016-11-14T18:47:25.740Z,-42.4212,173.9837,11.29,3.8,mwr,,168,0.329,0.5,us,us100077sk,2017-02-09T03:02:27.040Z,"South Island of New Zealand",earthquake,2.8,5.9,0.066,22,reviewed,us,us
2016-11-14T18:44:28.640Z,-42.0271,173.9892,17.62,4.3,mb,,92,0.323,0.65,us,us100077sj,2017-02-09T03:02:27.040Z,"56 km S of Blenheim, New Zealand",earthquake,3.6,6.6,0.218,6,reviewed,us,us
2016-11-14T18:27:50.576Z,57.6405,-154.9193,76.9,2.5,ml,,,,0.37,ak,ak016envbenl,2023-08-03T19:25:42.146Z,"28 km WNW of Karluk, Alaska",earthquake,,0.3,,,reviewed,ak,ak
2016-11-14T18:21:23.500Z,36.4521,-98.7942,5.499,2.5,ml,,66,,0.42,us,us100077s7,2017-02-09T03:02:27.040Z,"16 km SSE of Waynoka, Oklahoma",earthquake,2.2,3.1,,,reviewed,tul,tul
2016-11-14T18:13:02.200Z,-42.5209,173.6229,10,4.5,mb,,132,0.121,0.9,us,us100077s2,2017-02-09T03:02:27.040Z,"101 km NE of Amberley, New Zealand",earthquake,4.4,2,0.313,3,reviewed,us,us
2016-11-14T17:20:08.910Z,-41.8033,174.2998,15.06,3.8,mwr,,108,0.084,0.57,us,us100077ri,2017-02-09T03:02:27.040Z,"43 km SE of Blenheim, New Zealand",earthquake,1.9,3.8,0.062,25,reviewed,us,us
2016-11-14T17:01:49.980Z,-41.8473,174.3842,10,4.4,mb,,89,0.16,0.57,us,us100077r9,2017-02-09T03:02:27.040Z,"51 km SE of Blenheim, New Zealand",earthquake,4,2,0.309,3,reviewed,us,us
2016-11-14T16:58:59.120Z,51.5826,-178.055,13.2,2.9,ml,,,,1.01,us,us10007977,2023-08-03T19:25:29.148Z,"103 km WSW of Adak, Alaska",earthquake,9.9,6.8,,,reviewed,ak,ak
2016-11-14T16:57:12.640Z,-41.7472,174.2349,17.05,4,mb,,103,0.015,0.66,us,us100077r8,2017-02-09T03:02:27.040Z,"34 km SE of Blenheim, New Zealand",earthquake,4.4,2.3,0.173,9,reviewed,us,us
2016-11-14T16:44:05.200Z,-20.03,168.2389,10,4.4,mb,,249,1.195,0.33,us,us10007dgx,2017-02-09T03:02:27.040Z,"121 km WSW of Isangel, Vanuatu",earthquake,6.8,1.9,0.189,8,reviewed,us,us
2016-11-14T16:27:24.050Z,37.0093333,-97.5625,5.91,2.26,ml,16,119,0.06789,0.04,ismpkansas,ismpkansas70213298,2016-11-17T01:57:44.670Z,"4 km ESE of Caldwell, Kansas",earthquake,0.18,0.47,0.102,18,reviewed,ismp,ismp
2016-11-14T16:15:47.390Z,35.8883,140.8529,40.08,4.7,mww,,109,0.726,1.04,us,us100077qz,2017-02-09T03:02:27.040Z,"17 km N of Hasaki, Japan",earthquake,6.9,6.2,,,reviewed,us,us
2016-11-14T16:01:24.320Z,-42.3329,173.467,17.91,4.4,mb,,86,0.098,0.72,us,us10007dgt,2017-02-09T03:02:27.040Z,"99 km SSW of Blenheim, New Zealand",earthquake,1.7,4.8,0.189,8,reviewed,us,us
2016-11-14T15:54:55.770Z,-42.5066,173.0731,10,4.7,mwr,,98,0.356,0.68,us,us100077qr,2017-02-09T03:02:27.040Z,"77 km NNE of Amberley, New Zealand",earthquake,3.8,1.9,0.049,40,reviewed,us,us
2016-11-14T15:22:17.960Z,-41.7545,174.1687,10,4.5,mb,,99,0.034,0.55,us,us100077qf,2017-02-09T03:02:27.040Z,"32 km SE of Blenheim, New Zealand",earthquake,2.4,1.9,0.151,13,reviewed,us,us
2016-11-14T15:16:05.332Z,58.2157,-154.6577,4.8,2.1,ml,,,,0.35,ak,ak016entgnh1,2023-08-03T19:25:09.281Z,"73 km N of Karluk, Alaska",earthquake,,0.3,,,reviewed,ak,ak
2016-11-14T15:08:37.290Z,53.7956,-164.22,21,2.7,ml,,,,0.47,us,us10007975,2023-08-03T19:25:07.295Z,"108 km ESE of Akutan, Alaska",earthquake,8.5,9.8,,,reviewed,ak,ak
2016-11-14T15:07:38.800Z,36.4522,-98.794,5.902,3,ml,,52,,0.51,us,us100077q5,2017-02-09T03:02:27.040Z,"16 km SSE of Waynoka, Oklahoma",earthquake,1.4,7,,,reviewed,tul,tul
2016-11-14T15:04:53.680Z,-27.907,-71.1501,23.93,4.2,mwr,,140,0.304,0.63,us,us100077q4,2017-02-09T03:02:27.040Z,"83 km NNW of Vallenar, Chile",earthquake,5,6.2,,,reviewed,us,guc
2016-11-14T15:02:18.500Z,-16.5668,-177.0284,440.5,4.2,mb,,87,4.846,0.55,us,us10007dgs,2017-02-09T03:02:27.040Z,"275 km SSE of Alo, Wallis and Futuna",earthquake,20.2,17.4,0.187,8,reviewed,us,us
2016-11-14T14:57:33.150Z,51.0341,178.7792,13.8,2.7,ml,,,,0.75,ak,ak016ent42df,2023-08-03T19:25:05.350Z,"Rat Islands, Aleutian Islands, Alaska",earthquake,,0.5,,,reviewed,ak,ak
2016-11-14T14:56:46.098Z,57.0111,-157.6241,2.4,2.4,ml,,,,0.54,ak,ak016ent3vnl,2023-08-03T19:25:03.329Z,"57 km SSW of Ugashik, Alaska",earthquake,,0.3,,,reviewed,ak,ak
2016-11-14T14:47:16.200Z,36.3041,-96.668,3.016,2.9,ml,,70,,0.53,us,us100077pv,2017-02-09T03:02:27.040Z,"6 km N of Maramec, Oklahoma",earthquake,0.9,7,,,reviewed,tul,tul
2016-11-14T14:41:50.900Z,36.3029,-96.6713,2.843,3.3,ml,,59,,0.44,us,us100077pr,2017-02-09T03:02:27.040Z,"6 km N of Maramec, Oklahoma",earthquake,1.2,7,,,reviewed,tul,tul
2016-11-14T14:35:32.570Z,-42.4566,173.4795,22.92,4.1,mb,,117,0.059,0.7,us,us100077pm,2017-02-09T03:02:27.040Z,"98 km NE of Amberley, New Zealand",earthquake,3.6,7.5,0.234,5,reviewed,us,us
2016-11-14T14:29:23.340Z,-6.7669,130.5084,92.15,4,mb,,108,1.44,0.84,us,us100077pk,2017-02-09T03:02:27.040Z,"278 km WSW of Tual, Indonesia",earthquake,6.4,11.1,0.195,7,reviewed,us,us
2016-11-14T14:28:03.534Z,55.0166,-157.4591,41.4,3.1,ml,,,,0.27,ak,ak016ensxsbl,2023-08-03T19:25:01.050Z,"145 km SE of Perryville, Alaska",earthquake,,1.9,,,reviewed,ak,ak
2016-11-14T14:24:11.640Z,-41.7998,174.3097,15.8,4.2,mb,,146,0.335,0.41,us,us10007dgr,2017-02-09T03:02:27.040Z,"43 km SE of Blenheim, New Zealand",earthquake,2.1,6.3,0.199,7,reviewed,us,us
2016-11-14T14:15:25.020Z,-42.049,174.0987,5.76,4.3,mb,,180,0.311,0.41,us,us100077pf,2017-02-09T03:02:27.040Z,"60 km SSE of Blenheim, New Zealand",earthquake,3.6,8.1,0.307,3,reviewed,us,us
2016-11-14T14:00:32.200Z,-42.1935,174.3144,10,4.4,mb,,119,0.45,1.06,us,us10007dgq,2017-02-09T03:02:27.040Z,"off the east coast of the South Island of New Zealand",earthquake,1.7,1.9,0.162,11,reviewed,us,us
2016-11-14T13:59:49.300Z,51.4996,156.7383,123.69,4.4,mb,,109,1.715,0.55,us,us100077pb,2017-02-09T03:02:27.040Z,"16 km E of Ozernovskiy, Russia",earthquake,10.8,6.1,0.048,125,reviewed,us,us
2016-11-14T13:57:52.500Z,36.7626,-98.0762,6.984,2.5,ml,,76,,0.62,us,us100077p7,2017-02-09T03:02:27.040Z,"6 km E of Nescatunga, Oklahoma",earthquake,1.9,5.7,,,reviewed,tul,tul
2016-11-14T13:53:07.300Z,36.2919,-97.5216,8.126,2.6,ml,,25,,0.29,us,us100077p2,2017-02-09T03:02:27.040Z,"6 km ESE of Covington, Oklahoma",earthquake,1.2,4.3,,,reviewed,tul,tul
2016-11-14T13:52:10.536Z,51.4707,-175.8346,19.8,2.1,ml,,,,0.21,ak,ak016enshifx,2023-08-03T19:24:57.019Z,"71 km SE of Adak, Alaska",earthquake,,1.3,,,reviewed,ak,ak
2016-11-14T13:50:50.290Z,-41.6161,174.433,20.81,4.3,mb,,108,0.211,0.59,us,us100077p1,2017-02-09T03:02:27.040Z,"41 km ESE of Blenheim, New Zealand",earthquake,2.4,7.7,0.2,7,reviewed,us,us
2016-11-14T13:41:06.300Z,36.5302,-98.9605,5,2.9,ml,,78,,0.58,us,us100077nz,2017-02-09T03:02:27.040Z,"9 km SW of Waynoka, Oklahoma",earthquake,2.2,6.6,,,reviewed,tul,tul
2016-11-14T13:33:54.900Z,35.6702,-97.398,7.071,2.6,ml,,35,,0.35,us,us100077nw,2017-02-09T03:02:27.040Z,"6 km W of Arcadia, Oklahoma",earthquake,1.7,4.8,,,reviewed,tul,tul
2016-11-14T13:21:06.510Z,-41.7118,174.2611,15.53,4.8,mb,,101,0.051,0.59,us,us100077ns,2017-02-09T03:02:27.040Z,"33 km SE of Blenheim, New Zealand",earthquake,2.7,1.6,0.21,9,reviewed,us,us
2016-11-14T13:14:56.100Z,37.1825,71.5387,97.54,4.7,mb,,48,0.36,0.7,us,us100077nr,2017-02-09T03:02:27.040Z,"34 km S of Khorugh, Tajikistan",earthquake,6.5,5.8,0.054,103,reviewed,us,us
2016-11-14T13:12:28.870Z,51.5555,178.4875,67.7,2.7,ml,,,,0.38,ak,ak016ens8z7r,2023-08-18T17:49:09.831Z,"Rat Islands, Aleutian Islands, Alaska",earthquake,,0.4,,,reviewed,ak,ak
2016-11-14T13:01:59.000Z,-21.203,-68.892,103.6,4,mb,,,,0.39,us,us100077nq,2017-02-09T03:02:27.040Z,"138 km N of Calama, Chile",earthquake,6.7,6.6,0.26,4,reviewed,guc,us
2016-11-14T12:46:43.200Z,-34.56,-178.714,10,4.4,mb,,226,3.847,0.72,us,us10007dgm,2017-02-09T03:02:26.040Z,"south of the Kermadec Islands",earthquake,14.6,2,0.155,12,reviewed,us,us
2016-11-14T12:45:27.890Z,50.9041,178.7523,13.2,2.6,ml,,,,0.2,us,us1000796z,2023-08-03T19:24:40.448Z,"Rat Islands, Aleutian Islands, Alaska",earthquake,10.5,10.1,,,reviewed,ak,ak
2016-11-14T12:26:21.570Z,-16.4669,-175.0955,135.51,4.9,mb,,98,4.09,0.9,us,us10007dgk,2017-02-09T03:02:26.040Z,"150 km WSW of Hihifo, Tonga",earthquake,10.9,9.7,0.162,12,reviewed,us,us
2016-11-14T12:18:27.290Z,-34.0837,-178.6864,35,4.4,mb,,231,4.244,0.76,us,us10007dgz,2017-02-09T03:02:26.040Z,"south of the Kermadec Islands",earthquake,14.2,2,0.155,12,reviewed,us,us
2016-11-14T12:16:10.470Z,51.0479,178.8508,14.57,2.7,ml,,230,0.434,0.68,us,us1000796y,2023-08-03T19:24:31.373Z,"Rat Islands, Aleutian Islands, Alaska",earthquake,6.7,12.9,,,reviewed,us,ak
2016-11-14T12:15:29.680Z,57.8586,-133.0732,1,2.5,ml,,,,1.42,us,us10007cq9,2017-02-09T03:02:26.040Z,"46 km NNE of Hobart Bay, Alaska",earthquake,3,5.4,,,reviewed,pgc,pgc
2016-11-14T12:13:01.390Z,51.1627,178.8218,42.42,4.4,mb,,214,0.369,0.87,us,us100077ni,2023-08-03T19:24:23.864Z,"Rat Islands, Aleutian Islands, Alaska",earthquake,8.3,3.4,0.07,59,reviewed,us,us
2016-11-14T12:03:00.600Z,-42.3771,173.6234,16.54,4.5,mb,,123,0.073,1.03,us,us100077ne,2017-02-09T03:02:26.040Z,"99 km SSW of Blenheim, New Zealand",earthquake,3,4.5,0.136,16,reviewed,us,us
2016-11-14T11:43:22.680Z,50.9214,178.8854,10.36,2.8,ml,,234,0.525,0.34,us,us1000796x,2023-08-03T19:24:07.835Z,"Rat Islands, Aleutian Islands, Alaska",earthquake,6,3.4,,,reviewed,us,ak
2016-11-14T11:24:52.880Z,-42.4133,174.0771,10,4.5,mb,,135,0.398,0.93,us,us100077n9,2017-02-09T03:02:26.040Z,"100 km S of Blenheim, New Zealand",earthquake,2.4,1.1,0.135,16,reviewed,us,us
2016-11-14T11:22:36.190Z,-41.8699,174.298,24.28,4.4,mb,,112,0.136,0.81,us,us10007dgh,2017-02-09T03:02:26.040Z,"Cook Strait, New Zealand",earthquake,2.6,8.1,0.202,7,reviewed,us,us
2016-11-14T11:16:42.950Z,-41.7536,174.2821,22.02,4.8,mb,,104,0.051,0.62,us,us10007dgw,2017-02-09T03:02:26.040Z,"38 km SE of Blenheim, New Zealand",earthquake,3.5,5.7,0.131,18,reviewed,us,us
2016-11-14T11:16:24.970Z,21.4769,-117.6677,10,4.9,mb,,170,7.467,1.15,us,us100077mz,2017-02-09T03:02:26.040Z,"east central Pacific Ocean",earthquake,9.2,1.9,0.055,104,reviewed,us,us
2016-11-14T11:14:20.530Z,-41.7254,174.2381,14.6,4.7,mb,,101,0.029,1.03,us,us100077mw,2017-02-09T03:02:26.040Z,"33 km SE of Blenheim, New Zealand",earthquake,1.7,3.4,0.138,16,reviewed,us,us
2016-11-14T11:11:18.830Z,-41.6542,174.1463,10.78,4.1,mb,,82,0.107,0.47,us,us10007dgf,2017-02-09T03:02:26.040Z,"22 km SE of Blenheim, New Zealand",earthquake,2,6.6,0.174,9,reviewed,us,us
2016-11-14T11:10:16.528Z,60.9007,-149.2106,8.7,2.5,ml,,,,0.52,ak,ak016enr1nmc,2023-08-03T19:24:05.750Z,"5 km SSW of Girdwood, Alaska",earthquake,,0.2,,,reviewed,ak,ak
2016-11-14T11:09:33.450Z,51.1539,178.8423,34.4,3.4,ml,,227,0.364,1.06,us,us1000796w,2023-08-18T17:49:08.588Z,"Rat Islands, Aleutian Islands, Alaska",earthquake,7.6,12.5,,,reviewed,us,ak
2016-11-14T11:00:53.770Z,-35.3209,-179.43,11.02,4.2,mb,,188,2.886,1.05,us,us10007dge,2017-02-09T03:02:26.040Z,"east of the North Island of New Zealand",earthquake,17.4,11.7,0.166,10,reviewed,us,us
2016-11-14T10:54:30.030Z,35.0281667,-85.0218333,15.35,2.02,md,15,47,0.2728,0.11,se,se60164926,2016-11-14T13:08:53.190Z,"Tennessee",earthquake,0.3,1.54,0.152,13,reviewed,se,se
2016-11-14T10:45:57.960Z,19.485,-155.6935,7.23,2.31,ml,32,54,,0.14,hv,hv61480866,2020-07-06T21:00:34.610Z,"18 km E of Honaunau-Napoopoo, Hawaii",earthquake,0.45,0.68,0.085,8,reviewed,hv,hv
2016-11-14T10:39:47.590Z,37.8064,102.3544,29.42,4.8,mb,,56,9.562,1.16,us,us100077mm,2017-02-09T03:02:26.040Z,"27 km WSW of Wuwei, China",earthquake,5.3,6.5,0.118,25,reviewed,us,us
2016-11-14T10:12:17.670Z,51.7832,-176.0049,72.76,5,mb,,99,0.433,0.87,us,us100077mi,2023-08-03T19:23:47.283Z,"44 km ESE of Adak, Alaska",earthquake,6.8,6.7,0.034,374,reviewed,us,us
2016-11-14T10:11:29.870Z,-30.0252,-71.7054,28.86,4.4,mwr,,184,0.418,1.31,us,us100077mf,2017-02-09T03:02:26.040Z,"Near the coast of Coquimbo, Chile",earthquake,5.5,6.3,,,reviewed,us,guc
2016-11-14T10:03:50.530Z,19.427,-155.6198333,0.63,2.48,ml,24,113,,0.11,hv,hv61480826,2020-07-06T21:00:34.960Z,"25 km E of Honaunau-Napoopoo, Hawaii",earthquake,0.44,0.93,0.153,14,reviewed,hv,hv
2016-11-14T10:03:48.870Z,-42.6187,173.3125,10,4.8,mb,,119,0.262,0.85,us,us100077me,2017-02-09T03:02:26.040Z,"76 km NE of Amberley, New Zealand",earthquake,4.9,1.2,0.118,22,reviewed,us,us
2016-11-14T09:53:48.589Z,57.1079,-155.3145,45,2,ml,,,,0.75,ak,ak016enq42oa,2023-08-03T19:23:40.163Z,"71 km WNW of Akhiok, Alaska",earthquake,,1.8,,,reviewed,ak,ak
2016-11-14T09:49:56.280Z,-42.4464,173.7736,10,4.7,mb,,128,0.176,0.78,us,us100077ma,2022-05-03T19:48:26.903Z,"104 km S of Blenheim, New Zealand",earthquake,3.7,1.9,0.133,17,reviewed,us,us
2016-11-14T08:44:14.110Z,41.2288333,-120.4091667,10.37,2.22,md,14,169,0.6793,0.13,nc,nc72724880,2018-07-02T18:06:50.844Z,"7 km E of Likely, California",earthquake,0.54,3.59,0.16,15,reviewed,nc,nc
2016-11-14T08:39:37.460Z,-20.4255,-177.6412,487.24,4.4,mb,,99,4.867,0.8,us,us10007dhs,2017-02-09T03:02:26.040Z,"265 km WNW of Haveluloto, Tonga",earthquake,14.5,12.1,0.093,33,reviewed,us,us
2016-11-14T08:38:59.070Z,-20.768,-178.5324,573.9,4.8,mb,,64,4.41,0.89,us,us100077lt,2017-02-09T03:02:26.040Z,"Fiji region",earthquake,9.4,5.1,0.033,286,reviewed,us,us
2016-11-14T08:34:05.900Z,51.1396,178.8516,41.21,4.1,mb,,201,0.368,1.05,us,us1000796u,2023-08-03T19:23:34.423Z,"Rat Islands, Aleutian Islands, Alaska",earthquake,8.8,7.8,0.095,30,reviewed,us,us
2016-11-14T08:32:50.820Z,36.9098333,-121.1086667,-0.36,2.59,md,69,80,0.1108,0.11,nc,nc72724875,2017-02-11T07:07:37.830Z,"23 km NE of Tres Pinos, California",earthquake,0.14,0.38,0.175,121,reviewed,nc,nc
2016-11-14T08:23:56.810Z,3.5819,122.2785,604.07,4.3,mb,,97,2.873,0.7,us,us10007dga,2017-02-09T03:02:26.040Z,"262 km SE of Latung, Philippines",earthquake,13,12.4,0.111,23,reviewed,us,us
2016-11-14T07:49:48.290Z,-42.4513,172.9872,10,4.1,mb,,91,0.41,0.73,us,us10007dhl,2017-02-09T03:02:26.040Z,"81 km NNE of Amberley, New Zealand",earthquake,1.1,2,0.233,5,reviewed,us,us
2016-11-14T07:45:29.164Z,56.3778,-156.5386,52.4,3.6,ml,,,,0.58,ak,ak016enovg8k,2023-08-03T19:23:28.775Z,"115 km E of Chignik, Alaska",earthquake,,0.6,,,reviewed,ak,ak
2016-11-14T07:34:31.840Z,-41.7041,174.2092,15.73,4.1,mb,,95,0.045,0.66,us,us100077la,2017-02-09T03:02:26.040Z,"29 km SE of Blenheim, New Zealand",earthquake,3.5,6.1,0.302,3,reviewed,us,us
2016-11-14T07:33:05.250Z,-20.5264,-173.7512,10,4.7,mb,,85,3.878,0.88,us,us100077ld,2017-02-09T03:02:26.040Z,"100 km SE of Pangai, Tonga",earthquake,5.7,1.9,0.085,42,reviewed,us,us
2016-11-14T07:21:04.690Z,-41.7598,174.2992,17.21,5.5,mww,,37,0.064,1.07,us,us100077l5,2022-05-03T19:48:28.283Z,"39 km SE of Blenheim, New Zealand",earthquake,2.8,2.2,,,reviewed,us,us
2016-11-14T07:20:49.120Z,59.727,-137.957,2.46,3.1,ml,,,,0.96,us,us100077l8,2023-08-03T19:23:20.048Z,"101 km E of Yakutat, Alaska",earthquake,3.5,6.4,0.047,59,reviewed,pgc,us
2016-11-14T07:13:53.480Z,-42.0488,173.7579,22.9,4.2,mb,,113,0.345,0.68,us,us100077l1,2017-02-09T03:02:26.040Z,"61 km SSW of Blenheim, New Zealand",earthquake,3,8.6,0.263,4,reviewed,us,us
2016-11-14T07:13:50.780Z,18.9198333,-155.5423333,39.09,2.06,md,35,251,,0.1,hv,hv61480776,2020-07-06T21:00:35.280Z,"16 km SSE of Naalehu, Hawaii",earthquake,0.89,0.92,0.037,17,reviewed,hv,hv
2016-11-14T06:53:03.510Z,0.1423,122.9573,155.36,4.7,mb,,53,1.19,1.04,us,us10007dg6,2017-02-09T03:02:26.040Z,"45 km SSW of Gorontalo, Indonesia",earthquake,7.6,4.9,0.081,46,reviewed,us,us
2016-11-14T06:52:53.120Z,-41.772,174.2797,17.08,4.5,mb,,98,0.054,0.68,us,us10007dgj,2017-02-09T03:02:26.040Z,"39 km SE of Blenheim, New Zealand",earthquake,2.8,4.1,0.191,8,reviewed,us,us
2016-11-14T06:47:52.040Z,-42.3322,173.9026,12,5.7,mww,,29,0.282,0.87,us,us100077ky,2022-05-03T19:48:08.998Z,"90 km S of Blenheim, New Zealand",earthquake,3,1.7,,,reviewed,us,us
2016-11-14T06:43:28.730Z,-5.393,146.6726,243.35,4.6,mb,,62,3.398,1,us,us100077kx,2017-02-09T03:02:26.040Z,"99 km E of Madang, Papua New Guinea",earthquake,10.1,7.8,0.059,87,reviewed,us,us
2016-11-14T06:43:00.180Z,-41.8181,174.2796,18.47,5.2,mwr,,102,0.084,1.2,us,us100077kw,2022-05-03T19:48:15.724Z,"43 km SE of Blenheim, New Zealand",earthquake,2.1,3.3,0.058,29,reviewed,us,us
2016-11-14T06:34:16.320Z,51.0288,178.7782,13.3,2.9,ml,,,,1.02,us,us1000796r,2023-08-03T19:23:11.150Z,"Rat Islands, Aleutian Islands, Alaska",earthquake,5.5,7.5,,,reviewed,ak,ak
2016-11-14T06:29:04.610Z,-41.8054,174.2716,10,4.4,mwr,,101,0.071,0.67,us,us100077ks,2017-02-09T03:02:25.040Z,"41 km SE of Blenheim, New Zealand",earthquake,1.9,1.8,0.063,24,reviewed,us,us
2016-11-14T06:03:37.340Z,-6.394,147.4926,122.91,4.5,mb,,98,3.009,1.31,us,us100077kq,2017-02-09T03:02:25.040Z,"43 km WNW of Finschhafen, Papua New Guinea",earthquake,11.1,9.8,0.104,27,reviewed,us,us
2016-11-14T05:58:24.798Z,51.2102,-179.7363,23,2.3,ml,,,,0.3,ak,ak016ennrczz,2023-08-03T19:22:57.172Z,"227 km WSW of Adak, Alaska",earthquake,,3.7,,,reviewed,ak,ak
2016-11-14T05:54:51.850Z,-4.8986,153.9808,95.96,4.3,mb,,187,1.943,1.32,us,us10007dg2,2017-02-09T03:02:25.040Z,"199 km ESE of Kokopo, Papua New Guinea",earthquake,15,16.8,0.133,16,reviewed,us,us
2016-11-14T05:51:30.670Z,-41.8428,173.4631,13.33,4.4,mb,,94,0.334,0.56,us,us100077kk,2017-02-09T03:02:25.040Z,"54 km SW of Blenheim, New Zealand",earthquake,3.9,7.5,0.268,4,reviewed,us,us
2016-11-14T05:48:49.680Z,6.7653,-73.0234,145.03,4.2,mb,,63,3.167,0.83,us,us100077kl,2017-02-09T03:02:25.040Z,"5 km WNW of Cepitá, Colombia",earthquake,8,9.2,0.054,97,reviewed,us,us
2016-11-14T05:47:12.040Z,-41.7711,174.3895,10,4.1,mb,,107,0.133,0.69,us,us10007dg0,2017-02-09T03:02:25.040Z,"46 km SE of Blenheim, New Zealand",earthquake,2.9,1.9,0.233,5,reviewed,us,us
2016-11-14T05:27:05.680Z,-42.4206,173.4348,10.27,4.2,mb,,93,0.077,1.04,us,us10007dfy,2017-02-09T03:02:25.040Z,"99 km NE of Amberley, New Zealand",earthquake,2,6.6,0.264,4,reviewed,us,us
2016-11-14T05:16:29.800Z,-42.3763,173.6166,18.36,4.8,mwr,,53,0.069,1.31,us,us100077kc,2017-02-09T03:02:25.040Z,"99 km SSW of Blenheim, New Zealand",earthquake,3.4,0.9,0.055,32,reviewed,us,us
2016-11-14T04:47:39.380Z,51.0564,178.7816,17.2,2.9,ml,,,,0.24,us,us1000796p,2023-08-03T19:22:39.755Z,"Rat Islands, Aleutian Islands, Alaska",earthquake,6.2,6.3,,,reviewed,ak,ak
2016-11-14T04:39:58.680Z,-6.0079,148.9195,65.19,4.3,mb,,119,3.525,0.69,us,us10007dg9,2017-02-09T03:02:25.040Z,"72 km WNW of Kandrian, Papua New Guinea",earthquake,9.7,7.4,0.137,15,reviewed,us,us
2016-11-14T04:39:38.715Z,38.6513,-118.7918,9.9,2,ml,19,61.51,0.195,0.1428,nn,nn00566362,2018-07-02T18:06:50.703Z,"3 km W of Walker Lake, Nevada",earthquake,,1.4,0.28,10,reviewed,nn,nn
2016-11-14T04:32:49.660Z,-42.4758,173.7672,10,4,mb,,162,0.179,0.69,us,us10007dfx,2017-02-09T03:02:25.040Z,"107 km S of Blenheim, New Zealand",earthquake,4.1,2,0.299,3,reviewed,us,us
2016-11-14T04:10:20.870Z,-42.1897,173.6424,18.94,4.6,mwr,,117,0.238,0.89,us,us100077k0,2017-02-09T03:02:25.040Z,"79 km SSW of Blenheim, New Zealand",earthquake,4,4.6,0.05,39,reviewed,us,us
2016-11-14T04:05:45.690Z,-42.3879,173.8556,13.01,4.5,mwr,,121,0.236,0.66,us,us100077jz,2017-02-09T03:02:25.040Z,"97 km S of Blenheim, New Zealand",earthquake,4.8,4.5,0.053,34,reviewed,us,us
2016-11-14T03:44:26.790Z,-41.8996,174.1242,12.71,4.1,mb,,,,0.85,us,us100077ju,2017-02-09T03:02:25.040Z,"44 km SSE of Blenheim, New Zealand",earthquake,2.3,3.4,0.198,7,reviewed,wel,us
2016-11-14T03:40:18.470Z,-41.7429,174.3302,18.16,4.6,mwr,,97,0.087,0.73,us,us100077jt,2017-02-09T03:02:25.040Z,"40 km SE of Blenheim, New Zealand",earthquake,2.3,3.9,0.048,41,reviewed,us,us
2016-11-14T03:25:52.677Z,51.1204,178.7548,4.9,2.3,ml,,,,0.31,ak,ak016enmdhb7,2023-08-03T19:22:28.117Z,"Rat Islands, Aleutian Islands, Alaska",earthquake,,6.3,,,reviewed,ak,ak
2016-11-14T02:56:05.570Z,-42.4508,173.573,8.047,3.8,mb,,,,1.04,us,us10007dhh,2017-02-09T03:02:25.040Z,"104 km NE of Amberley, New Zealand",earthquake,3.4,4.8,0.295,3,reviewed,wel,us
2016-11-14T02:45:57.910Z,50.996,178.7992,19.6,3,ml,,,,0.18,us,us1000796m,2023-08-03T19:22:22.293Z,"Rat Islands, Aleutian Islands, Alaska",earthquake,7.2,4.4,,,reviewed,ak,ak
2016-11-14T02:45:33.340Z,50.9715,178.8114,10.8,3,ml,,,,2.26,us,us1000796l,2023-08-03T19:22:15.366Z,"Rat Islands, Aleutian Islands, Alaska",earthquake,6.2,8.1,,,reviewed,ak,ak
2016-11-14T02:35:42.900Z,50.9826,178.8064,7.2,3.1,ml,,,,0.84,us,us1000796k,2023-08-03T19:22:06.386Z,"Rat Islands, Aleutian Islands, Alaska",earthquake,5.7,8.1,,,reviewed,ak,ak
2016-11-14T02:34:40.740Z,35.1821,25.0128,42.69,4,mb,,59,1.24,1.43,us,us100077ji,2017-02-09T03:02:25.040Z,"2 km SSE of Káto Asítai, Greece",earthquake,7.9,12,0.134,15,reviewed,us,us
2016-11-14T02:26:48.019Z,50.9555,178.8996,17.3,2.8,ml,,,,0.29,ak,ak016enls929,2023-08-03T19:21:57.611Z,"Rat Islands, Aleutian Islands, Alaska",earthquake,,1.2,,,reviewed,ak,ak
2016-11-14T02:23:23.030Z,51.1,178.8491,29.3,3,ml,,,,0.31,us,us1000796i,2023-08-03T19:21:50.540Z,"Rat Islands, Aleutian Islands, Alaska",earthquake,7.3,8.3,,,reviewed,ak,ak
2016-11-14T02:18:49.761Z,57.1321,-157.4976,6.1,2.8,ml,,,,0.52,ak,ak016enlqjgw,2023-08-03T19:21:48.544Z,"42 km S of Ugashik, Alaska",earthquake,,0.2,,,reviewed,ak,ak
2016-11-14T02:16:06.745Z,51.1325,178.7609,14.3,3,ml,,,,0.45,ak,ak016enlq0pu,2023-08-03T19:21:41.770Z,"Rat Islands, Aleutian Islands, Alaska",earthquake,,3,,,reviewed,ak,ak
2016-11-14T02:16:05.600Z,11.6731,142.9186,10,4.6,mb,,143,2.692,0.58,us,us10007dfr,2017-02-09T03:02:25.040Z,"259 km SW of Merizo Village, Guam",earthquake,14.9,1.9,0.133,17,reviewed,us,us
2016-11-14T02:15:07.969Z,51.0495,178.7554,13.1,3.1,ml,,,,0.31,ak,ak016enlpt3g,2023-08-03T19:21:39.661Z,"Rat Islands, Aleutian Islands, Alaska",earthquake,,3.8,,,reviewed,ak,ak
2016-11-14T02:13:34.150Z,51.0381,178.7987,23.15,5.2,mb,,138,0.463,0.89,us,us1000796d,2023-08-03T19:21:32.809Z,"Rat Islands, Aleutian Islands, Alaska",earthquake,7.9,5.7,0.075,58,reviewed,us,us
2016-11-14T02:12:17.470Z,51.0735,178.8402,34.26,5.6,mww,,59,0.419,0.97,us,us100077jc,2023-08-03T19:21:30.742Z,"Rat Islands, Aleutian Islands, Alaska",earthquake,5.7,3.5,,,reviewed,us,us
2016-11-14T02:07:43.990Z,-42.4744,173.278,11.484,3.9,mb,,,,1,us,us100077j8,2017-02-09T03:02:25.040Z,"87 km NNE of Amberley, New Zealand",earthquake,5,6.6,0.297,3,reviewed,wel,us
2016-11-14T02:07:31.690Z,40.5728,73.3072,43.98,4.4,mb,,57,1.586,0.79,us,us100077ja,2017-02-09T03:02:25.040Z,"21 km S of Uzgen, Kyrgyzstan",earthquake,6.3,7.9,0.093,33,reviewed,us,us
2016-11-14T01:58:39.950Z,37.3223333,-118.6533333,15.4,2.24,md,39,94,0.05135,0.05,nc,nc72724705,2018-07-02T18:06:47.314Z,"12 km SSW of Round Valley, California",earthquake,0.32,0.47,0.216,36,reviewed,nc,nc
2016-11-14T01:56:06.840Z,-41.9448,173.9374,8.607,3.8,mb,,,,1.51,us,us10007dfq,2017-02-09T03:02:25.040Z,"47 km S of Blenheim, New Zealand",earthquake,2.4,5.8,0.294,3,reviewed,wel,us
2016-11-14T01:46:18.840Z,-42.6018,173.1953,10.803,4.2,ml,,,,1.18,us,us100077j0,2017-02-09T03:02:25.040Z,"72 km NNE of Amberley, New Zealand",earthquake,3.9,7.5,,,reviewed,wel,wel
2016-11-14T01:40:31.000Z,18.694,-66.6451,13,2.8,Md,13,216,0.2407485,0.38,pr,pr16319000,2017-02-09T03:02:25.040Z,"25 km NNE of Arecibo, Puerto Rico",earthquake,1.3,1.2,0,11,reviewed,pr,pr
2016-11-14T01:39:58.180Z,34.8276667,-85.1405,8.21,2.35,md,22,73,0.2167,0.1,se,se60164901,2017-02-09T03:02:25.040Z,"9 km W of Tunnel Hill, Georgia",earthquake,0.22,1.2,0.056,15,reviewed,se,se
2016-11-14T01:39:51.337Z,58.8268,-137.0316,1.5,2.8,ml,,,,0.74,ak,ak016enl9m0t,2023-08-03T19:21:24.440Z,"81 km NNW of Elfin Cove, Alaska",earthquake,,0.3,,,reviewed,ak,ak
2016-11-14T01:33:44.760Z,42.8522,13.1055,10,4.2,mb,,39,0.019,0.92,us,us100077it,2017-02-09T03:02:25.040Z,"6 km SW of Castelsantangelo sul Nera, Italy",earthquake,5.8,1.9,0.146,13,reviewed,us,us
2016-11-14T01:33:06.719Z,59.7833,-139.3012,13.1,2.1,ml,,,,0.45,ak,ak016enl88a7,2023-08-03T19:21:22.364Z,"35 km NE of Yakutat, Alaska",earthquake,,0.1,,,reviewed,ak,ak
2016-11-14T01:30:12.830Z,-42.4216,173.8151,12.26,5.2,mww,,116,0.204,0.59,us,us100077iv,2017-02-09T03:02:25.040Z,"101 km S of Blenheim, New Zealand",earthquake,4.5,3.1,,,reviewed,us,us
2016-11-14T01:28:20.680Z,-42.0756,173.9931,10,5.3,mb,,64,0.365,0.96,us,us100077ip,2017-02-09T03:02:25.040Z,"62 km S of Blenheim, New Zealand",earthquake,3,1.7,0.082,50,reviewed,us,us
2016-11-14T01:06:45.370Z,-42.2975,173.9353,19.3,4.1,mb,,159,0.316,0.8,us,us10007dhc,2017-02-09T03:02:25.040Z,"86 km S of Blenheim, New Zealand",earthquake,3.1,5.3,0.301,3,reviewed,us,us
2016-11-14T00:54:20.870Z,-42.3517,173.9861,10,4.6,mb,,165,0.337,0.74,us,us100077i8,2017-02-09T03:02:25.040Z,"92 km S of Blenheim, New Zealand",earthquake,2.1,1.9,0.192,8,reviewed,us,us
2016-11-14T00:34:22.610Z,-42.6058,173.2543,9,6.5,mww,,56,0.283,1.05,us,us100077hw,2022-05-03T19:48:10.595Z,"74 km NE of Amberley, New Zealand",earthquake,4,1.7,,,reviewed,us,us
2016-11-14T00:30:00.900Z,36.454,-98.7935,6.24,3.1,ml,,52,,0.49,us,us100077hu,2017-02-09T03:02:25.040Z,"16 km SSE of Waynoka, Oklahoma",earthquake,1.7,4.9,,,reviewed,tul,tul
2016-11-14T00:22:38.750Z,40.4038333,-124.49,25.38,2.95,ml,25,250,0.1369,0.16,nc,nc72724660,2017-02-11T07:04:18.392Z,"27 km SW of Ferndale, California",earthquake,0.69,0.82,0.19,14,reviewed,nc,nc
2016-11-14T00:16:07.130Z,54.0464,-165.1366,75.9,2.5,ml,,,,0.8,us,us100077if,2023-08-03T19:21:16.519Z,"43 km ESE of Akutan, Alaska",earthquake,12.9,10.1,,,reviewed,ak,ak
2016-11-13T23:56:44.810Z,13.8639,120.6737,126.54,4.7,mb,,58,8.296,0.91,us,us100077hk,2017-02-09T03:02:25.040Z,"3 km WNW of Hukay, Philippines",earthquake,7.5,6.2,0.053,106,reviewed,us,us
2016-11-13T23:54:58.440Z,-41.7153,174.3286,14.81,4.3,mwr,,102,0.092,1.04,us,us100077hm,2017-02-09T03:02:25.040Z,"38 km SE of Blenheim, New Zealand",earthquake,2.1,3,0.05,39,reviewed,us,us
2016-11-13T23:49:10.250Z,-41.7916,174.4733,10,4.9,mwr,,59,0.198,1,us,us100077hf,2017-02-09T03:02:25.040Z,"53 km SE of Blenheim, New Zealand",earthquake,1.6,1.8,0.052,36,reviewed,us,us
2016-11-13T23:47:53.810Z,16.8626,121.6673,35,4.6,mb,,117,5.95,0.69,us,us10007ddu,2017-02-09T03:02:24.040Z,"4 km WSW of Pinoma, Philippines",earthquake,4.3,1.9,0.068,64,reviewed,us,us
2016-11-13T23:17:33.160Z,-42.083,173.813,9.47,4.8,mwr,,57,0.37,1.09,us,us100077ha,2017-02-09T03:02:24.040Z,"64 km S of Blenheim, New Zealand",earthquake,2.3,2.8,0.051,37,reviewed,us,us
2016-11-13T23:06:35.040Z,33.4856667,-116.7993333,3.53,2.07,ml,96,27,0.02072,0.2,ci,ci37740104,2017-02-08T21:14:58.708Z,"8km NE of Aguanga, CA",earthquake,0.11,0.35,0.136,99,reviewed,ci,ci
2016-11-13T22:54:18.320Z,-42.3611,173.6065,17.37,4.7,mwr,,116,0.074,0.69,us,us100077gw,2017-02-09T03:02:24.040Z,"98 km SSW of Blenheim, New Zealand",earthquake,3.9,2.2,0.066,22,reviewed,us,us
2016-11-13T22:51:28.093Z,51.6937,-176.4679,52.2,2,ml,,,,0.18,ak,ak016emaaw15,2023-08-03T19:21:06.897Z,"23 km SSE of Adak, Alaska",earthquake,,0.9,,,reviewed,ak,ak
2016-11-13T22:46:23.530Z,37.634,-119.3553333,11.67,2.57,md,48,59,0.2342,0.07,nc,nc72724635,2017-02-11T07:04:00.130Z,"22 km ESE of Yosemite Valley, California",earthquake,0.25,0.81,0.296,48,reviewed,nc,nc
2016-11-13T22:33:18.220Z,7.3048,126.8453,82.44,5,mb,,138,1.277,0.59,us,us10007ddk,2017-02-09T03:02:24.040Z,"30 km E of Santiago, Philippines",earthquake,7,8.1,0.129,19,reviewed,us,us
2016-11-13T22:32:48.060Z,-4.217,152.9094,45.59,4.7,mb,,172,0.744,0.68,us,us10007ddm,2017-02-09T03:02:24.040Z,"72 km E of Kokopo, Papua New Guinea",earthquake,10,11.5,0.13,18,reviewed,us,us
2016-11-13T22:32:38.790Z,37.3525,-122.225,11.01,2.15,md,82,117,0.05225,0.12,nc,nc72724630,2017-02-11T07:03:47.160Z,"3 km SSE of Portola Valley, California",earthquake,0.14,0.22,0.13,64,reviewed,nc,nc
2016-11-13T22:23:31.408Z,57.4014,-154.3264,45.8,2.3,ml,,,,0.24,ak,ak016ema4w8k,2023-08-03T19:20:59.694Z,"20 km SSE of Karluk, Alaska",earthquake,,0.9,,,reviewed,ak,ak
2016-11-13T22:19:51.350Z,21.5731,143.1516,292.1,4.2,mb,,71,5.568,0.65,us,us100077gf,2017-02-09T03:02:24.040Z,"Mariana Islands region",earthquake,9.7,5.5,0.078,45,reviewed,us,us
2016-11-13T22:19:32.250Z,-42.3526,173.0734,10,5.1,mwr,,57,0.35,0.77,us,us100077g5,2017-02-09T03:02:24.040Z,"93 km NNE of Amberley, New Zealand",earthquake,2.2,1.8,0.043,53,reviewed,us,us
2016-11-13T22:19:14.311Z,57.1563,-157.87,13.4,2.1,ml,,,,0.57,ak,ak016ema401z,2023-08-03T19:20:57.731Z,"48 km SSW of Pilot Point, Alaska",earthquake,,0.6,,,reviewed,ak,ak
2016-11-13T22:15:11.430Z,-42.965,172.8692,10,4.6,mb,,127,0.738,1.05,us,us100077m7,2017-02-09T03:02:24.040Z,"24 km NNE of Amberley, New Zealand",earthquake,4.7,1.8,0.222,6,reviewed,us,us
2016-11-13T22:14:08.420Z,-35.566,-179.4489,10,4.8,mb,,166,2.689,0.84,us,us10007ddt,2017-02-09T03:02:24.040Z,"east of the North Island of New Zealand",earthquake,10.1,1.9,0.135,17,reviewed,us,us
2016-11-13T22:10:14.810Z,37.6306667,-119.3506667,11.01,2.04,md,39,87,0.2306,0.07,nc,nc72724620,2017-02-11T07:03:27.870Z,"23 km ESE of Yosemite Valley, California",earthquake,0.44,1.14,0.256,34,reviewed,nc,nc
2016-11-13T22:00:58.180Z,-16.1743,167.8393,48.44,5.1,mb,,117,4.613,0.56,us,us100077fy,2017-02-09T03:02:24.040Z,"45 km E of Lakatoro, Vanuatu",earthquake,6.7,6.5,0.117,24,reviewed,us,us
2016-11-13T21:58:29.100Z,17.9295,-65.6221,5,3,Md,10,172.8,0.30273225,0.46,pr,pr16318007,2017-02-09T03:02:24.040Z,"24 km SW of Esperanza, Puerto Rico",earthquake,1.5,2.2,0,8,reviewed,pr,pr
2016-11-13T21:57:39.790Z,-42.3445,173.8231,10,4.2,mwr,,127,0.222,0.69,us,us100077fw,2017-02-09T03:02:24.040Z,"92 km S of Blenheim, New Zealand",earthquake,3.5,1.9,0.065,23,reviewed,us,us
2016-11-13T21:37:50.190Z,-42.0501,174.481,10,4.1,mb,,154,0.361,0.94,us,us100077fq,2017-02-09T03:02:24.040Z,"73 km SE of Blenheim, New Zealand",earthquake,3.7,2,0.233,5,reviewed,us,us
2016-11-13T21:26:54.897Z,55.9596,-156.3233,58.2,2.4,ml,,,,0.5,ak,ak016em9k5ld,2023-08-03T19:20:53.756Z,"134 km ESE of Chignik, Alaska",earthquake,,0.7,,,reviewed,ak,ak
2016-11-13T21:22:24.700Z,10.6904,93.6834,8.78,4.6,mb,,99,1.33,0.68,us,us100077fm,2017-02-09T03:02:24.040Z,"148 km SE of Port Blair, India",earthquake,6.8,6.1,0.108,26,reviewed,us,us
2016-11-13T21:00:20.950Z,-42.6908,172.7807,10,4.3,mb,,82,0.333,0.91,us,us10007ddf,2017-02-09T03:02:24.040Z,"51 km N of Amberley, New Zealand",earthquake,3.6,1.9,0.266,4,reviewed,us,us
2016-11-13T20:55:26.290Z,-6.1772,149.4893,76.75,4.7,mb,,96,3.314,1.23,us,us10007ddh,2017-02-09T03:02:24.040Z,"7 km WNW of Kandrian, Papua New Guinea",earthquake,11.4,9,0.133,17,reviewed,us,us
2016-11-13T20:52:05.710Z,-6.0935,149.3658,68.41,5.2,mb,,40,3.367,1.09,us,us100077f9,2017-02-09T03:02:24.040Z,"23 km WNW of Kandrian, Papua New Guinea",earthquake,7.4,4.3,0.058,97,reviewed,us,us
2016-11-13T20:44:21.910Z,-42.4141,173.9758,10,4.4,mb,,168,0.323,0.88,us,us100077f6,2017-02-09T03:02:24.040Z,"99 km S of Blenheim, New Zealand",earthquake,2.2,2,0.269,4,reviewed,us,us
2016-11-13T20:34:33.850Z,19.0952,145.8226,184.28,3.7,mb,,159,3.833,0.76,us,us10007ddc,2017-02-09T03:02:24.040Z,"Maug Islands region, Northern Mariana Islands",earthquake,13.4,12.8,0.178,8,reviewed,us,us
2016-11-13T20:22:14.060Z,-42.2163,173.669,10,4.8,mb,,67,0.221,1.27,us,us100077f0,2017-02-09T03:02:24.040Z,"81 km SSW of Blenheim, New Zealand",earthquake,3,1.9,0.135,17,reviewed,us,us
2016-11-13T20:14:50.860Z,-42.3681,173.8784,10,4.5,mwr,,134,0.256,0.97,us,us100077ey,2017-02-09T03:02:24.040Z,"94 km S of Blenheim, New Zealand",earthquake,1.6,1.9,0.068,21,reviewed,us,us
2016-11-13T20:09:59.600Z,-42.1103,173.6786,10,4.5,mb,,114,0.322,0.98,us,us100077ez,2017-02-09T03:02:24.040Z,"69 km SSW of Blenheim, New Zealand",earthquake,2.3,1.9,0.181,9,reviewed,us,us
2016-11-13T19:38:07.540Z,-41.7781,174.2998,10,4.7,mb,,106,0.07,1.38,us,us100077en,2017-02-09T03:02:24.040Z,"41 km SE of Blenheim, New Zealand",earthquake,2.7,1.9,0.138,16,reviewed,us,us
2016-11-13T19:28:56.720Z,-42.3743,173.9374,10,5.7,mww,,134,0.298,1.25,us,us100077ef,2022-05-03T19:48:01.006Z,"95 km S of Blenheim, New Zealand",earthquake,4.6,1.9,,,reviewed,us,us
2016-11-13T19:28:41.880Z,-41.8382,174.4654,11.28,4.5,mb,,139,0.208,0.77,us,us10007lih,2017-02-09T03:02:24.040Z,"55 km SE of Blenheim, New Zealand",earthquake,2.8,6.4,0.18,9,reviewed,us,us
2016-11-13T19:28:06.950Z,-19.9774,-69.1827,111.06,4,mb,,70,0.165,1.13,us,us100077eh,2017-02-09T03:02:24.040Z,"104 km ENE of Iquique, Chile",earthquake,5.8,6,0.184,8,reviewed,us,us
2016-11-13T19:16:01.978Z,59.9681,-152.8184,93.4,2.1,ml,,,,0.45,ak,ak016em8b151,2023-08-03T19:20:35.023Z,"59 km WNW of Anchor Point, Alaska",earthquake,,0.2,,,reviewed,ak,ak
2016-11-13T19:09:24.240Z,-41.9571,174.5037,10,4.6,mb,,205,0.3,0.79,us,us100077e8,2017-02-09T03:02:24.040Z,"67 km SE of Blenheim, New Zealand",earthquake,1.7,1.9,0.152,13,reviewed,us,us
2016-11-13T18:59:51.620Z,-42.0487,174.2414,10,4.8,mb,,123,0.3,1.11,us,us10007de5,2017-02-09T03:02:24.040Z,"63 km SSE of Blenheim, New Zealand",earthquake,3.6,1.9,0.153,13,reviewed,us,us
2016-11-13T18:59:07.730Z,-42.3868,173.9531,10,5.2,mb,,116,0.308,0.72,us,us100077e0,2017-02-09T03:02:24.040Z,"96 km S of Blenheim, New Zealand",earthquake,3.8,1.8,0.091,40,reviewed,us,us
2016-11-13T18:58:30.900Z,18.6455,-65.2666,59,2.9,Md,5,230.4,0.33686823,0.14,pr,pr16318006,2017-02-09T03:02:24.040Z,"38 km N of Culebra, Puerto Rico",earthquake,4.6,3.2,0,5,reviewed,pr,pr
2016-11-13T18:49:24.220Z,-42.0236,174.0071,10,4.8,mb,,116,0.314,0.47,us,us100077dx,2017-02-09T03:02:24.040Z,"56 km S of Blenheim, New Zealand",earthquake,3.4,1.9,0.135,17,reviewed,us,us
2016-11-13T18:48:09.120Z,19.2036667,-155.4850006,35.193,2.34,md,49,79,,0.16,hv,hv61479966,2020-07-06T21:00:59.310Z,"0 km W of P?hala, Hawaii",earthquake,0.44,0.72,0.16,20,automatic,hv,hv
2016-11-13T18:35:47.470Z,53.632,-164.956,60,2.9,ml,,,,0.67,us,us100079md,2023-08-03T19:20:27.229Z,"",earthquake,7.2,10.1,,,reviewed,ak,ak
2016-11-13T18:34:26.150Z,-41.9103,174.1956,10,4.9,mb,,113,0.161,0.64,us,us100077dn,2017-02-09T03:02:24.040Z,"48 km SSE of Blenheim, New Zealand",earthquake,3,1.9,0.11,26,reviewed,us,us
2016-11-13T18:23:51.060Z,-42.0176,174.1419,10,4.2,mb,,119,0.273,0.98,us,us10007dcy,2017-02-09T03:02:24.040Z,"57 km SSE of Blenheim, New Zealand",earthquake,2.1,1.9,0.159,11,reviewed,us,us
2016-11-13T18:21:33.120Z,-41.949,174.3048,10,4.3,mb,,118,0.211,1.04,us,us10007dcx,2017-02-09T03:02:24.040Z,"56 km SSE of Blenheim, New Zealand",earthquake,4.3,1.9,0.177,9,reviewed,us,us
2016-11-13T18:19:06.800Z,17.9002,-65.6163,7,2.5,Md,4,255.6,0.32698676,0.2,pr,pr16318005,2017-02-09T03:02:24.040Z,"26 km SW of Esperanza, Puerto Rico",earthquake,1.5,1.7,0,4,reviewed,pr,pr
2016-11-13T18:16:37.100Z,-42.6114,173.2869,10,4.6,mwr,,126,0.269,1.16,us,us100077d9,2017-02-09T03:02:24.040Z,"75 km NE of Amberley, New Zealand",earthquake,2,1.9,0.054,33,reviewed,us,us
2016-11-13T18:10:26.660Z,-42.7125,172.9046,10,4.5,mb,,102,0.272,1.29,us,us100077d6,2017-02-09T03:02:24.040Z,"51 km NNE of Amberley, New Zealand",earthquake,2.8,1.9,0.145,14,reviewed,us,us
2016-11-13T17:52:53.000Z,-32.0065,-68.1058,113.48,4.9,mwr,,30,0.673,1.09,us,us100077cs,2021-02-08T03:53:11.568Z,"42 km SSE of Caucete, Argentina",earthquake,7.3,4.3,0.048,42,reviewed,us,us
2016-11-13T17:43:28.540Z,-31.688,-71.5981,48.3,4.2,mb,,164,0.703,0.72,us,us100077cp,2017-02-09T03:02:24.040Z,"41 km W of Illapel, Chile",earthquake,4.2,13,0.305,3,reviewed,us,us
2016-11-13T17:42:50.330Z,-42.3029,173.9746,10,4.7,mb,,189,0.342,0.75,us,us10007dcr,2017-02-09T03:02:24.040Z,"87 km S of Blenheim, New Zealand",earthquake,3.5,2,0.174,10,reviewed,us,us
2016-11-13T17:39:25.310Z,-42.2721,173.4494,10,4.7,mb,,63,0.158,1.1,us,us10007deg,2017-02-09T03:02:24.040Z,"93 km SSW of Blenheim, New Zealand",earthquake,2.7,1.9,0.142,15,reviewed,us,us
2016-11-13T17:38:52.400Z,-42.3837,174.2431,10,4.2,mb,,178,0.634,1.49,us,us10007dcs,2017-02-09T03:02:24.040Z,"99 km SSE of Blenheim, New Zealand",earthquake,3.4,1.9,0.265,4,reviewed,us,us
2016-11-13T17:35:10.214Z,59.0175,-150.5685,29.8,2.2,ml,,,,0.56,ak,ak016em78965,2023-08-03T19:20:25.232Z,"74 km SSE of Halibut Cove, Alaska",earthquake,,1.2,,,reviewed,ak,ak
2016-11-13T17:32:34.950Z,53.925,-163.4348,14.6,3.2,ml,,,,1.03,us,us100079mb,2023-08-03T19:20:21.044Z,"103 km S of False Pass, Alaska",earthquake,5.7,8.3,0.148,6,reviewed,ak,us
2016-11-13T17:17:38.770Z,-42.5775,173.825,10,5.2,mb,,126,0.266,0.92,us,us100077ck,2017-02-09T03:02:24.040Z,"110 km NE of Amberley, New Zealand",earthquake,4.5,1.8,0.097,35,reviewed,us,us
2016-11-13T17:11:48.032Z,60.0437,-153.6422,160.2,2.2,ml,,,,0.39,ak,ak016em736wj,2023-08-18T17:49:00.117Z,"38 km NE of Pedro Bay, Alaska",earthquake,,0.9,,,reviewed,ak,ak
2016-11-13T17:01:21.320Z,-42.2889,173.5971,13.25,4.5,mb,,125,0.134,0.67,us,us10007dcj,2017-02-09T03:02:23.040Z,"90 km SSW of Blenheim, New Zealand",earthquake,2.7,6.4,0.205,7,reviewed,us,us
2016-11-13T16:58:25.560Z,-14.8603,167.0864,102.34,4.4,mb,,155,5.886,0.51,us,us10007dcl,2017-02-09T03:02:23.040Z,"20 km N of Port-Olry, Vanuatu",earthquake,14,9.4,0.155,12,reviewed,us,us
2016-11-13T16:53:19.750Z,-41.7529,174.2511,13.89,4.6,mb,,103,0.028,0.85,us,us100077cf,2017-02-09T03:02:23.040Z,"36 km SE of Blenheim, New Zealand",earthquake,3.2,5.4,0.133,19,reviewed,us,us
2016-11-13T16:46:30.210Z,-42.0047,174.0445,14.08,4.6,mb,,145,0.315,0.46,us,us10007dcf,2017-02-09T03:02:23.040Z,"54 km S of Blenheim, New Zealand",earthquake,4.4,5.4,0.152,15,reviewed,us,us
2016-11-13T16:44:03.580Z,-41.9792,174.0158,15.35,4.1,mb,,118,0.273,0.66,us,us10007der,2017-02-09T03:02:23.040Z,"51 km S of Blenheim, New Zealand",earthquake,2.7,3.6,0.233,5,reviewed,us,us
2016-11-13T16:37:58.245Z,51.5447,-176.0816,34.3,2,ml,,,,0.21,ak,ak016em6ncpc,2023-08-03T19:20:05.072Z,"52 km SE of Adak, Alaska",earthquake,,1.6,,,reviewed,ak,ak
2016-11-13T16:36:18.810Z,-41.7034,174.2331,18.44,4.4,mb,,93,0.047,0.76,us,us10007dce,2017-02-09T03:02:23.040Z,"31 km SE of Blenheim, New Zealand",earthquake,2.8,3.9,0.155,12,reviewed,us,us
2016-11-13T16:34:26.280Z,-42.3089,174.1642,10,4.4,mb,,138,0.475,0.7,us,us10007dch,2017-02-09T03:02:23.040Z,"89 km SSE of Blenheim, New Zealand",earthquake,3.5,2,0.309,3,reviewed,us,us
2016-11-13T16:32:42.640Z,-5.9424,151.7453,10,4.6,mb,,71,1.648,1.31,us,us10007dd5,2017-02-09T03:02:23.040Z,"183 km ESE of Kimbe, Papua New Guinea",earthquake,6.6,1.9,0.084,43,reviewed,us,us
2016-11-13T16:23:45.890Z,-41.946,174.0278,17.53,4.4,mb,,113,0.257,0.49,us,us100077c8,2017-02-09T03:02:23.040Z,"48 km S of Blenheim, New Zealand",earthquake,3.9,6.1,0.178,9,reviewed,us,us
2016-11-13T16:21:58.580Z,-41.7069,174.2297,16.64,4.4,mb,,100,0.265,0.45,us,us10007dcd,2017-02-09T03:02:23.040Z,"31 km SE of Blenheim, New Zealand",earthquake,4.1,4.2,0.218,6,reviewed,us,us
2016-11-13T16:16:58.760Z,59.6025,-152.7851,95.1,2,ml,,,,0.29,ak,ak016em6iupg,2023-08-03T19:20:00.981Z,"56 km WNW of Nanwalek, Alaska",earthquake,,0.6,,,reviewed,ak,ak
2016-11-13T16:08:53.940Z,-42.4971,173.3291,18.31,4.4,mb,,140,0.175,0.62,us,us100077c5,2017-02-09T03:02:23.040Z,"88 km NNE of Amberley, New Zealand",earthquake,4.3,8.8,0.309,3,reviewed,us,us
2016-11-13T16:01:44.220Z,-42.4186,173.8029,25.88,4.4,mb,,160,0.195,0.87,us,us10007den,2017-02-09T03:02:23.040Z,"101 km S of Blenheim, New Zealand",earthquake,3.8,10,0.311,3,reviewed,us,us
2016-11-13T15:58:36.760Z,-41.9562,173.7211,10,5,mb,,105,0.267,0.6,us,us10007dej,2017-02-09T03:02:23.040Z,"52 km SSW of Blenheim, New Zealand",earthquake,3.1,1.9,0.098,33,reviewed,us,us
2016-11-13T15:58:20.890Z,-42.5854,172.9676,4.07,4.1,mb,,104,0.384,0.54,us,us10007ddg,2017-02-09T03:02:23.040Z,"66 km NNE of Amberley, New Zealand",earthquake,2,6.5,0.234,5,reviewed,us,us
2016-11-13T15:58:01.150Z,-41.7447,174.2244,13.33,3.9,mb,,140,0.009,0.76,us,us100077c1,2017-02-09T03:02:23.040Z,"34 km SE of Blenheim, New Zealand",earthquake,2.8,7.4,0.23,5,reviewed,us,us
2016-11-13T15:52:50.720Z,-41.9167,174.4034,9.19,4,mb,,216,0.443,0.21,us,us10007dcb,2017-02-09T03:02:23.040Z,"58 km SE of Blenheim, New Zealand",earthquake,3.6,8,0.258,4,reviewed,us,us
2016-11-13T15:45:24.200Z,36.533,-98.9758,7.263,2.9,ml,,77,,0.6,us,us100077bu,2017-02-09T03:02:23.040Z,"10 km WSW of Waynoka, Oklahoma",earthquake,2.8,5.1,,,reviewed,tul,tul
2016-11-13T15:42:50.000Z,-37.0908,178.8618,26.05,5.1,mb,,105,0.646,0.76,us,us100077fk,2017-02-09T03:02:23.040Z,"172 km NE of Opotiki, New Zealand",earthquake,10,4,0.092,38,reviewed,us,us
2016-11-13T15:38:19.210Z,-41.7139,174.2669,14.61,4.5,mb,,94,0.292,1.06,us,us10007dc8,2017-02-09T03:02:23.040Z,"34 km SE of Blenheim, New Zealand",earthquake,2.9,5.3,0.163,11,reviewed,us,us
2016-11-13T15:37:50.130Z,-42.3102,173.8233,10,4.1,mb,,205,0.235,0.89,us,us10007dde,2017-02-09T03:02:23.040Z,"88 km S of Blenheim, New Zealand",earthquake,2.1,2,0.302,3,reviewed,us,us
2016-11-13T15:33:03.250Z,-41.8579,174.2904,12.08,5.1,mwr,,88,0.123,0.91,us,us100077bl,2017-02-09T03:02:23.040Z,"47 km SE of Blenheim, New Zealand",earthquake,4.2,3.9,0.054,33,reviewed,us,us
2016-11-13T15:31:20.370Z,19.1558342,-155.5123291,43.213,2.15,ml,40,130,,0.2,hv,hv61479846,2020-07-06T21:00:59.150Z,"6 km SW of P?hala, Hawaii",earthquake,0.62,0.91,0.22,3,automatic,hv,hv
2016-11-13T15:30:54.230Z,19.1585007,-155.5293274,48.069,2,ml,14,226,,0.14,hv,hv61479841,2020-07-06T21:00:58.990Z,"7 km SW of P?hala, Hawaii",earthquake,1.25,1.58,0.27,3,automatic,hv,hv
2016-11-13T15:24:53.580Z,-41.9595,174.264,10,4.4,mb,,118,0.213,1.09,us,us10007dc9,2017-02-09T03:02:23.040Z,"55 km SSE of Blenheim, New Zealand",earthquake,2.3,1.9,0.17,10,reviewed,us,us
2016-11-13T15:22:38.120Z,-41.8656,174.2008,10,4.4,mb,,86,0.117,1.02,us,us10007dee,2017-02-09T03:02:23.040Z,"43 km SSE of Blenheim, New Zealand",earthquake,3.2,1.9,0.241,6,reviewed,us,us
2016-11-13T15:21:31.860Z,-41.7375,174.3557,10,4.3,mb,,187,0.106,0.96,us,us10007ddd,2017-02-09T03:02:23.040Z,"41 km SE of Blenheim, New Zealand",earthquake,2.4,1.9,0.307,3,reviewed,us,us
2016-11-13T15:19:54.030Z,36.5075,70.5853,194.37,4.1,mb,,86,0.616,0.71,us,us10007dew,2017-02-09T03:02:23.040Z,"45 km SSW of Jurm, Afghanistan",earthquake,6.1,6.5,0.174,9,reviewed,us,us
2016-11-13T15:17:44.980Z,-42.2895,173.6384,10,4.1,mb,,114,0.146,1,us,us10007dd0,2017-02-09T03:02:23.040Z,"89 km SSW of Blenheim, New Zealand",earthquake,1.7,2,0.302,3,reviewed,us,us
2016-11-13T15:16:31.850Z,-41.8858,173.8933,12.55,4.2,mb,,107,0.171,0.47,us,us10007deb,2017-02-09T03:02:23.040Z,"41 km S of Blenheim, New Zealand",earthquake,2.5,3.7,0.371,3,reviewed,us,us
2016-11-13T15:10:26.900Z,-41.6996,174.2631,10,4.8,mb,,93,0.061,0.95,us,us10007dc4,2017-02-09T03:02:23.040Z,"32 km SE of Blenheim, New Zealand",earthquake,2.5,1.8,0.135,18,reviewed,us,us
2016-11-13T15:05:07.880Z,-42.333,174.0055,11.67,4.9,mb,,105,0.355,0.72,us,us10007dc5,2017-02-09T03:02:23.040Z,"90 km S of Blenheim, New Zealand",earthquake,2.2,4.9,0.114,25,reviewed,us,us
2016-11-13T15:00:26.770Z,-41.9601,174.3011,6.8,4.5,mb,,119,0.22,0.78,us,us10007dc6,2017-02-09T03:02:23.040Z,"57 km SSE of Blenheim, New Zealand",earthquake,2.2,5,0.156,13,reviewed,us,us
2016-11-13T14:53:33.890Z,-42.6497,174.1399,10,4.1,mb,,156,0.501,0.75,us,us10007dc7,2017-02-09T03:02:23.040Z,"126 km S of Blenheim, New Zealand",earthquake,3.3,2,0.262,4,reviewed,us,us
2016-11-13T14:50:49.580Z,-41.7383,174.288,21.13,4.2,mb,,182,0.056,0.58,us,us10007dc0,2017-02-09T03:02:23.040Z,"37 km SE of Blenheim, New Zealand",earthquake,3.8,8.6,0.215,6,reviewed,us,us
2016-11-13T14:50:38.620Z,-28.8729,-71.5291,22.45,4.8,mwr,,98,0.739,1.01,us,us100077b9,2017-02-09T03:02:23.040Z,"Near the coast of Atacama, Chile",earthquake,4.4,4.6,,,reviewed,us,guc
2016-11-13T14:45:54.080Z,1.0425,-90.4286,10,4.4,mb,,149,1.711,1.11,us,us10007dc1,2017-02-09T03:02:23.040Z,"197 km N of Puerto Ayora, Ecuador",earthquake,9.3,1.9,0.082,43,reviewed,us,us
2016-11-13T14:45:47.930Z,-42.0905,173.8866,16.03,4.3,mb,,123,0.375,0.7,us,us10007dey,2017-02-09T03:02:23.040Z,"64 km S of Blenheim, New Zealand",earthquake,2.2,4,0.238,5,reviewed,us,us
2016-11-13T14:42:47.150Z,-42.2558,173.7111,4.14,4.3,mb,,103,0.204,0.94,us,us10007dbz,2017-02-09T03:02:23.040Z,"84 km SSW of Blenheim, New Zealand",earthquake,1.9,5.9,0.238,5,reviewed,us,us
2016-11-13T14:40:42.270Z,-41.7219,174.2189,12,4.3,mb,,104,0.027,0.32,us,us10007dby,2017-02-09T03:02:23.040Z,"31 km SE of Blenheim, New Zealand",earthquake,2.4,2,0.267,4,reviewed,us,us
2016-11-13T14:33:58.160Z,-42.3566,173.3166,10,4.3,mb,,141,0.644,0.71,us,us10007df7,2017-02-09T03:02:23.040Z,"100 km NNE of Amberley, New Zealand",earthquake,2.1,2,0.377,2,reviewed,us,us
2016-11-13T14:20:02.770Z,-41.8445,174.2371,10.04,4.5,mb,,114,0.097,0.39,us,us10007dek,2017-02-09T03:02:23.040Z,"43 km SSE of Blenheim, New Zealand",earthquake,3.6,5.7,0.172,12,reviewed,us,us
2016-11-13T14:18:32.350Z,36.4756,70.4134,147.64,4.5,mb,,96,0.661,0.58,us,us100077az,2017-02-09T03:02:23.040Z,"50 km ESE of Farkh?r, Afghanistan",earthquake,6.4,7.6,0.382,2,reviewed,us,us
2016-11-13T14:15:48.090Z,-41.903,174.1038,20.8,4.2,mb,,157,0.174,0.44,us,us100077ax,2017-02-09T03:02:23.040Z,"44 km SSE of Blenheim, New Zealand",earthquake,4.5,6.8,0.306,3,reviewed,us,us
2016-11-13T14:12:29.780Z,-41.771,174.2011,5.87,4.9,mb,,60,0.023,0.57,us,us10007dd7,2017-02-09T03:02:23.040Z,"35 km SE of Blenheim, New Zealand",earthquake,2,1.3,0.396,3,reviewed,us,us
2016-11-13T14:12:17.160Z,-32.6743,-178.7767,35,4.6,mb,,190,16.829,0.86,us,us10007dcm,2017-02-09T03:02:23.040Z,"south of the Kermadec Islands",earthquake,10.9,2,0.206,9,reviewed,us,us
2016-11-13T14:08:08.360Z,-34.3235,-178.9768,10,5.3,mb,,62,3.911,1.01,us,us10007dan,2017-02-09T03:02:23.040Z,"south of the Kermadec Islands",earthquake,10,1.8,0.094,38,reviewed,us,us
2016-11-13T14:06:12.800Z,-35.677,178.563,10,4.2,mb,,160,1.892,0.63,us,us10007df1,2017-02-09T03:02:23.040Z,"282 km NNE of Opotiki, New Zealand",earthquake,11.7,2,0.199,9,reviewed,us,us
2016-11-13T14:04:22.940Z,-42.6743,173.0249,10,5,mb,,123,0.293,0.96,us,us10007dbt,2017-02-09T03:02:23.040Z,"58 km NNE of Amberley, New Zealand",earthquake,6.6,1.9,0.326,5,reviewed,us,us
2016-11-13T14:03:20.360Z,-35.7332,-179.3494,10,4.9,mb,,167,6.033,0.76,us,us10007dbu,2017-02-09T03:02:23.040Z,"east of the North Island of New Zealand",earthquake,8.4,2,0.132,18,reviewed,us,us
2016-11-13T14:01:01.680Z,-28.8647,-67.4565,109.12,5.7,mwr,,27,2.471,0.63,us,us100077ap,2022-05-03T19:47:41.268Z,"33 km N of Chilecito, Argentina",earthquake,6.8,2.6,0.071,19,reviewed,us,us
2016-11-13T13:59:42.110Z,-42.4868,173.3307,9.09,4.2,mb,,115,0.169,1.24,us,us10007dbr,2017-02-09T03:02:22.040Z,"89 km NNE of Amberley, New Zealand",earthquake,3.5,3.1,0.264,4,reviewed,us,us
2016-11-13T13:57:10.840Z,-41.9823,173.9062,21.76,4.6,mb,,68,0.268,0.81,us,us10007dd4,2017-02-09T03:02:22.040Z,"51 km S of Blenheim, New Zealand",earthquake,3.1,6.8,0.194,11,reviewed,us,us
2016-11-13T13:53:59.050Z,-6.2681,147.8486,51.92,5,mb,,68,3.19,0.61,us,us10007dbq,2017-02-09T03:02:22.040Z,"32 km N of Finschhafen, Papua New Guinea",earthquake,7.6,7.3,0.096,34,reviewed,us,us
2016-11-13T13:53:36.380Z,-41.8294,174.1575,9.56,4.9,mb,,100,0.09,0.67,us,us10007dd3,2017-02-09T03:02:22.040Z,"38 km SSE of Blenheim, New Zealand",earthquake,3.3,4.3,0.117,24,reviewed,us,us
2016-11-13T13:49:59.160Z,-41.78,174.3672,11.07,5.2,mb,,55,0.118,0.75,us,us100077al,2017-02-09T03:02:22.040Z,"45 km SE of Blenheim, New Zealand",earthquake,3.9,1.5,0.098,34,reviewed,us,us
2016-11-13T13:47:42.150Z,51.0079,156.7058,125.89,4.5,mb,,153,2.191,0.83,us,us10007dbv,2017-02-09T03:02:22.040Z,"55 km NE of Severo-Kuril’sk, Russia",earthquake,10.7,7.9,0.054,101,reviewed,us,us
2016-11-13T13:43:03.370Z,-42.0731,173.8082,19.77,4.6,mb,,151,0.361,0.58,us,us10007dep,2017-02-09T03:02:22.040Z,"63 km S of Blenheim, New Zealand",earthquake,2.9,5.3,0.152,13,reviewed,us,us
2016-11-13T13:42:29.630Z,-42.335,173.6935,19.6,4.1,mb,,172,0.14,0.34,us,us10007dbp,2017-02-09T03:02:22.040Z,"93 km SSW of Blenheim, New Zealand",earthquake,3.2,5.7,0.302,3,reviewed,us,us
2016-11-13T13:41:14.980Z,-57.5934,-25.306,35,4.3,mb,,164,16.906,0.52,us,us10007dfe,2017-02-09T03:02:22.040Z,"South Sandwich Islands region",earthquake,14.4,2,0.154,13,reviewed,us,us
2016-11-13T13:36:06.980Z,-42.6237,173.7892,10,4.5,mb,,160,0.278,0.92,us,us10007dbs,2017-02-09T03:02:22.040Z,"104 km NE of Amberley, New Zealand",earthquake,2.6,1.9,0.242,9,reviewed,us,us
2016-11-13T13:31:25.660Z,-42.3093,173.6961,2.09,6.2,mww,,61,0.157,0.64,us,us100077aj,2022-05-03T19:47:55.602Z,"90 km SSW of Blenheim, New Zealand",earthquake,3.6,3.1,,,reviewed,us,us
2016-11-13T13:29:59.470Z,-42.2076,173.6032,14.18,4.3,mb,,135,0.213,0.59,us,us10007dfd,2017-02-09T03:02:22.040Z,"82 km SSW of Blenheim, New Zealand",earthquake,4.4,3.5,0.189,13,reviewed,us,us
2016-11-13T13:29:42.620Z,-41.6871,174.2898,10,4.4,mb,,99,0.084,1.15,us,us10007dbl,2017-02-09T03:02:22.040Z,"33 km SE of Blenheim, New Zealand",earthquake,2.5,1.9,0.144,14,reviewed,us,us
2016-11-13T13:27:18.150Z,-41.6938,174.2267,19.64,4.6,mb,,99,0.056,0.62,us,us10007dd2,2017-02-09T03:02:22.040Z,"30 km SE of Blenheim, New Zealand",earthquake,5.5,1.7,0.207,7,reviewed,us,us
2016-11-13T13:26:08.700Z,36.7635,-98.0363,7.698,2.6,ml,,56,,0.81,us,us100077ai,2017-02-09T03:02:22.040Z,"10 km E of Nescatunga, Oklahoma",earthquake,1.1,5.9,,,reviewed,tul,tul
2016-11-13T13:25:25.050Z,-41.789,174.3155,14.73,4.7,mb,,107,0.085,0.6,us,us10007df6,2017-02-09T03:02:22.040Z,"42 km SE of Blenheim, New Zealand",earthquake,3.1,0.8,0.246,7,reviewed,us,us
2016-11-13T13:21:12.440Z,-41.8095,174.2184,10,5.3,mb,,52,0.06,0.92,us,us100077ag,2017-02-09T03:02:22.040Z,"39 km SE of Blenheim, New Zealand",earthquake,4.4,1.7,0.07,67,reviewed,us,us
2016-11-13T13:17:47.510Z,-42.3804,173.911,17.67,4.8,mb,,76,0.277,0.53,us,us10007dbk,2017-02-09T03:02:22.040Z,"96 km S of Blenheim, New Zealand",earthquake,6.8,4.5,0.109,30,reviewed,us,us
2016-11-13T13:12:30.690Z,-41.8693,174.0366,20.18,4.9,mb,,58,0.178,0.81,us,us100077ac,2017-02-09T03:02:22.040Z,"39 km S of Blenheim, New Zealand",earthquake,3.2,3.7,0.136,17,reviewed,us,us
2016-11-13T13:10:10.040Z,51.7885,179.3542,141.31,4,mb,,104,0.411,0.79,us,us100077er,2023-08-03T19:19:31.254Z,"276 km W of Adak, Alaska",earthquake,10.7,7.3,0.074,49,reviewed,us,us
2016-11-13T13:09:59.460Z,-41.6612,174.1628,10.04,4.1,mb,,84,0.095,0.27,us,us10007dfc,2017-02-09T03:02:22.040Z,"23 km SE of Blenheim, New Zealand",earthquake,4.2,7,0.213,6,reviewed,us,us
2016-11-13T13:05:37.850Z,-41.9462,174.1619,10,4.5,mb,,173,0.2,0.65,us,us10007df0,2017-02-09T03:02:22.040Z,"50 km SSE of Blenheim, New Zealand",earthquake,1.4,1.9,0.191,8,reviewed,us,us
2016-11-13T13:04:58.390Z,-41.7298,174.0892,10,4.4,mb,,130,0.095,0.6,us,us10007def,2017-02-09T03:02:22.040Z,"26 km SSE of Blenheim, New Zealand",earthquake,4.1,1.9,0.202,10,reviewed,us,us
2016-11-13T12:59:08.950Z,-41.7893,174.2408,8.91,4.6,mb,,106,0.045,0.67,us,us10007dec,2017-02-09T03:02:22.040Z,"38 km SE of Blenheim, New Zealand",earthquake,4.6,6.7,0.193,8,reviewed,us,us
2016-11-13T12:56:22.280Z,-42.4801,172.9259,10,4.7,mb,,138,0.569,0.47,us,us10007dbh,2017-02-09T03:02:22.040Z,"76 km NNE of Amberley, New Zealand",earthquake,4.3,1.8,0.166,11,reviewed,us,us
2016-11-13T12:52:54.430Z,-42.1944,173.7986,10,4.9,mb,,75,0.293,1.13,us,us10007dcv,2017-02-09T03:02:22.040Z,"76 km S of Blenheim, New Zealand",earthquake,3.7,1.6,0.126,20,reviewed,us,us
2016-11-13T12:52:19.290Z,-42.2331,173.6385,6.02,4.7,mb,,118,0.547,0.44,us,us100077a8,2017-02-09T03:02:22.040Z,"83 km SSW of Blenheim, New Zealand",earthquake,2,5.5,0.208,7,reviewed,us,us
2016-11-13T12:46:30.310Z,-41.7588,174.2554,14.67,4.6,mb,,104,0.287,0.91,us,us10007de7,2017-02-09T03:02:22.040Z,"36 km SE of Blenheim, New Zealand",earthquake,4.1,6.8,0.165,11,reviewed,us,us
2016-11-13T12:45:42.260Z,-41.7893,174.0972,8.65,4.9,mb,,105,0.096,0.37,us,us10007dca,2017-02-09T03:02:22.040Z,"32 km SSE of Blenheim, New Zealand",earthquake,11.8,7.4,0.145,15,reviewed,us,us
2016-11-13T12:45:10.040Z,-42.445,173.2099,7.25,4.3,mb,,97,0.245,0.55,us,us10007de8,2017-02-09T03:02:22.040Z,"88 km NNE of Amberley, New Zealand",earthquake,3.1,6.6,0.238,5,reviewed,us,us
2016-11-13T12:43:53.050Z,-42.2916,173.2946,11.24,5.1,mb,,84,0.219,0.77,us,us10007dcu,2017-02-09T03:02:22.040Z,"101 km SSE of Wakefield, New Zealand",earthquake,3.8,5.8,0.18,10,reviewed,us,us
2016-11-13T12:40:55.280Z,-42.4841,173.4009,2.5,4.7,mb,,80,0.122,1.04,us,us10007de6,2017-02-09T03:02:22.040Z,"92 km NE of Amberley, New Zealand",earthquake,3,5.1,0.159,12,reviewed,us,us
2016-11-13T12:38:38.240Z,-41.7366,174.2555,15.36,5.2,mb,,102,0.033,1.09,us,us100077ad,2017-02-09T03:02:22.040Z,"35 km SE of Blenheim, New Zealand",earthquake,2.1,3.7,0.101,32,reviewed,us,us
2016-11-13T12:37:45.390Z,-42.394,173.3656,10,5.2,mb,,99,0.13,0.8,us,us100077a0,2017-02-09T03:02:22.040Z,"99 km NNE of Amberley, New Zealand",earthquake,1.5,1.9,0.153,14,reviewed,us,us
2016-11-13T12:37:16.860Z,-17.4377,-174.1529,105.62,4.7,mb,,69,4.188,0.9,us,us100077a6,2017-02-09T03:02:22.040Z,"Tonga",earthquake,3.2,7.6,0.097,32,reviewed,us,us
2016-11-13T12:36:35.820Z,-41.4347,173.9698,20.67,5.1,mb,,139,0.288,1.13,us,us10007de4,2017-02-09T03:02:22.040Z,"9 km N of Blenheim, New Zealand",earthquake,7.4,7.9,0.158,13,reviewed,us,us
2016-11-13T12:33:26.480Z,-42.3547,173.2242,10,4.6,mb,,75,0.241,1.33,us,us10007dbg,2017-02-09T03:02:22.040Z,"97 km NNE of Amberley, New Zealand",earthquake,2.9,1.9,0.136,16,reviewed,us,us
2016-11-13T12:32:17.460Z,-42.7818,174.2679,4.94,4.7,mb,,204,2.101,1.2,us,us10007de3,2017-02-09T03:02:22.040Z,"132 km ENE of Amberley, New Zealand",earthquake,8.1,7.4,0.138,16,reviewed,us,us
2016-11-13T12:31:23.490Z,-41.8775,174.1817,10,4.4,mb,,112,0.28,1.09,us,us10007dbf,2017-02-09T03:02:22.040Z,"44 km SSE of Blenheim, New Zealand",earthquake,3.5,2,0.267,4,reviewed,us,us
2016-11-13T12:30:37.549Z,68.5466,-144.7525,8.4,2.6,ml,,,,0.72,ak,ak016em482oa,2023-08-03T19:19:22.397Z,"56 km NE of Arctic Village, Alaska",earthquake,,0.3,,,reviewed,ak,ak
2016-11-13T12:27:59.370Z,-42.396,173.7575,7.52,5.2,mb,,131,0.163,0.61,us,us100077ff,2017-02-09T03:02:22.040Z,"99 km S of Blenheim, New Zealand",earthquake,4.7,1.8,0.113,26,reviewed,us,us
2016-11-13T12:25:55.170Z,-42.736,172.8355,8.78,5.2,mb,,58,0.418,0.95,us,us1000779s,2017-02-09T03:02:22.040Z,"47 km N of Amberley, New Zealand",earthquake,5.5,3.5,0.094,38,reviewed,us,us
2016-11-13T12:23:02.280Z,-43.4903,173.7496,10,5,mb,,176,1.084,0.99,us,us10007de2,2017-02-09T03:02:22.040Z,"89 km ESE of Woodend, New Zealand",earthquake,9.2,2,0.134,18,reviewed,us,us
2016-11-13T12:22:12.360Z,-41.8123,174.2692,12.66,5.2,mb,,108,0.075,0.68,us,us10007dap,2017-02-09T03:02:22.040Z,"42 km SE of Blenheim, New Zealand",earthquake,3.7,4,0.128,20,reviewed,us,us
2016-11-13T12:20:44.330Z,-42.2733,173.4999,12.33,4.9,mb,,99,0.145,0.63,us,us1000779m,2017-02-09T03:02:21.040Z,"92 km SSW of Blenheim, New Zealand",earthquake,5.1,4.9,0.094,36,reviewed,us,us
2016-11-13T12:17:57.230Z,-42.3399,174.1228,5.19,4.6,mb,,136,0.594,0.85,us,us10007dbd,2017-02-09T03:02:21.040Z,"92 km S of Blenheim, New Zealand",earthquake,6.2,6.3,0.183,9,reviewed,us,us
2016-11-13T12:15:58.720Z,-42.7707,172.9897,8.8,4.9,mb,,169,0.529,0.54,us,us100077fe,2017-02-09T03:02:21.040Z,"47 km NNE of Amberley, New Zealand",earthquake,2,4.7,0.177,10,reviewed,us,us
2016-11-13T12:13:06.495Z,57.0763,-157.7853,10.9,2.1,ml,,,,0.47,ak,ak016em44d3t,2023-08-03T19:19:20.611Z,"53 km ENE of Port Heiden, Alaska",earthquake,,0.2,,,reviewed,ak,ak
2016-11-13T12:12:31.880Z,-42.4402,173.6538,10,4.9,mb,,167,0.088,0.86,us,us10007dev,2017-02-09T03:02:21.040Z,"105 km SSW of Blenheim, New Zealand",earthquake,4.4,1.9,0.156,13,reviewed,us,us
2016-11-13T12:11:59.120Z,-41.7797,174.2325,10,4.9,mb,,106,0.274,0.95,us,us10007dcq,2017-02-09T03:02:21.040Z,"37 km SE of Blenheim, New Zealand",earthquake,2.7,1.9,0.155,13,reviewed,us,us
2016-11-13T12:09:56.600Z,-41.8402,174.217,10,4.7,mb,,110,0.091,0.94,us,us10007dff,2017-02-09T03:02:21.040Z,"42 km SSE of Blenheim, New Zealand",earthquake,3.1,1.4,0.165,11,reviewed,us,us
2016-11-13T12:09:08.610Z,-42.4131,173.1105,11.16,4.5,mb,,144,0.667,0.99,us,us10007dbb,2017-02-09T03:02:21.040Z,"88 km NNE of Amberley, New Zealand",earthquake,4.2,6.6,0.271,4,reviewed,us,us
2016-11-13T12:05:33.000Z,-42.5446,173.5947,10,4.8,mb,,191,0.135,0.48,us,us10007dbe,2017-02-09T03:02:21.040Z,"98 km NE of Amberley, New Zealand",earthquake,5.5,1.9,0.143,15,reviewed,us,us
2016-11-13T12:04:15.580Z,-41.687,174.506,17.22,5,mb,,102,0.227,0.81,us,us1000779j,2017-02-09T03:02:21.040Z,"47 km SSW of Brooklyn, New Zealand",earthquake,4,5.7,0.113,25,reviewed,us,us
2016-11-13T11:52:45.010Z,-42.1762,173.6227,13.99,6.1,mww,,64,0.247,1.1,us,us1000779b,2022-05-03T19:48:06.159Z,"78 km SSW of Blenheim, New Zealand",earthquake,4,2.6,,,reviewed,us,us
2016-11-13T11:49:03.290Z,-41.6189,174.2463,18.56,4.6,mb,,93,0.293,0.83,us,us10007de1,2017-02-09T03:02:21.040Z,"27 km ESE of Blenheim, New Zealand",earthquake,6.1,4,0.193,8,reviewed,us,us
2016-11-13T11:47:52.720Z,-42.0068,173.7915,6.35,4.3,mb,,67,0.298,0.92,us,us10007db9,2017-02-09T03:02:21.040Z,"56 km SSW of Blenheim, New Zealand",earthquake,3.9,6.2,0.201,7,reviewed,us,us
2016-11-13T11:41:49.800Z,-41.6877,174.2061,14.59,5.7,mb,,40,0.061,1.11,us,us10007797,2022-05-03T19:47:46.824Z,"28 km SE of Blenheim, New Zealand",earthquake,4.6,2.1,0.092,42,reviewed,us,us
2016-11-13T11:35:39.100Z,37.1173333,-97.9598333,7.09,2.15,ml,14,138,0.1032,0.04,ismpkansas,ismpkansas70213198,2016-11-17T01:45:03.920Z,"7 km ESE of Anthony, Kansas",earthquake,0.18,0.43,0.186,13,reviewed,ismp,ismp
2016-11-13T11:33:45.790Z,-42.0511,174.3037,10.06,5.8,mb,,125,0.309,1.01,us,us10007ddw,2022-05-03T19:48:07.339Z,"66 km SSE of Blenheim, New Zealand",earthquake,3.8,1.1,0.146,17,reviewed,us,us
2016-11-13T11:32:06.540Z,-42.3205,173.6694,10,6.5,mww,,58,0.135,1.45,us,us10007795,2022-05-03T19:47:48.486Z,"92 km SSW of Blenheim, New Zealand",earthquake,4.4,1.7,,,reviewed,us,us
2016-11-13T11:28:13.960Z,63.0317,-150.9479,117.6,3.1,ml,,,,0.46,ak,ak016em3m5tg,2023-08-03T19:19:09.596Z,"60 km N of Petersville, Alaska",earthquake,,0.2,,,reviewed,ak,ak
2016-11-13T11:24:18.090Z,-41.9404,173.7089,18.04,5.3,mb,,63,0.257,0.94,us,us10007ddz,2017-02-09T03:02:21.040Z,"51 km SSW of Blenheim, New Zealand",earthquake,4.9,1.8,0.133,19,reviewed,us,us
2016-11-13T11:23:29.250Z,-42.6024,174.3383,10,4.5,mb,,194,0.857,0.69,us,us10007dbw,2017-02-09T03:02:21.040Z,"124 km SSE of Blenheim, New Zealand",earthquake,5.8,2,0.313,3,reviewed,us,us
2016-11-13T11:19:34.890Z,-42.2132,173.4319,10,5.5,mb,,81,0.597,1.07,us,us10007db8,2020-07-10T15:16:16.575Z,"88 km SSW of Blenheim, New Zealand",earthquake,2.6,1.9,0.169,12,reviewed,us,us
2016-11-13T11:12:39.170Z,-42.4063,173.6606,9.91,5.7,mb,,79,0.709,1,us,us10007798,2022-05-03T19:47:50.037Z,"101 km SSW of Blenheim, New Zealand",earthquake,4.6,4.5,0.086,49,reviewed,us,us
2016-11-13T11:04:55.110Z,28.2419,143.4944,10,4.9,mb,,139,1.628,1.33,us,us1000778k,2017-02-09T03:02:21.040Z,"Bonin Islands, Japan region",earthquake,8.7,1.9,0.132,18,reviewed,us,us
2016-11-13T11:02:56.340Z,-42.7373,173.054,15.11,7.8,mww,,21,0.481,0.56,us,us1000778i,2023-10-23T09:44:18.594Z,"53 km NNE of Amberley, New Zealand",earthquake,4.6,3.2,,,reviewed,us,us
2016-11-13T10:57:15.900Z,36.5031,-98.3449,11.106,2.5,ml,,75,,0.5,us,us1000778h,2017-02-09T03:02:21.040Z,"8 km SW of Helena, Oklahoma",earthquake,0.9,6.5,,,reviewed,tul,tul
2016-11-13T10:53:56.331Z,54.3445,-162.3905,13,2.3,ml,,,,0.45,ak,ak016em366dt,2023-08-03T19:19:07.626Z,"79 km S of King Cove, Alaska",earthquake,,4.9,,,reviewed,ak,ak
2016-11-13T09:38:06.800Z,15.391,-93.922,59.9,4.1,mb,,,,1.81,us,us10007fsi,2017-02-09T03:02:21.040Z,"58 km SW of Manuel Ávila Camacho (Ponte Duro), Mexico",earthquake,6,8.8,0.12,19,reviewed,unm,us
2016-11-13T09:33:48.580Z,-4.8894,153.8786,93.74,4.2,mb,,161,1.845,0.74,us,us10007db5,2017-02-09T03:02:21.040Z,"188 km ESE of Kokopo, Papua New Guinea",earthquake,14.1,8.6,0.166,10,reviewed,us,us
2016-11-13T09:10:33.890Z,12.6168,51.1617,15.08,4.4,mb,,180,8.204,0.9,us,us10007db4,2017-02-09T03:02:21.040Z,"83 km N of Bereeda, Somalia",earthquake,14,6.8,0.102,28,reviewed,us,us
2016-11-13T09:04:14.640Z,19.175333,-155.4793396,36.533,2.4,ml,57,78,,0.13,hv,hv61479446,2020-07-06T20:59:10.510Z,"3 km S of P?hala, Hawaii",earthquake,0.43,0.68,0.27,10,automatic,hv,hv
2016-11-13T08:54:19.833Z,59.7143,-153.409,123.6,2.2,ml,,,,0.3,ak,ak016em1zg2n,2023-08-03T19:18:44.779Z,"40 km ESE of Pedro Bay, Alaska",earthquake,,0.6,,,reviewed,ak,ak
2016-11-13T08:53:26.580Z,-4.5937,154.0843,105.2,4.1,mb,,192,1.956,0.34,us,us10007db3,2017-02-09T03:02:21.040Z,"203 km E of Kokopo, Papua New Guinea",earthquake,13.2,8.9,0.145,13,reviewed,us,us
2016-11-13T08:02:29.700Z,-6.1497,151.4693,59.77,4.3,mb,,143,2.065,0.43,us,us10007db2,2017-02-09T03:02:21.040Z,"161 km ESE of Kimbe, Papua New Guinea",earthquake,7.2,10.3,0.153,12,reviewed,us,us
2016-11-13T07:50:58.470Z,54.8203,163.465,35.79,4.5,mb,,161,3.368,0.59,us,us10007dbj,2017-02-09T03:02:21.040Z,"168 km SSE of Ust’-Kamchatsk Staryy, Russia",earthquake,12.2,9.5,0.127,18,reviewed,us,us
2016-11-13T07:46:25.324Z,54.3396,-161.4802,13.1,2.1,ml,,,,0.42,ak,ak016em1cb5w,2023-08-03T19:18:37.505Z,"96 km SSE of King Cove, Alaska",earthquake,,1.2,,,reviewed,ak,ak
2016-11-13T07:43:16.270Z,-17.8754,-178.0451,529.5,4.4,mb,,73,3.719,0.67,us,us10007788,2017-02-09T03:02:21.040Z,"280 km E of Levuka, Fiji",earthquake,11.5,6.6,0.049,121,reviewed,us,us
2016-11-13T07:36:24.780Z,26.5043,140.8713,490.92,4.2,mb,,211,1.313,0.93,us,us1000778f,2017-02-09T03:02:21.040Z,"Bonin Islands, Japan region",earthquake,15.8,12.2,0.112,22,reviewed,us,us
2016-11-13T06:55:07.530Z,60.3653,-152.7104,108,2.2,ml,,,,0.61,ak,ak016em0srmp,2023-08-03T19:18:33.759Z,"67 km WNW of Ninilchik, Alaska",earthquake,,0.2,,,reviewed,ak,ak
2016-11-13T06:50:34.510Z,-31.6751,179.9832,338.62,4.1,mb,,142,3.019,0.46,us,us10007db0,2017-02-09T03:02:21.040Z,"Kermadec Islands region",earthquake,13.9,6.1,0.127,17,reviewed,us,us
2016-11-13T06:38:35.332Z,57.7395,-153.1651,40.3,2.4,ml,,,,0.32,ak,ak016em0p6lp,2023-08-03T19:18:32.093Z,"22 km SW of Port Lions, Alaska",earthquake,,0.7,,,reviewed,ak,ak
2016-11-13T05:57:45.400Z,36.4391,-97.2024,6.57,2.6,ml,,48,,0.45,us,us1000777p,2017-02-09T03:02:20.040Z,"3 km SW of Red Rock, Oklahoma",earthquake,1.2,5.4,,,reviewed,tul,tul
2016-11-13T05:51:53.255Z,63.2235,-150.6573,126.5,2.3,ml,,,,0.55,ak,ak016em06kot,2023-08-03T19:18:26.763Z,"63 km SE of Denali National Park, Alaska",earthquake,,0.3,,,reviewed,ak,ak
2016-11-13T05:50:37.735Z,57.0683,-157.6597,10.5,2.6,ml,,,,0.6,ak,ak016em06brx,2023-08-03T19:18:25.040Z,"51 km SSW of Ugashik, Alaska",earthquake,,0.2,,,reviewed,ak,ak
2016-11-13T05:41:17.000Z,19.256,-66.5935,25,3.2,Md,13,252,0.77704272,0.27,pr,pr16318002,2017-02-09T03:02:20.040Z,"87 km N of Arecibo, Puerto Rico",earthquake,1.1,17.3,0,11,reviewed,pr,pr
2016-11-13T05:38:05.800Z,18.2117,-65.8013,45,2.1,Md,3,223.2,0.08354332,0.02,pr,pr16318003,2016-11-13T08:27:19.939Z,"1 km WSW of Río Blanco, Puerto Rico",earthquake,8.5,1.2,0,3,reviewed,pr,pr
2016-11-13T05:37:12.200Z,18.5953,-66.5684,3,2.7,Md,3,244.8,0.30273225,0.43,pr,pr16318004,2017-02-09T03:02:20.040Z,"15 km N of Garrochales, Puerto Rico",earthquake,4.1,1.8,0,3,reviewed,pr,pr
2016-11-13T05:22:54.092Z,58.2985,-152.7003,52,2.1,ml,,,,0.43,ak,ak016em00czl,2023-08-03T19:18:19.631Z,"29 km NNE of Aleneva, Alaska",earthquake,,0.5,,,reviewed,ak,ak
2016-11-13T04:53:47.660Z,31.2744,142.0219,34.1,4.5,mb,,133,2.621,1.06,us,us1000777d,2017-02-09T03:02:20.040Z,"Izu Islands, Japan region",earthquake,9.7,5.2,0.15,13,reviewed,us,us
2016-11-13T04:48:08.020Z,47.7136667,-113.7128333,7.97,3.06,ml,20,180,0.251,0.16,mb,mb80189089,2021-05-13T22:00:42.132Z,"20 km N of Condon, Montana",earthquake,0.54,1.12,0.156,16,reviewed,mb,mb
2016-11-13T03:59:20.880Z,59.9627,-147.8526,24.9,2,ml,,,,0.4,ak,ak016elz1cpk,2023-08-03T19:17:54.414Z,"14 km SE of Chenega, Alaska",earthquake,,0.5,,,reviewed,ak,ak
2016-11-13T03:56:01.193Z,55.1245,-162.1771,10.8,2.3,ml,,,,0.68,ak,ak016elz0o1j,2023-08-03T19:17:47.489Z,"11 km NE of King Cove, Alaska",earthquake,,0.1,,,reviewed,ak,ak
2016-11-13T03:53:10.431Z,57.5739,-152.0542,12.5,2.3,ml,,,,0.35,ak,ak016elz01lv,2023-08-03T19:17:40.607Z,"14 km ESE of Chiniak, Alaska",earthquake,,0.6,,,reviewed,ak,ak
2016-11-13T03:50:58.890Z,-19.9438,-177.7951,482.79,4.5,mb,,144,14.871,0.7,us,us10007778,2017-02-09T03:02:20.040Z,"Fiji region",earthquake,15.6,8.4,0.095,33,reviewed,us,us
2016-11-13T03:44:03.462Z,59.1401,-154.7178,151.1,2.2,ml,,,,0.29,ak,ak016elyy3mi,2023-08-03T19:17:33.762Z,"33 km S of Kokhanok, Alaska",earthquake,,1,,,reviewed,ak,ak
2016-11-13T03:30:42.730Z,51.9362,-174.0909,159.67,4,mb,,195,1.607,1.09,us,us100079lk,2023-08-03T19:17:17.887Z,"29 km SSE of Atka, Alaska",earthquake,15.6,19.5,0.106,24,reviewed,us,us
2016-11-13T03:13:11.121Z,57.5813,-152.0045,15.2,2.2,ml,,,,0.35,ak,ak016elyrh0o,2023-08-03T19:17:13.869Z,"16 km E of Chiniak, Alaska",earthquake,,1.7,,,reviewed,ak,ak
2016-11-13T03:01:26.670Z,-54.9412,-31.5791,10,4.3,mb,,205,2.929,0.4,us,us10007dav,2017-02-09T03:02:20.040Z,"South Georgia Island region",earthquake,16.3,2,0.188,8,reviewed,us,us
2016-11-13T02:51:44.335Z,57.0435,-157.6232,12.2,2.4,ml,,,,0.66,ak,ak016elye96p,2023-08-03T19:17:11.885Z,"54 km SSW of Ugashik, Alaska",earthquake,,0.5,,,reviewed,ak,ak
2016-11-13T02:49:17.777Z,58.4572,-137.0314,4.9,2,ml,,,,0.63,ak,ak016elydrpd,2023-08-03T19:17:10.113Z,"49 km NW of Elfin Cove, Alaska",earthquake,,0.8,,,reviewed,ak,ak
2016-11-13T02:23:21.060Z,33.908,-118.658,11.34,2.34,ml,77,60,0.1513,0.23,ci,ci37739264,2017-02-08T20:40:55.761Z,"14km SSE of Malibu Beach, CA",earthquake,0.23,0.4,0.146,113,reviewed,ci,ci
2016-11-13T02:20:53.040Z,-29.1474,60.9794,10,4.4,mb,,93,14.695,0.6,us,us10007dau,2017-02-09T03:02:20.040Z,"Southwest Indian Ridge",earthquake,13.4,1.9,0.13,17,reviewed,us,us
2016-11-13T02:09:43.400Z,19.281,-68.9199,14.3,4.8,Ml,48,216,0.26500301,1.46,pr,pr16318001,2017-02-09T03:02:20.040Z,"35 km NNE of Miches, Dominican Republic",earthquake,10,10,0,19,reviewed,pr,pr
2016-11-13T01:18:00.000Z,38.6613333,-122.7765,2.18,2.07,md,55,77,0.05135,0.07,nc,nc72724330,2017-02-11T06:59:40.430Z,"9 km NE of Healdsburg, California",earthquake,0.15,1.84,0.133,40,reviewed,nc,nc
2016-11-13T01:17:31.360Z,51.3827,178.348,10,2.5,ml,,209,0.596,0.84,us,us100079lf,2023-08-03T19:17:02.375Z,"Rat Islands, Aleutian Islands, Alaska",earthquake,9.3,2,,,reviewed,us,ak
2016-11-13T01:07:15.440Z,-17.6157,-178.5779,557.5,4.3,mb,,71,3.214,0.74,us,us10007dat,2017-02-09T03:02:20.040Z,"228 km ENE of Levuka, Fiji",earthquake,14.1,5.1,0.148,14,reviewed,us,us
2016-11-13T01:06:51.983Z,57.058,-157.6208,12.8,3.4,ml,,,,0.57,ak,ak016elxj6y6,2023-08-03T19:17:00.399Z,"52 km SSW of Ugashik, Alaska",earthquake,,0.2,,,reviewed,ak,ak
2016-11-13T01:06:28.200Z,19.2686,-66.607,27,3.5,Md,17,248.4,0.79051745,0.23,pr,pr16318000,2017-02-09T03:02:20.040Z,"88 km N of Arecibo, Puerto Rico",earthquake,0.9,11.1,0,15,reviewed,pr,pr
2016-11-13T01:04:45.569Z,41.8539,-119.6407,10.4,2.5,ml,7,123.02,0.153,0.1879,nn,nn00566285,2018-07-02T18:06:43.113Z,"42 km E of Fort Bidwell, California",earthquake,,4.2,0.26,5,reviewed,nn,nn
2016-11-13T01:02:45.605Z,53.6489,-165.0298,59.5,2.3,ml,,,,0.81,ak,ak016elxiblc,2023-08-03T19:16:58.519Z,"72 km SE of Akutan, Alaska",earthquake,,4.2,,,reviewed,ak,ak
2016-11-13T01:01:51.370Z,-28.1225,-67.3071,118.77,5.3,mww,,25,2.065,0.66,us,us1000776j,2017-02-09T03:02:20.040Z,"26 km ESE of Tinogasta, Argentina",earthquake,6.5,2.9,,,reviewed,us,us
2016-11-13T00:55:46.510Z,-24.9464,-179.9909,493.3,4.6,mb,,119,7.394,0.94,us,us1000776l,2017-02-09T03:02:20.040Z,"south of the Fiji Islands",earthquake,9.5,6.6,0.082,44,reviewed,us,us
2016-11-13T00:30:38.293Z,62.1525,-151.1984,14,3.3,ml,,,,0.76,ak,ak016elx2vh1,2023-08-03T19:16:42.628Z,"20 km NNE of Skwentna, Alaska",earthquake,,0.1,,,reviewed,ak,ak
2016-11-12T23:54:08.646Z,54.4757,-161.5212,16.7,2.3,ml,,,,0.49,ak,ak016ekndksg,2023-08-03T19:16:34.690Z,"82 km SE of King Cove, Alaska",earthquake,,1.3,,,reviewed,ak,ak
2016-11-12T23:36:41.620Z,-2.4497,139.9417,10,4.1,mb,,125,7.429,0.76,us,us100079el,2017-02-09T03:02:20.040Z,"78 km WNW of Abepura, Indonesia",earthquake,6,1.9,0.185,8,reviewed,us,us
2016-11-12T23:06:42.150Z,-6.4297,129.9373,161.04,4.1,mb,,105,2.05,1.11,us,us100079eq,2017-02-09T03:02:20.040Z,"Banda Sea",earthquake,10.9,25.7,0.233,5,reviewed,us,us
2016-11-12T22:43:21.200Z,37.0299,142.0578,11.05,4,mwr,,135,1.311,0.69,us,us10007766,2017-02-09T03:02:20.040Z,"104 km E of Iwaki, Japan",earthquake,7.2,5.2,0.075,17,reviewed,us,us
2016-11-12T22:35:15.110Z,52.54,-174.2692,139.55,4.3,mb,,157,1.187,0.9,us,us10007764,2023-08-03T19:16:25.014Z,"38 km N of Atka, Alaska",earthquake,12,10.4,0.073,53,reviewed,us,us
2016-11-12T22:32:23.570Z,42.796,13.139,9.8,4.4,mb,,,,0.87,us,us1000775z,2017-02-09T03:02:20.040Z,"3 km E of Norcia, Italy",earthquake,5.9,5.7,0.31,3,reviewed,rom,us
2016-11-12T22:28:14.744Z,57.0399,-157.597,4.6,2.4,ml,,,,0.59,ak,ak016ekmml1e,2023-08-03T19:16:16.224Z,"54 km SSW of Ugashik, Alaska",earthquake,,0.4,,,reviewed,ak,ak
2016-11-12T22:26:32.469Z,63.0681,-150.9472,129.1,2.2,ml,,,,0.43,ak,ak016ekmm6z2,2023-08-03T19:16:14.159Z,"64 km N of Petersville, Alaska",earthquake,,0.4,,,reviewed,ak,ak
2016-11-12T22:06:57.573Z,56.9913,-157.4403,3.1,2.9,ml,,,,0.79,ak,ak016ekmhyl9,2023-08-03T19:16:12.245Z,"58 km S of Ugashik, Alaska",earthquake,,0.7,,,reviewed,ak,ak
2016-11-12T22:01:06.188Z,57.057,-157.859,15,2.5,ml,,,,0.75,ak,ak016ekmgs1m,2023-08-03T19:16:10.391Z,"48 km ENE of Port Heiden, Alaska",earthquake,,0.8,,,reviewed,ak,ak
2016-11-12T21:52:36.711Z,57.0687,-157.6624,10.3,5,mw,,,,0.77,ak,ak016ekm6cbb,2023-08-03T19:16:03.504Z,"52 km SSW of Ugashik, Alaska",earthquake,,0.2,,,reviewed,ak,ak
2016-11-12T21:38:19.830Z,37.1178333,-97.9606667,7.67,2.09,ml,10,170,0.1033,0.01,ismpkansas,ismpkansas70213418,2016-11-16T02:45:27.740Z,"7 km ESE of Anthony, Kansas",earthquake,0.25,0.5,0.161,10,reviewed,ismp,ismp
2016-11-12T21:37:41.200Z,37.1186667,-97.9593333,7.61,2.27,ml,16,138,0.1019,0.03,ismpkansas,ismpkansas70213158,2016-11-16T02:33:31.690Z,"7 km ESE of Anthony, Kansas",earthquake,0.15,0.29,0.163,14,reviewed,ismp,ismp
2016-11-12T21:09:20.660Z,-6.4967,103.4729,35,4.3,mb,,199,2.183,0.97,us,us100079em,2017-02-09T03:02:20.040Z,"230 km WSW of Bandar Lampung, Indonesia",earthquake,12.7,2,0.168,10,reviewed,us,us
2016-11-12T21:07:33.030Z,-6.3565,103.561,35,4.6,mb,,111,2.072,0.66,us,us1000775l,2017-02-09T03:02:20.040Z,"214 km WSW of Bandar Lampung, Indonesia",earthquake,7.9,2,0.081,46,reviewed,us,us
2016-11-12T21:05:15.480Z,37.289,-118.4378333,8.42,2.13,md,25,130,0.1189,0.19,nc,nc72724275,2018-07-02T18:06:41.472Z,"4 km WNW of Wilkerson, California",earthquake,0.54,0.67,0.189,20,reviewed,nc,nc
2016-11-12T21:00:11.200Z,19.089,-64.689,24,2.4,Md,5,309.6,0.75727978,0.17,pr,pr16317023,2016-11-13T00:29:51.858Z,"84 km N of Cruz Bay, U.S. Virgin Islands",earthquake,1.4,16.4,0,3,reviewed,pr,pr
2016-11-12T20:57:01.390Z,10.5648,-62.7463,8.35,3.7,mwr,,47,1.89,0.97,us,us100079ek,2017-02-09T03:02:20.040Z,"49 km W of Güiria, Venezuela",earthquake,5.4,7.2,,,reviewed,us,car
2016-11-12T20:51:07.830Z,6.0879,-82.7003,10,4.4,mb,,156,2.475,0.9,us,us1000775k,2017-02-09T03:02:20.040Z,"215 km S of Punta de Burica, Panama",earthquake,5.2,1.9,0.17,10,reviewed,us,us
2016-11-12T20:43:56.500Z,36.8194,-97.6339,7.999,2.5,ml,,51,,0.21,us,us1000775j,2017-02-09T03:02:20.040Z,"9 km E of Medford, Oklahoma",earthquake,0.9,8.4,,,reviewed,tul,tul
2016-11-12T20:20:11.610Z,53.5923,-164.9301,32.02,3.4,mb,,220,0.737,1.02,us,us10007a7g,2023-08-03T19:15:46.904Z,"82 km SE of Akutan, Alaska",earthquake,8,15.6,0.246,4,reviewed,us,us
2016-11-12T20:08:46.840Z,6.1142,-82.5906,10,5.6,mwb,,50,2.459,1.05,us,us1000775e,2022-05-03T19:47:27.610Z,"214 km S of Punta de Burica, Panama",earthquake,6.9,1.8,0.043,52,reviewed,us,us
2016-11-12T19:33:56.160Z,53.564,-164.8847,50,3.4,ml,,,,0.53,us,us10007a7f,2023-08-03T19:15:42.993Z,"86 km SE of Akutan, Alaska",earthquake,7.1,10.1,0.148,6,reviewed,ak,us
2016-11-12T19:30:31.690Z,17.1631,147.2858,21.82,4.3,mb,,212,2.391,0.91,us,us100079ei,2017-02-09T03:02:20.040Z,"270 km NE of Saipan, Northern Mariana Islands",earthquake,8.1,11,0.177,9,reviewed,us,us
2016-11-12T19:28:59.270Z,46.566,150.0505,179.5,4.1,mb,,129,5.797,0.73,us,us100079ej,2017-02-09T03:02:20.040Z,"224 km NE of Kuril’sk, Russia",earthquake,11.6,8,0.08,43,reviewed,us,us
2016-11-12T18:55:13.404Z,64.4286,-152.1594,9,2.2,ml,,,,0.6,ak,ak016ekkemuk,2023-08-03T19:15:39.517Z,"61 km N of Lake Minchumina, Alaska",earthquake,,0.3,,,reviewed,ak,ak
2016-11-12T18:35:02.660Z,60.4377,-150.8826,66.3,3.1,ml,,,,0.65,ak,ak016ekkabp6,2023-08-03T19:15:37.969Z,"9 km SW of Funny River, Alaska",earthquake,,0.3,,,reviewed,ak,ak
2016-11-12T17:43:51.570Z,16.4691,148.3501,40.24,4.2,mb,,223,2.746,0.59,us,us100079eh,2017-02-09T03:02:20.040Z,"Mariana Islands region",earthquake,14.3,7.8,0.199,7,reviewed,us,us
2016-11-12T17:36:54.474Z,58.477,-155.6625,140.9,2.2,ml,,,,0.31,ak,ak016ekjp7t3,2023-08-03T19:15:30.225Z,"62 km ESE of King Salmon, Alaska",earthquake,,1.2,,,reviewed,ak,ak
2016-11-12T17:14:58.900Z,35.6712,-97.3953,6.707,2.5,ml,,34,,0.4,us,us1000774v,2022-08-07T11:22:46.481Z,"6 km W of Arcadia, Oklahoma",earthquake,0.8,2,,,reviewed,tul,tul
2016-11-12T16:54:49.100Z,18.8542,-64.419,3,2,Md,3,334.8,0.61804092,0.15,pr,pr16317022,2016-11-12T20:28:58.057Z,"70 km NE of Cruz Bay, U.S. Virgin Islands",earthquake,9.9,7.8,0,2,reviewed,pr,pr
2016-11-12T16:44:53.553Z,59.4217,-151.95,48.8,2.1,ml,,,,0.54,ak,ak016ekj5huz,2023-08-03T19:15:23.406Z,"7 km NNW of Nanwalek, Alaska",earthquake,,0.7,,,reviewed,ak,ak
2016-11-12T16:39:41.100Z,35.9886,-96.8065,6.012,3.3,ml,,43,,0.25,us,us1000774p,2017-02-09T03:02:20.040Z,"3 km W of Cushing, Oklahoma",earthquake,1.1,1.8,,,reviewed,tul,tul
2016-11-12T16:20:24.350Z,19.266,-155.4056667,31.79,2.05,md,53,79,,0.12,hv,hv61478491,2020-07-06T21:00:36.320Z,"10 km NE of P?hala, Hawaii",earthquake,0.47,0.71,0.167,23,reviewed,hv,hv
2016-11-12T16:15:49.970Z,-24.966,178.7853,548,5.9,mww,,33,5.17,1.21,us,us1000774l,2022-05-03T19:47:34.235Z,"south of the Fiji Islands",earthquake,9.5,1.9,,,reviewed,us,us
2016-11-12T14:59:52.000Z,17.8939,-65.6238,8,2.3,Md,4,255.6,0.32698676,0.15,pr,pr16317021,2016-11-12T19:55:14.344Z,"27 km SW of Esperanza, Puerto Rico",earthquake,1,1.5,0,4,reviewed,pr,pr
2016-11-12T14:43:33.780Z,42.72,13.21,10,4.1,mwr,,,,1.26,us,us1000774f,2017-02-09T03:02:19.040Z,"4 km NW of Accumoli, Italy",earthquake,6,1.9,0.048,42,reviewed,rom,us
2016-11-12T14:33:45.280Z,37.2625,-121.6465,3.95,2.2,md,64,49,0.02162,0.06,nc,nc72724155,2017-02-11T06:56:57.250Z,"14 km N of Morgan Hill, California",earthquake,0.1,0.29,0.169,70,reviewed,nc,nc
2016-11-12T13:07:35.400Z,17.9937,-67.0391,14,2.1,Md,5,93.6,0.02425451,0.14,pr,pr16317020,2016-11-12T14:08:28.965Z,"2 km NNE of La Parguera, Puerto Rico",earthquake,0.9,1.3,0,5,reviewed,pr,pr
2016-11-12T12:53:24.670Z,36.319,-118.0591667,0.92,2.46,ml,29,70,0.1218,0.12,ci,ci37738512,2017-02-08T19:46:59.150Z,"6km NW of Olancha, CA",earthquake,0.16,0.49,0.122,85,reviewed,ci,ci
2016-11-12T12:31:36.560Z,-17.5171,-178.5846,508.64,4.8,mb,,57,3.214,1.04,us,us1000773q,2017-02-09T03:02:19.040Z,"230 km ENE of Levuka, Fiji",earthquake,11.8,6.4,0.059,89,reviewed,us,us
2016-11-12T12:01:44.178Z,57.0801,-156.4541,14.6,2.5,ml,,,,0.72,ak,ak016ekgiixd,2023-08-03T19:14:50.913Z,"74 km SE of Ugashik, Alaska",earthquake,,2.2,,,reviewed,ak,ak
2016-11-12T11:55:21.460Z,-23.6542,-179.8499,541.33,4.6,mb,,98,5.828,1.25,us,us100079ec,2017-02-09T03:02:19.040Z,"south of the Fiji Islands",earthquake,12.4,15.9,0.114,23,reviewed,us,us
2016-11-12T11:02:40.957Z,59.8138,-153.0304,100.1,2,ml,,,,0.31,ak,ak016ekfxasf,2023-08-03T19:14:40.205Z,"60 km E of Pedro Bay, Alaska",earthquake,,0.4,,,reviewed,ak,ak
2016-11-12T10:49:22.300Z,53.5142,-163.1663,32.9,3,ml,,,,0.68,us,us10007a78,2023-08-03T19:14:38.510Z,"150 km S of False Pass, Alaska",earthquake,7.8,9.2,,,reviewed,ak,ak
2016-11-12T10:07:12.890Z,53.4642,-163.2669,25.6,2.7,ml,,,,0.42,us,us10007a77,2023-08-03T19:14:36.489Z,"155 km S of False Pass, Alaska",earthquake,9.3,7.9,,,reviewed,ak,ak
2016-11-12T09:39:05.300Z,19.1226,-64.5775,82,2.3,Md,3,331.2,0.80758544,0.05,pr,pr16317019,2016-11-12T13:28:44.424Z,"90 km NNE of Cruz Bay, U.S. Virgin Islands",earthquake,5.9,6.6,0,2,reviewed,pr,pr
2016-11-12T09:34:37.880Z,17.8675,145.8182,484.19,3.8,mb,,150,2.612,0.72,us,us100079et,2017-02-09T03:02:19.040Z,"293 km N of Saipan, Northern Mariana Islands",earthquake,9.8,13.6,0.208,6,reviewed,us,us
2016-11-12T09:15:07.240Z,63.2958,-151.0708,9.4,2.2,ml,,,,0.53,ak,ak016eket5ac,2023-08-03T19:14:34.520Z,"42 km SE of Denali National Park, Alaska",earthquake,,0.2,,,reviewed,ak,ak
2016-11-12T08:33:30.680Z,37.307,-117.6121667,5.56,2.21,ml,12,163,0.07871,0.18,ci,ci37738392,2018-07-02T18:06:38.502Z,"62km ENE of Big Pine, CA",earthquake,0.44,0.89,0.179,31,reviewed,ci,ci
2016-11-12T08:07:01.100Z,36.0142,-96.7533,4.344,2.6,ml,,61,,0.29,us,us10007736,2017-02-09T03:02:19.040Z,"3 km NNE of Cushing, Oklahoma",earthquake,0.9,2.2,,,reviewed,tul,tul
2016-11-12T07:58:49.446Z,56.1326,-156.9858,5.1,2.9,ml,,,,0.64,ak,ak016ekdvl4g,2023-08-18T17:48:53.729Z,"89 km ESE of Chignik, Alaska",earthquake,,0.7,,,reviewed,ak,ak
2016-11-12T07:41:34.900Z,18.201,-65.8085,40,2.3,Md,4,205.2,0.36830927,0.18,pr,pr16317017,2016-11-12T13:09:10.876Z,"1 km N of Antón Ruiz, Puerto Rico",earthquake,6.4,2.6,0,3,reviewed,pr,pr
2016-11-12T06:55:54.895Z,62.0819,-149.6394,42.9,2.6,ml,,,,0.49,ak,ak016ekd9ish,2023-08-03T19:13:50.865Z,"14 km SE of Susitna North, Alaska",earthquake,,0.3,,,reviewed,ak,ak
2016-11-12T06:00:47.370Z,18.3526,-74.2043,11.71,4.4,mb,,52,1.525,0.78,us,us1000772w,2017-02-09T03:02:19.040Z,"5 km NNE of Les Anglais, Haiti",earthquake,3.6,6.8,0.143,14,reviewed,us,us
2016-11-12T05:11:48.954Z,60.0381,-151.7923,56.6,3.1,ml,,,,0.76,ak,ak016ekcen7z,2023-08-03T19:13:22.367Z,"7 km W of Ninilchik, Alaska",earthquake,,0.3,,,reviewed,ak,ak
2016-11-12T05:08:53.900Z,17.8833,-65.6307,4,2.1,Md,8,180,0.33147834,0.25,pr,pr16317015,2016-11-12T08:04:48.812Z,"Puerto Rico region",earthquake,0.9,1.7,0,4,reviewed,pr,pr
2016-11-12T04:59:40.300Z,17.8985,-65.623,7,2.9,Md,5,216,0.3233935,0.25,pr,pr16317014,2017-02-09T03:02:19.040Z,"27 km SW of Esperanza, Puerto Rico",earthquake,1.2,1.8,0,5,reviewed,pr,pr
2016-11-12T04:58:24.800Z,17.8897,-65.6225,8,2.3,Md,6,216,0.33147834,0.25,pr,pr16317013,2016-11-12T07:41:48.333Z,"28 km SW of Esperanza, Puerto Rico",earthquake,1,1.4,0,5,reviewed,pr,pr
2016-11-12T04:44:47.600Z,17.9216,-65.6025,4,2.9,Md,11,172.8,0.32069856,0.36,pr,pr16317010,2017-02-09T03:02:19.040Z,"Puerto Rico region",earthquake,1.1,1.6,0,8,reviewed,pr,pr
2016-11-12T04:38:27.880Z,-23.4312,-66.797,214.21,4.4,mb,,134,1.358,0.95,us,us1000772l,2017-02-09T03:02:19.040Z,"99 km NNW of San Antonio de los Cobres, Argentina",earthquake,10.5,10.5,0.179,9,reviewed,us,us
2016-11-12T04:34:21.860Z,32.9063333,-115.5231667,10.91,2.07,ml,35,71,0.03195,0.28,ci,ci37738216,2017-02-08T21:53:07.536Z,"8km NNE of Imperial, CA",earthquake,0.31,0.61,0.196,50,reviewed,ci,ci
2016-11-12T03:47:47.100Z,36.0915,-119.8788333,15.39,2.04,md,49,110,0.3991,0.13,nc,nc72723880,2017-02-11T06:54:05.750Z,"11 km NE of Kettleman City, California",earthquake,0.33,1.5,0.177,39,reviewed,nc,nc
2016-11-12T03:25:53.600Z,17.9165,-65.6248,3,3.3,Md,17,169.2,0.30991877,0.44,pr,pr16317004,2017-02-09T03:02:19.040Z,"25 km SW of Esperanza, Puerto Rico",earthquake,1.1,0.8,0,16,reviewed,pr,pr
2016-11-12T03:17:24.600Z,17.9211,-65.627,2,3,Md,11,172.8,0.3054272,0.25,pr,pr16317003,2017-02-09T03:02:19.040Z,"25 km SW of Esperanza, Puerto Rico",earthquake,0.5,0.6,0,10,reviewed,pr,pr
2016-11-12T03:12:25.890Z,63.0089,-150.9143,123.3,2.8,ml,,,,0.41,ak,ak016ekb7xy5,2023-08-03T19:13:10.619Z,"57 km N of Petersville, Alaska",earthquake,,0.3,,,reviewed,ak,ak
2016-11-12T02:58:30.200Z,36.9062,-97.4773,7.982,2.4,ml,,89,,0.34,us,us10007727,2017-02-09T03:02:19.040Z,"11 km NNW of Nardin, Oklahoma",earthquake,1.3,5.7,,,reviewed,tul,tul
2016-11-12T02:57:28.400Z,17.8904,-65.6473,10,2,Md,5,216,0.31441035,0.25,pr,pr16317009,2016-11-12T04:58:51.728Z,"27 km SE of El Negro, Puerto Rico",earthquake,1.4,1.9,0,2,reviewed,pr,pr
2016-11-12T02:55:51.200Z,36.9033,-97.4759,4.513,2.6,ml,,90,,0.25,us,us10007724,2017-02-09T03:02:19.040Z,"11 km NNW of Nardin, Oklahoma",earthquake,1.3,1.1,,,reviewed,tul,tul
2016-11-12T02:55:25.900Z,17.8483,-65.6443,5,2,Md,4,248.4,0.35034296,0.1,pr,pr16317008,2016-11-12T04:40:59.506Z,"30 km SE of El Negro, Puerto Rico",earthquake,1.2,2.8,0,4,reviewed,pr,pr
2016-11-12T02:51:08.700Z,17.899,-65.6203,4,2,Md,4,255.6,0.32519013,0.11,pr,pr16317007,2016-11-12T04:39:23.232Z,"27 km SW of Esperanza, Puerto Rico",earthquake,1,1.3,0,4,reviewed,pr,pr
2016-11-12T02:43:30.300Z,17.84,-65.641,7,2.1,Md,4,226.8,0.35932611,0.15,pr,pr16317006,2016-11-12T04:30:11.220Z,"31 km SE of Emajagua, Puerto Rico",earthquake,0.8,1.2,0,3,reviewed,pr,pr
2016-11-12T02:15:56.520Z,54.0011,-163.6172,51.26,2.8,ml,,197,0.865,0.72,us,us10007a76,2023-08-03T19:13:04.662Z,"95 km S of False Pass, Alaska",earthquake,9.3,70.5,0.162,6,reviewed,us,us
2016-11-12T02:15:31.260Z,-6.3274,148.0546,62.91,4.4,mb,,108,3.183,0.79,us,us1000771x,2022-05-03T19:47:21.951Z,"34 km NE of Finschhafen, Papua New Guinea",earthquake,8.4,6.7,0.115,22,reviewed,us,us
2016-11-12T01:59:36.600Z,17.9102,-65.6242,6,2.1,Md,5,255.6,0.31441035,0.15,pr,pr16317005,2016-11-12T04:18:48.874Z,"26 km SW of Esperanza, Puerto Rico",earthquake,1.2,1.3,0,4,reviewed,pr,pr
2016-11-12T01:44:02.470Z,41.3333333,-122.1901667,3.47,2.37,md,27,59,0.07838,0.14,nc,nc72723850,2017-02-11T06:53:37.060Z,"9 km NNW of McCloud, California",earthquake,0.22,2.62,0.247,30,reviewed,nc,nc
2016-11-12T01:36:51.730Z,19.3341667,-155.142,4.03,2.83,ml,48,105,,0.12,hv,hv61477706,2020-07-06T21:00:36.540Z,"14 km S of Fern Forest, Hawaii",earthquake,0.34,1.61,0.182,39,reviewed,hv,hv
2016-11-12T01:15:21.600Z,17.8626,-65.6417,9,2.3,Md,6,223.2,0.34135981,0.21,pr,pr16317002,2016-11-12T03:38:54.268Z,"29 km SE of El Negro, Puerto Rico",earthquake,1.3,3.1,0,5,reviewed,pr,pr
2016-11-12T00:36:59.250Z,19.3021667,-155.5013333,3.73,2.73,ml,48,46,,0.14,hv,hv61477631,2020-07-06T21:00:36.790Z,"11 km NNW of P?hala, Hawaii",earthquake,0.29,1.77,0.178,32,reviewed,hv,hv
2016-11-12T00:19:53.478Z,53.6261,-164.951,53.3,2.2,ml,,,,0.6,ak,ak016ek9h79v,2023-08-03T19:12:41.766Z,"78 km SE of Akutan, Alaska",earthquake,,4.9,,,reviewed,ak,ak
2016-11-12T00:00:56.100Z,18.6261,-68.9866,130,3.7,Md,11,234,0.58390493,0.51,pr,pr16317000,2017-02-09T03:02:19.040Z,"4 km N of Guaymate, Dominican Republic",earthquake,6.1,2.4,0,6,reviewed,pr,pr
2016-11-11T23:48:20.700Z,18.0522,-67.0241,20,2.5,Md,5,108,0.08354332,0.15,pr,pr16316029,2017-02-09T03:02:19.040Z,"3 km E of Lajas, Puerto Rico",earthquake,1.2,1.9,0,5,reviewed,pr,pr
2016-11-11T23:35:37.910Z,-27.3241,-63.4325,572.55,4.2,mb,,41,5.102,0.53,us,us10007716,2017-02-09T03:02:19.040Z,"38 km SSW of El Hoyo, Argentina",earthquake,13.8,8.6,0.187,8,reviewed,us,us
2016-11-11T23:25:17.080Z,19.3373333,-155.192,5.73,3.25,ml,49,79,,0.1,hv,hv61477586,2020-07-06T21:00:37.000Z,"12 km SSE of Volcano, Hawaii",earthquake,0.3,0.57,0.186,44,reviewed,hv,hv
2016-11-11T23:10:50.800Z,19.037,-64.7368,4,2.6,Md,10,277.2,0.62702407,0.2,pr,pr16316030,2017-02-09T03:02:19.040Z,"78 km N of Cruz Bay, U.S. Virgin Islands",earthquake,5.5,5.5,0,7,reviewed,pr,pr
2016-11-11T22:25:31.390Z,24.0934,122.4747,27.58,4.9,mwr,,80,0.615,0.69,us,us1000770y,2017-02-09T03:02:19.040Z,"67 km SW of Yonakuni, Japan",earthquake,7.4,4.5,0.063,24,reviewed,us,us
2016-11-11T22:24:29.600Z,17.8843,-65.6125,3,2.7,Md,10,180,0.34135981,0.66,pr,pr16316028,2017-02-09T03:02:19.040Z,"27 km SSW of Esperanza, Puerto Rico",earthquake,1.9,2.7,0,9,reviewed,pr,pr
2016-11-11T22:03:18.570Z,-24.5218,-174.9803,10,4.1,mb,,303,24.073,0.3,us,us100079bb,2017-02-09T03:02:19.040Z,"south of Tonga",earthquake,14.3,2,0.166,10,reviewed,us,us
2016-11-11T21:42:59.650Z,38.4973,141.5658,42.4,6.1,mww,,22,0.876,1.05,us,us1000770m,2022-05-03T19:47:15.548Z,"24 km ENE of Ishinomaki, Japan",earthquake,5.9,3.5,,,reviewed,us,us
2016-11-11T21:34:28.900Z,18.7805,-68.4326,93,3,Md,7,302.4,0.26949459,0.03,pr,pr16316026,2017-02-09T03:02:19.040Z,"22 km N of Punta Cana, Dominican Republic",earthquake,8.6,2.7,0,4,reviewed,pr,pr
2016-11-11T21:21:58.980Z,38.6125,-121.9215,19.17,2.08,md,31,100,0.1532,0.14,nc,nc72723810,2017-02-11T06:53:04.477Z,"6 km SE of Cottonwood, California",earthquake,0.35,0.49,0.331,27,reviewed,nc,nc
2016-11-11T21:19:47.800Z,17.9307,-65.6221,2,2.8,Md,12,169.2,0.30093562,0.4,pr,pr16316025,2017-02-09T03:02:19.040Z,"24 km SW of Esperanza, Puerto Rico",earthquake,0.8,0.8,0,10,reviewed,pr,pr
2016-11-11T21:04:18.200Z,36.5815,-98.5342,3.996,2.7,ml,,44,,0.54,us,us10007705,2017-02-09T03:02:19.040Z,"6 km W of Carmen, Oklahoma",earthquake,1.2,7.2,,,reviewed,tul,tul
2016-11-11T21:01:26.520Z,2.1299,127.0606,85.56,4.5,mb,,109,1.383,0.64,us,us100079b9,2017-02-09T03:02:19.040Z,"114 km WNW of Tobelo, Indonesia",earthquake,8.2,5.8,0.14,15,reviewed,us,us
2016-11-11T19:55:23.184Z,61.3635,-150.3203,45,2.2,ml,,,,0.46,ak,ak016eixgqpq,2023-08-03T19:11:54.010Z,"18 km W of Point MacKenzie, Alaska",earthquake,,0.2,,,reviewed,ak,ak
2016-11-11T19:34:50.610Z,37.7586,70.1165,48.47,4.2,mb,,49,0.73,0.72,us,us100076zk,2017-02-09T03:02:19.040Z,"33 km ESE of K?lob, Tajikistan",earthquake,3.1,10.4,0.146,14,reviewed,us,us
2016-11-11T19:34:09.950Z,37.3235,-122.104,-0.28,2.04,md,17,63,0.01351,0.05,nc,nc72723755,2017-02-11T06:52:16.808Z,"3 km S of Loyola, California",quarry blast,0.17,31.61,0.025,4,reviewed,nc,nc
2016-11-11T19:11:37.500Z,40.2805,-126.1148333,9.62,2.85,md,9,345,1.37,0.06,nc,nc72723735,2017-02-11T06:51:55.505Z,"160 km WSW of Ferndale, California",earthquake,3,31.61,0.171,13,reviewed,nc,nc
2016-11-11T19:10:05.800Z,18.8915,-64.4493,22,2.4,Md,7,316.8,0.49856498,0.12,pr,pr16316022,2016-11-11T20:46:07.537Z,"Virgin Islands",earthquake,1.2,13.4,0,5,reviewed,pr,pr
2016-11-11T18:56:44.700Z,17.9398,-65.6279,6,2.9,Md,14,169.2,0.29195247,0.62,pr,pr16316013,2017-02-09T03:02:19.040Z,"24 km SW of Esperanza, Puerto Rico",earthquake,1.7,2.4,0,11,reviewed,pr,pr
2016-11-11T18:28:37.200Z,17.9419,-65.6212,3,2.9,Md,13,169.2,0.2937491,0.36,pr,pr16316011,2017-02-09T03:02:19.040Z,"23 km SW of Esperanza, Puerto Rico",earthquake,0.9,1,0,9,reviewed,pr,pr
2016-11-11T18:21:39.550Z,-28.3635,-176.8915,35,4.3,mb,,252,1.265,0.93,us,us100079b7,2017-02-09T03:02:19.040Z,"Kermadec Islands region",earthquake,5.9,2,0.142,14,reviewed,us,us
2016-11-11T18:20:42.410Z,0.5726,146.4626,14.84,4.4,mb,,71,2.75,1.33,us,us100079bc,2017-02-09T03:02:19.040Z,"Federated States of Micronesia region",earthquake,13.2,5.4,0.149,13,reviewed,us,us
2016-11-11T18:14:57.710Z,-8.2917,159.2769,107.55,4.3,mb,,154,1.318,0.77,us,us100079b8,2017-02-09T03:02:19.040Z,"Solomon Islands",earthquake,11.2,9.8,0.122,19,reviewed,us,us
2016-11-11T18:02:49.800Z,17.9044,-65.6173,7,2.5,Md,4,252,0.3233935,0.21,pr,pr16316021,2017-02-09T03:02:19.040Z,"26 km SW of Esperanza, Puerto Rico",earthquake,1.6,1.8,0,4,reviewed,pr,pr
2016-11-11T17:12:07.850Z,-4.4143,133.9229,18.96,4.7,mb,,64,2.235,0.99,us,us100076y1,2017-02-09T03:02:19.040Z,"186 km NE of Tual, Indonesia",earthquake,6.9,4.6,0.073,57,reviewed,us,us
2016-11-11T16:20:10.360Z,7.1537,92.0147,28.66,4.1,mb,,123,4.531,0.55,us,us100079ba,2017-02-09T03:02:19.040Z,"Nicobar Islands, India region",earthquake,12.3,7.2,0.123,18,reviewed,us,us
2016-11-11T15:53:14.700Z,35.6828,-97.0685,5.941,2.5,ml,,42,,0.11,us,us100076wv,2017-02-09T03:02:19.040Z,"1 km SSW of Wellston, Oklahoma",earthquake,1,4,,,reviewed,tul,tul
2016-11-11T15:49:57.000Z,35.6826,-97.0686,6.483,3.3,ml,,42,,0.26,us,us100076wn,2017-02-09T03:02:19.040Z,"Oklahoma",earthquake,1.1,4.7,,,reviewed,tul,tul
2016-11-11T15:46:31.960Z,11.176,-86.5977,49.55,4.5,mb,,186,1.079,0.91,us,us100076wq,2017-02-09T03:02:19.040Z,"68 km S of Masachapa, Nicaragua",earthquake,7.5,13.6,0.157,12,reviewed,us,us
2016-11-11T15:41:22.730Z,51.4176,-178.5129,13.6,2.8,ml,,,,0.38,us,us100076ws,2023-08-03T19:11:07.239Z,"139 km WSW of Adak, Alaska",earthquake,11.9,9.6,,,reviewed,ak,ak
2016-11-11T15:40:17.768Z,59.5072,-138.8533,8.8,3,ml,,,,0.72,ak,ak016eiuzs4w,2023-08-03T19:11:05.303Z,"49 km E of Yakutat, Alaska",earthquake,,0.2,,,reviewed,ak,ak
2016-11-11T15:38:03.600Z,17.8792,-65.6445,11,2.3,Md,5,219.6,0.32519013,0.17,pr,pr16316017,2016-11-11T20:15:43.031Z,"28 km SE of El Negro, Puerto Rico",earthquake,1.1,1.4,0,4,reviewed,pr,pr
2016-11-11T15:27:17.500Z,17.8882,-65.6368,11,2.2,Md,6,216,0.3233935,0.27,pr,pr16316015,2016-11-11T20:13:41.960Z,"28 km SE of El Negro, Puerto Rico",earthquake,1.2,1.6,0,4,reviewed,pr,pr
2016-11-11T15:26:17.700Z,17.8798,-65.6648,18,2.1,Md,6,219.6,0.31441035,0.33,pr,pr16316012,2016-11-11T19:31:46.273Z,"26 km SE of El Negro, Puerto Rico",earthquake,1.5,1.4,0,4,reviewed,pr,pr
2016-11-11T15:11:45.200Z,17.913,-65.6122,3,3,Md,13,169.2,0.32069856,0.52,pr,pr16316009,2017-02-09T03:02:18.040Z,"25 km SW of Esperanza, Puerto Rico",earthquake,1.1,1.3,0,10,reviewed,pr,pr
2016-11-11T14:53:32.200Z,17.9351,-65.6146,3,2.9,Md,15,208.8,0.30273225,0.56,pr,pr16316008,2017-02-09T03:02:18.040Z,"23 km SW of Esperanza, Puerto Rico",earthquake,1.1,1.3,0,10,reviewed,pr,pr
2016-11-11T14:53:04.400Z,-8.6006,-74.5069,136.47,5.2,mb,,89,1.982,0.63,us,us100076wd,2017-02-09T03:02:18.040Z,"22 km S of San Fernando, Peru",earthquake,8.1,6.2,0.074,60,reviewed,us,us
2016-11-11T14:46:46.650Z,-26.1901,178.542,588.28,4.2,mb,,138,4.364,0.68,us,us100079b1,2017-02-09T03:02:18.040Z,"south of the Fiji Islands",earthquake,21,21.1,0.128,17,reviewed,us,us
2016-11-11T14:35:35.420Z,31.8661,49.9156,10,4.4,mb,,80,5.274,1.3,us,us100076wc,2017-02-09T03:02:18.040Z,"58 km E of Masjed Soleym?n, Iran",earthquake,3.6,1.9,0.101,28,reviewed,us,us
2016-11-11T14:32:39.400Z,17.9118,-65.6167,2,2.7,Md,12,216,0.31890193,0.21,pr,pr16316005,2017-02-09T03:02:18.040Z,"25 km SW of Esperanza, Puerto Rico",earthquake,0.8,0.6,0,10,reviewed,pr,pr
2016-11-11T14:31:18.800Z,17.9216,-65.609,5,4,Ml,17,169.2,0.31620698,0.56,pr,pr16316004,2017-02-09T03:02:18.040Z,"24 km SW of Esperanza, Puerto Rico",earthquake,1.3,1.9,0,13,reviewed,pr,pr
2016-11-11T14:30:57.271Z,54.834,-160.1964,24,2.3,ml,,,,0.47,ak,ak016eiucaf3,2023-08-03T19:10:57.754Z,"Alaska Peninsula",earthquake,,1.8,,,reviewed,ak,ak
2016-11-11T14:12:37.340Z,-4.2724,123.0725,10,3.7,mb,,77,3.223,0.66,us,us10007732,2017-02-09T03:02:18.040Z,"69 km ESE of Kendari, Indonesia",earthquake,6.8,1.8,0.168,9,reviewed,us,us
2016-11-11T13:50:41.800Z,19.1774,-65.3109,125,2.7,Md,4,266.4,0.86507762,0.02,pr,pr16316018,2017-02-09T03:02:18.040Z,"96 km N of Culebra, Puerto Rico",earthquake,3.3,3,0,2,reviewed,pr,pr
2016-11-11T13:49:36.030Z,38.7506667,-122.6978333,0.55,3.33,ml,82,30,0.005405,0.08,nc,nc72723635,2017-02-11T06:51:08.060Z,"7 km W of Middletown, California",earthquake,0.09,0.13,0.186,59,reviewed,nc,nc
2016-11-11T13:37:31.490Z,2.8658,126.548,72.52,4.4,mb,,107,2.235,0.83,us,us100076w7,2017-02-09T03:02:18.040Z,"205 km NW of Tobelo, Indonesia",earthquake,9.9,8.6,0.094,33,reviewed,us,us
2016-11-11T13:20:29.490Z,31.9202,50.0028,10,4.4,mb,,65,5.286,1.12,us,us100076w4,2017-02-09T03:02:18.040Z,"64 km SW of F?rs?n, Iran",earthquake,3.3,1.9,0.096,31,reviewed,us,us
2016-11-11T13:14:53.886Z,53.8965,-164.5747,51.3,2.2,ml,,,,0.54,ak,ak016eitnf3g,2023-08-03T19:10:48.140Z,"83 km ESE of Akutan, Alaska",earthquake,,5,,,reviewed,ak,ak
2016-11-11T13:10:42.700Z,18.0804,-67.3283,16,2.4,Md,9,219.6,0.22098556,0.1,pr,pr16316003,2016-11-11T14:01:57.266Z,"14 km W of Puerto Real, Puerto Rico",earthquake,0.7,0.5,0,7,reviewed,pr,pr
2016-11-11T12:17:21.260Z,34.2663,136.9115,357.67,4.1,mb,,74,1.085,0.88,us,us100076va,2017-02-09T03:02:18.040Z,"24 km SSE of Toba, Japan",earthquake,8.4,7.3,0.069,57,reviewed,us,us
2016-11-11T11:52:43.400Z,-28.9019,-176.5384,10,4.6,mb,,66,1.264,1.01,us,us100079az,2017-02-09T03:02:18.040Z,"Kermadec Islands region",earthquake,6.7,1.7,0.107,26,reviewed,us,us
2016-11-11T11:45:43.900Z,36.0902,-97.4381,6.683,2.6,ml,,21,,0.46,us,us100076ut,2017-02-09T03:02:18.040Z,"3 km NW of Mulhall, Oklahoma",earthquake,1.1,6.7,,,reviewed,tul,tul
2016-11-11T11:30:43.300Z,18.7516,-65.5487,14,2.2,Md,3,266.4,0.50754814,0.3,pr,pr16316014,2016-11-11T19:36:11.847Z,"45 km NNE of Luquillo, Puerto Rico",earthquake,2.2,3.6,0,2,reviewed,pr,pr
2016-11-11T11:23:46.150Z,36.8245,76.7561,116.72,4.4,mb,,199,4.13,0.83,us,us100079b4,2017-02-09T03:02:18.040Z,"181 km SSW of Shache, China",earthquake,7.2,10.6,0.13,17,reviewed,us,us
2016-11-11T11:21:43.360Z,35.9393333,-89.9381667,10.26,2.22,md,30,75,0.06965,0.2,nm,nm60164691,2016-11-11T13:29:10.940Z,"2 km NW of Blytheville, Arkansas",earthquake,0.43,0.6,0.141,3,reviewed,nm,nm
2016-11-11T11:12:36.400Z,36.9461,-97.891,6.267,3.3,ml,,56,,0.66,us,us100076un,2017-02-09T03:02:18.040Z,"7 km NNE of Wakita, Oklahoma",earthquake,2.5,6.9,,,reviewed,tul,tul
2016-11-11T11:10:41.210Z,56.3422,-157.614,59.3,2.2,ml,,,,0.35,ak,ak016eisfo1l,2023-08-03T19:09:50.984Z,"49 km E of Chignik, Alaska",earthquake,,1,,,reviewed,ak,ak
2016-11-11T11:08:55.260Z,32.2123333,-116.409,16.06,2.59,ml,30,96,0.238,0.19,ci,ci37737824,2017-02-08T21:44:26.502Z,"43km NNE of Ensenada, B.C., MX",earthquake,0.34,1.58,0.137,90,reviewed,ci,ci
2016-11-11T10:57:10.620Z,-60.4249,-47.5382,10,4.7,mb,,52,5.656,0.67,us,us100076uk,2017-02-09T03:02:18.040Z,"Scotia Sea",earthquake,6.8,1.9,0.077,52,reviewed,us,us
2016-11-11T10:42:55.070Z,50.0339,156.2718,136.87,4.2,mb,,184,3.205,1.25,us,us100079ay,2017-02-09T03:02:18.040Z,"72 km S of Severo-Kuril’sk, Russia",earthquake,15.1,12.8,0.2,7,reviewed,us,us
2016-11-11T10:38:24.810Z,33.476,-116.482,13.34,2.03,ml,68,31,0.06669,0.19,ci,ci37737680,2017-02-08T20:53:53.241Z,"20km ESE of Anza, CA",earthquake,0.18,0.36,0.216,25,reviewed,ci,ci
2016-11-11T10:35:32.170Z,54.4514,-161.5959,4.8,2.5,ml,,,,0.42,us,us10007acq,2023-08-03T19:09:45.144Z,"82 km SE of King Cove, Alaska",earthquake,4.3,7.1,,,reviewed,ak,ak
2016-11-11T10:24:53.190Z,34.9191667,-119.0778333,13.39,2.23,ml,52,66,0.114,0.22,ci,ci37737672,2017-02-08T21:29:48.409Z,"10km NE of Pine Mountain Club, CA",earthquake,0.2,0.4,0.148,96,reviewed,ci,ci
2016-11-11T10:12:01.468Z,59.9249,-151.5723,46.2,2.6,ml,,,,0.58,ak,ak016eiruksy,2023-08-03T19:09:41.336Z,"9 km ESE of Happy Valley, Alaska",earthquake,,0.3,,,reviewed,ak,ak
2016-11-11T09:59:18.660Z,-11.6665,65.8012,10,4.4,mb,,115,33.78,0.71,us,us100079au,2017-02-09T03:02:18.040Z,"Mid-Indian Ridge",earthquake,13.2,1.9,0.144,14,reviewed,us,us
2016-11-11T09:57:04.710Z,-7.9308,122.1808,219.68,4.4,mb,,125,0.702,0.81,us,us100079av,2017-02-09T03:02:18.040Z,"76 km N of Maumere, Indonesia",earthquake,9.4,6.9,0.12,20,reviewed,us,us
2016-11-11T09:55:12.700Z,57.3339,-155.6062,62,2.4,ml,,,,0.36,ak,ak016eiriduu,2023-08-03T19:09:39.493Z,"73 km WSW of Karluk, Alaska",earthquake,,0.7,,,reviewed,ak,ak
2016-11-11T09:22:57.590Z,47.7361,86.9757,10,4.7,mb,,93,3.326,1.35,us,us100076ua,2017-02-09T03:02:18.040Z,"87 km W of Altay, China",earthquake,10.2,1.9,0.152,13,reviewed,us,us
2016-11-11T08:54:43.400Z,35.5734,-98.1395,6.362,3.4,ml,,67,,0.31,us,us100076u6,2017-02-09T03:02:18.040Z,"3 km SSW of Calumet, Oklahoma",earthquake,2.1,7.1,,,reviewed,tul,tul
2016-11-11T08:28:21.220Z,38.6642,-107.8327,3.29,2.7,ml,,61,0.601,0.67,us,us100076u0,2017-02-09T03:02:18.040Z,"14 km ENE of Olathe, Colorado",earthquake,3.3,5.3,0.045,64,reviewed,us,us
2016-11-11T08:28:11.780Z,2.816,126.5589,75.76,4.4,mb,,104,2.185,0.94,us,us100076u1,2017-02-09T03:02:18.040Z,"201 km NW of Tobelo, Indonesia",earthquake,9.4,8.2,0.126,18,reviewed,us,us
2016-11-11T08:13:45.620Z,52.7003,174.4873,96.07,5.3,mb,,105,0.235,0.76,us,us100076ty,2023-08-03T19:09:31.600Z,"89 km E of Attu Station, Alaska",earthquake,8.9,4.6,0.07,69,reviewed,us,us
2016-11-11T08:01:36.900Z,19.0935,-66.3591,33,3.1,Md,13,255.6,0.63331228,0.31,pr,pr16316002,2017-02-09T03:02:18.040Z,"69 km N of Brenas, Puerto Rico",earthquake,1.7,8.5,0,13,reviewed,pr,pr
2016-11-11T07:50:07.360Z,-48.2725,120.2519,10,4.4,mb,,66,15.497,0.7,us,us100079bd,2017-02-09T03:02:18.040Z,"western Indian-Antarctic Ridge",earthquake,6.9,1.9,0.102,28,reviewed,us,us
2016-11-11T07:20:31.650Z,-7.5432,128.4185,141.92,4,mb,,78,2.887,1.12,us,us100076tv,2017-02-09T03:02:18.040Z,"190 km NE of Lospalos, Timor Leste",earthquake,8,4.8,0.15,12,reviewed,us,us
2016-11-11T07:05:47.100Z,50.019,153.5977,199.84,4.6,mb,,108,4.014,0.59,us,us100076tt,2017-02-09T03:02:18.040Z,"194 km WSW of Severo-Kuril’sk, Russia",earthquake,10.2,7.9,0.06,84,reviewed,us,us
2016-11-11T06:21:31.504Z,53.8022,-163.7202,43,2.4,ml,,,,0.7,ak,ak016eipiu5a,2023-08-03T19:09:09.633Z,"Unimak Island region, Alaska",earthquake,,7.8,,,reviewed,ak,ak
2016-11-11T05:33:38.100Z,-7.9406,128.5933,69.3,4.3,mb,,79,2.68,0.94,us,us100079ax,2017-02-09T03:02:18.040Z,"187 km ENE of Lospalos, Timor Leste",earthquake,6.3,9.9,0.153,12,reviewed,us,us
2016-11-11T05:18:09.600Z,36.088,-97.4362,6.176,2.6,ml,,22,,0.12,us,us100076tg,2017-02-09T03:02:18.040Z,"Oklahoma",earthquake,1.4,3.5,,,reviewed,tul,tul
2016-11-11T05:08:48.640Z,39.6571667,-123.6441667,-0.79,2.1,md,30,144,0.05586,0.17,nc,nc72723465,2017-02-11T06:48:41.586Z,"14 km WSW of Laytonville, California",earthquake,0.25,0.91,0.104,21,reviewed,nc,nc
2016-11-11T04:57:06.970Z,12.2646,141.1473,36.24,4.8,mb,,24,3.859,0.74,us,us100079aw,2017-02-09T03:02:18.040Z,"284 km NNE of Fais, Micronesia",earthquake,10.8,6.2,0.077,52,reviewed,us,us
2016-11-11T04:53:37.530Z,34.5025,136.8059,348.86,4.7,mb,,53,0.865,0.76,us,us100076t5,2017-02-09T03:02:18.040Z,"3 km WNW of Toba, Japan",earthquake,6.8,4.1,0.031,308,reviewed,us,us
2016-11-11T04:50:17.500Z,18.2723,-67.7734,7,2.7,Md,4,331.2,0.66026173,0.15,pr,pr16316001,2017-02-09T03:02:18.040Z,"55 km W of Rincón, Puerto Rico",earthquake,3.9,3.5,0,3,reviewed,pr,pr
2016-11-11T04:46:31.400Z,35.5788,-98.1347,3.725,2.7,ml,,66,,0.66,us,us100076sw,2017-02-09T03:02:18.040Z,"2 km SSW of Calumet, Oklahoma",earthquake,1.6,7.2,,,reviewed,tul,tul
2016-11-11T04:31:13.680Z,19.42476,-155.277582,1.61,2.16,ml,0,,,,hv,hv61476636,2020-08-26T21:12:53.840Z,"4 km WSW of Volcano, Hawaii",earthquake,,,0.06,4,reviewed,hv,hv
2016-11-11T04:22:59.002Z,39.7287,-115.5492,9.8,2.4,ml,14,88.65,0.885,0.3368,nn,nn00566152,2018-07-02T18:06:35.997Z,"42 km NE of Eureka, Nevada",earthquake,,3.1,0.24,10,reviewed,nn,nn
2016-11-11T04:22:43.400Z,35.5757,-98.1345,3.704,2.9,ml,,66,,0.82,us,us100076sr,2017-02-09T03:02:18.040Z,"3 km SSW of Calumet, Oklahoma",earthquake,1.9,7.6,,,reviewed,tul,tul
2016-11-11T04:15:01.922Z,65.4197,-144.672,2.9,2,ml,,,,0.62,ak,ak016eioamcw,2023-08-03T19:08:25.357Z,"18 km SSE of Central, Alaska",earthquake,,0.3,,,reviewed,ak,ak
2016-11-11T03:41:25.339Z,54.6645,-161.286,25.5,2.4,ml,,,,0.47,ak,ak016einut6d,2023-08-03T19:08:21.659Z,"79 km SE of King Cove, Alaska",earthquake,,1.7,,,reviewed,ak,ak
2016-11-11T03:24:33.700Z,18.8523,-64.4114,50,2.1,Md,4,327.6,0.47520879,0.12,pr,pr16316000,2016-11-11T07:48:29.517Z,"70 km NE of Cruz Bay, U.S. Virgin Islands",earthquake,6.6,6.8,0,4,reviewed,pr,pr
2016-11-11T03:16:54.220Z,-30.1153,-72.1214,31.35,4,mb,,202,0.697,1.05,us,us100076sk,2017-02-09T03:02:18.040Z,"77 km WSW of Coquimbo, Chile",earthquake,6.1,4.5,0.258,4,reviewed,us,us
2016-11-11T02:52:20.854Z,60.681,-151.5075,80.8,2.1,ml,,,,0.45,ak,ak016einbq3p,2023-08-03T19:08:14.506Z,"11 km W of Nikiski, Alaska",earthquake,,0.4,,,reviewed,ak,ak
2016-11-11T02:45:43.480Z,-26.1742,70.6191,10,4.6,mb,,131,22.928,0.73,us,us100079am,2017-02-09T03:02:18.040Z,"Indian Ocean Triple Junction",earthquake,15.2,1.9,0.125,19,reviewed,us,us
2016-11-11T02:09:01.437Z,60.1064,-152.609,88.4,2.5,ml,,,,0.64,ak,ak016ein2gtb,2023-08-03T19:08:06.596Z,"52 km WNW of Happy Valley, Alaska",earthquake,,0.3,,,reviewed,ak,ak
2016-11-11T01:31:47.827Z,59.6059,-139.0261,10.6,2.3,ml,,,,0.68,ak,ak016eimluji,2023-08-18T17:48:43.569Z,"40 km E of Yakutat, Alaska",earthquake,,0.2,,,reviewed,ak,ak
2016-11-11T01:12:50.760Z,32.7267,130.7564,10,4.2,mb,,100,0.409,1.21,us,us100079al,2017-02-09T03:02:18.040Z,"9 km ENE of Uto, Japan",earthquake,3.5,1.9,0.235,5,reviewed,us,us
2016-11-11T00:44:27.100Z,36.4091,-96.9544,6.267,2.7,ml,,30,,0.36,us,us100076s7,2017-02-09T03:02:18.040Z,"13 km NNE of Morrison, Oklahoma",earthquake,0.7,2.2,,,reviewed,tul,tul
2016-11-11T00:26:46.780Z,-8.8241,111.4821,61.73,5,mb,,24,1.311,1.19,us,us100076s4,2017-02-09T03:02:18.040Z,"86 km SSW of Trenggalek, Indonesia",earthquake,3.3,5.1,0.05,128,reviewed,us,us
2016-11-11T00:11:12.940Z,50.9407,178.6809,17.6,2.9,ml,,331,0.585,0.19,us,us10007acj,2023-08-03T19:07:40.971Z,"Rat Islands, Aleutian Islands, Alaska",earthquake,12.8,24,,,reviewed,us,ak
2016-11-11T00:11:05.940Z,-32.1282,-71.8286,20.22,3.9,mwr,,173,0.623,1.05,us,us100076s2,2017-02-09T03:02:17.040Z,"66 km WNW of La Ligua, Chile",earthquake,2.8,6.7,0.043,52,reviewed,us,us
2016-11-11T00:08:05.200Z,35.9862,-96.8103,5.334,3.1,ml,,34,,0.36,us,us100076s1,2017-02-09T03:02:17.040Z,"3 km W of Cushing, Oklahoma",earthquake,0.8,2.4,,,reviewed,tul,tul
2016-11-10T23:51:30.340Z,37.9832,135.7481,347.21,4,mb,,35,1.982,0.98,us,us100078tu,2017-02-02T02:21:06.040Z,"Sea of Japan",earthquake,6.4,9.1,0.074,49,reviewed,us,us
2016-11-10T22:59:33.990Z,14.7111,-93.7564,35,4.3,mb,,123,1.115,1.02,us,us100076ru,2017-02-02T02:21:06.040Z,"103 km SW of La Esperanza (El Zapotal), Mexico",earthquake,4,2,0.093,33,reviewed,us,us
2016-11-10T22:53:18.510Z,-5.0557,153.1017,35,4.3,mb,,116,1.269,1.35,us,us100078ts,2017-02-02T02:21:06.040Z,"121 km SE of Kokopo, Papua New Guinea",earthquake,6.6,2,0.147,13,reviewed,us,us
2016-11-10T22:43:44.060Z,36.5641667,-121.151,2.59,2.15,md,34,46,0.03333,0.07,nc,nc72723335,2017-02-11T06:46:33.660Z,"22 km NE of Soledad, California",earthquake,0.17,0.28,0.232,43,reviewed,nc,nc
2016-11-10T22:05:00.980Z,43.696,-105.3081,0,3.2,ml,,77,1.013,0.89,us,us100076r8,2017-02-02T02:21:06.040Z,"16 km ESE of Wright, Wyoming",mining explosion,4.8,2,0.045,76,reviewed,us,us
2016-11-10T22:04:27.130Z,-12.8709,169.4209,632.76,4.5,mb,,47,8.134,0.53,us,us100076r9,2017-02-02T02:21:06.040Z,"231 km ENE of Sola, Vanuatu",earthquake,11.4,7.6,0.043,156,reviewed,us,us
2016-11-10T21:21:35.900Z,36.091,-97.4375,6.839,2.9,ml,,27,,0.48,us,us100076qz,2017-02-02T02:21:06.040Z,"4 km NW of Mulhall, Oklahoma",earthquake,1.1,6.7,,,reviewed,tul,tul
2016-11-10T21:09:15.140Z,-6.3321,130.3799,144.55,4.1,mb,,93,1.876,1.46,us,us100078tr,2017-02-02T02:21:06.040Z,"273 km WSW of Tual, Indonesia",earthquake,5.8,11.1,0.198,7,reviewed,us,us
2016-11-10T21:01:15.390Z,45.865,-106.4942,0,3,ml,,104,0.845,1.05,us,us100076qw,2017-02-02T02:21:06.040Z,"10 km ESE of Colstrip, Montana",mining explosion,4.1,2,0.053,50,reviewed,us,us
2016-11-10T20:41:45.810Z,19.3083333,-155.2136667,5.18,2.1,ml,39,97,,0.09,hv,hv61476271,2020-07-06T21:00:42.840Z,"15 km S of Volcano, Hawaii",earthquake,0.29,0.78,0.116,8,reviewed,hv,hv
2016-11-10T20:37:53.790Z,43.5409,-105.3568,0,3.3,ml,,77,1.118,0.6,us,us100076qm,2017-02-02T02:21:06.040Z,"25 km SSE of Wright, Wyoming",mining explosion,3.2,2,0.045,78,reviewed,us,us
2016-11-10T20:12:43.325Z,60.7261,-149.2036,27,2.8,ml,,,,0.46,ak,ak016eha9nl8,2023-08-03T19:07:14.764Z,"21 km SE of Sunrise, Alaska",earthquake,,0.5,,,reviewed,ak,ak
2016-11-10T20:06:50.500Z,-20.4103,-178.0119,556.42,4.2,mb,,125,4.569,0.43,us,us100078tn,2017-02-02T02:21:06.040Z,"Fiji region",earthquake,21.7,20.9,0.14,14,reviewed,us,us
2016-11-10T20:05:42.490Z,39.6613333,-123.6381667,-0.77,2.02,md,26,143,0.04955,0.24,nc,nc72723295,2017-02-11T06:45:49.930Z,"near the coast of Northern California",earthquake,0.47,1.48,0.102,20,reviewed,nc,nc
2016-11-10T19:39:23.810Z,-6.2328,128.6804,305.87,4,mb,,155,3.126,0.49,us,us100078tm,2017-02-02T02:21:06.040Z,"285 km S of Ambon, Indonesia",earthquake,7.5,14.6,0.299,3,reviewed,us,us
2016-11-10T18:08:56.944Z,60.5924,-152.2836,10,2.2,ml,,,,0.9,ak,ak016eh91yke,2023-08-18T17:48:29.610Z,"52 km W of Salamatof, Alaska",earthquake,,0.4,,,reviewed,ak,ak
2016-11-10T17:43:14.010Z,-14.7926,-73.5847,60.16,4.9,mb,,135,4.221,0.81,us,us100076pw,2022-05-03T19:47:12.626Z,"23 km WNW of Upahuacho, Peru",earthquake,9.1,7.4,0.037,230,reviewed,us,us
2016-11-10T17:40:45.480Z,4.9266,94.8955,126.35,4.2,mb,,189,2.065,1.36,us,us100076py,2017-02-02T02:21:06.040Z,"83 km SW of Banda Aceh, Indonesia",earthquake,11.3,10.9,0.128,17,reviewed,us,us
2016-11-10T17:35:38.700Z,-20.4275,-178.223,543.92,5.6,mww,,58,4.418,1,us,us100076pv,2022-05-03T19:47:13.771Z,"Fiji region",earthquake,10.2,5.4,,,reviewed,us,us
2016-11-10T17:14:54.340Z,-19.1068,-69.4082,94.74,4.5,mwr,,37,0.178,0.86,us,us100076p3,2017-02-02T02:21:06.040Z,"117 km SE of Arica, Chile",earthquake,5.1,4.6,,,reviewed,us,guc
2016-11-10T16:51:21.450Z,51.8418,-171.6058,18,2.7,ml,,,,0.3,us,us1000794q,2023-08-03T19:06:32.967Z,"182 km ESE of Atka, Alaska",earthquake,10.8,8.5,,,reviewed,ak,ak
2016-11-10T16:16:39.650Z,30.4415,140.275,129.88,4.4,mb,,119,2.694,1.2,us,us100078th,2017-02-02T02:21:06.040Z,"Izu Islands, Japan region",earthquake,7,8.6,0.11,24,reviewed,us,us
2016-11-10T15:50:55.400Z,39.6626667,-123.6386667,-0.77,2.03,md,21,143,0.04955,0.17,nc,nc72723165,2017-02-11T06:44:48.197Z,"13 km WSW of Laytonville, California",earthquake,0.34,1.84,0.155,16,reviewed,nc,nc
2016-11-10T14:37:44.510Z,35.3383333,-118.56,8.06,2.43,ml,50,45,0.1231,0.14,ci,ci37736944,2017-02-08T20:36:18.726Z,"25km NNW of Tehachapi, CA",earthquake,0.14,0.6,0.182,79,reviewed,ci,ci
2016-11-10T14:19:15.060Z,-37.6836,78.0405,10,4.8,mb,,60,0.39,0.98,us,us100078te,2022-05-03T19:47:11.413Z,"Mid-Indian Ridge",earthquake,5.9,1.9,0.107,27,reviewed,us,us
2016-11-10T14:05:51.952Z,61.0712,-152.198,108,2.4,ml,,,,0.38,ak,ak016eh6nkm3,2023-08-03T19:06:07.006Z,"57 km W of Tyonek, Alaska",earthquake,,0.3,,,reviewed,ak,ak
2016-11-10T13:48:29.138Z,59.2904,-153.512,111.8,2.1,ml,,,,0.28,ak,ak016eh6bb1d,2023-08-03T19:06:02.968Z,"63 km ESE of Pope-Vannoy Landing, Alaska",earthquake,,0.4,,,reviewed,ak,ak
2016-11-10T13:39:20.200Z,19.1854,-64.6771,92,2.4,Md,3,313.2,0.85339952,0.07,pr,pr16315003,2016-11-10T16:04:02.888Z,"95 km N of Cruz Bay, U.S. Virgin Islands",earthquake,7.3,7.9,0,3,reviewed,pr,pr
2016-11-10T12:24:10.030Z,-50.0472,114.3817,10,5.7,mwb,,50,16.4,0.88,us,us100076ma,2022-05-03T19:47:05.439Z,"western Indian-Antarctic Ridge",earthquake,11.9,1.8,0.054,33,reviewed,us,us
2016-11-10T12:12:43.710Z,41.0713,22.6802,10,4.9,mb,,35,1.024,0.94,us,us100076m6,2019-06-24T07:41:12.655Z,"12 km NE of Polýkastro, Greece",earthquake,2.8,1.9,0.063,80,reviewed,us,us
2016-11-10T11:49:27.740Z,-15.9992,-173.1147,10,5,mb,,62,2.447,1.01,us,us100076m3,2017-02-02T02:21:06.040Z,"73 km E of Hihifo, Tonga",earthquake,4.9,1.8,0.083,46,reviewed,us,us
2016-11-10T11:42:06.950Z,18.7589,145.5921,227.2,4.5,mb,,124,3.503,0.78,us,us100078ti,2017-02-02T02:21:06.040Z,"Pagan region, Northern Mariana Islands",earthquake,15.3,8.8,0.121,20,reviewed,us,us
2016-11-10T11:16:10.100Z,19.0032,-67.253,25,2.9,Md,6,327.6,0.54976895,0.2,pr,pr16315002,2017-02-02T02:21:06.040Z,"58 km NNW of San Antonio, Puerto Rico",earthquake,1.7,13.8,0,5,reviewed,pr,pr
2016-11-10T11:08:19.490Z,47.4692,-115.8286,2.07,3.2,ml,,85,1.179,0.51,us,us100076lz,2022-06-19T00:48:41.861Z,"2 km W of Mullan, Idaho",earthquake,3.3,7.9,0.233,17,reviewed,us,mb
2016-11-10T10:57:47.260Z,13.8466,145.3806,97.51,4.7,mb,,159,0.559,0.76,us,us100076m1,2017-02-02T02:21:06.040Z,"63 km ENE of Yigo Village, Guam",earthquake,9.5,6.7,0.071,61,reviewed,us,us
2016-11-10T10:35:27.100Z,18.2028,-64.7136,91,2.3,Md,5,255.6,0.13923887,0.1,pr,pr16315000,2016-11-10T12:00:21.098Z,"16 km SSE of Cruz Bay, U.S. Virgin Islands",earthquake,7.7,1.6,0,4,reviewed,pr,pr
2016-11-10T10:24:51.000Z,-19.853,133.866,5,4.2,mb,,,,1.26,us,us100076lx,2017-02-02T02:21:06.040Z,"40 km WSW of Tennant Creek, Australia",earthquake,5,1.9,0.528,1,reviewed,aust,us
2016-11-10T09:49:13.680Z,-59.4339,-28.677,33.97,4.6,mb,,115,6.705,0.72,us,us100076m0,2017-02-02T02:21:05.040Z,"South Sandwich Islands region",earthquake,8.4,6.8,0.165,14,reviewed,us,us
2016-11-10T09:49:05.070Z,46.9089,155.5885,29.5,4.5,mb,,181,6.353,0.62,us,us100078tg,2017-02-02T02:21:05.040Z,"east of the Kuril Islands",earthquake,12.2,3.1,0.145,17,reviewed,us,us
2016-11-10T09:01:10.268Z,62.5037,-151.2762,92,2.4,ml,,,,0.43,ak,ak016eh3ngia,2023-08-03T19:05:26.279Z,"26 km W of Petersville, Alaska",earthquake,,0.4,,,reviewed,ak,ak
2016-11-10T08:49:08.650Z,31.3073,131.6172,22.35,4.4,mb,,145,1.015,0.8,us,us100078t8,2017-02-02T02:21:05.040Z,"40 km SE of Nichinan, Japan",earthquake,7.9,7.1,0.162,11,reviewed,us,us
2016-11-10T08:15:34.510Z,-8.9039,111.4159,68.75,4.8,mb,,102,1.323,1.04,us,us100076ls,2017-02-02T02:21:05.040Z,"96 km SSW of Trenggalek, Indonesia",earthquake,6.4,6.9,0.092,37,reviewed,us,us
2016-11-10T08:07:23.080Z,36.4586667,-121.0033333,6.65,2.34,md,50,64,0.03604,0.1,nc,nc72722925,2017-02-11T06:42:32.980Z,"26 km NE of Greenfield, California",earthquake,0.17,0.31,0.199,56,reviewed,nc,nc
2016-11-10T07:56:12.000Z,36.0756,-96.776,4.293,2.3,ml,,49,,0.1,us,us100076lq,2017-02-02T02:21:05.040Z,"8 km WSW of Yale, Oklahoma",earthquake,0.9,1.6,,,reviewed,tul,tul
2016-11-10T07:53:16.830Z,-28.9838,61.3048,10,4.5,mb,,82,9.268,0.85,us,us100078t6,2017-02-02T02:21:05.040Z,"Southwest Indian Ridge",earthquake,11.8,1.9,0.135,16,reviewed,us,us
2016-11-10T07:38:56.300Z,-17.0896,176.7981,39.87,4.7,mb,,70,1.363,1.07,us,us100078t4,2017-02-02T02:21:05.040Z,"90 km NW of Lautoka, Fiji",earthquake,8.9,7.7,0.13,18,reviewed,us,us
2016-11-10T07:38:54.980Z,51.4698,179.4924,60.5,2.8,ml,,,,0.65,us,us1000794j,2023-08-03T19:05:18.763Z,"271 km W of Adak, Alaska",earthquake,5.5,6.3,,,reviewed,ak,ak
2016-11-10T07:11:05.710Z,14.7872,121.4228,59.24,4.8,mb,,121,7.994,1.11,us,us100076lm,2017-02-02T02:21:05.040Z,"20 km N of Daraitan, Philippines",earthquake,9.5,8,0.092,37,reviewed,us,us
2016-11-10T06:40:41.260Z,37.9598333,-112.4516667,6.33,2.2,ml,18,54,0.2264,0.31,uu,uu60170227,2016-11-10T18:08:40.130Z,"15 km N of Panguitch, Utah",earthquake,0.56,1.51,0.08,5,reviewed,uu,uu
2016-11-10T06:24:49.120Z,19.6926667,-156.7295,48.24,2.59,ml,21,248,,0.17,hv,hv61475536,2020-07-06T21:00:42.510Z,"76 km W of Kailua-Kona, Hawaii",earthquake,1.87,4.64,0.076,6,reviewed,hv,hv
2016-11-10T06:21:41.800Z,-55.1295,-31.1831,10,4.5,mb,,89,3.192,0.54,us,us100078t2,2017-02-02T02:21:05.040Z,"South Georgia Island region",earthquake,9.1,1.9,0.164,11,reviewed,us,us
2016-11-10T05:19:59.889Z,58.0911,-151.5698,38.4,2.4,ml,,,,0.62,ak,ak016eh1dot0,2023-08-03T19:04:53.108Z,"58 km ENE of Ouzinkie, Alaska",earthquake,,1.6,,,reviewed,ak,ak
2016-11-10T05:18:08.000Z,36.5075,-98.1879,6.277,2.6,ml,,52,,0.48,us,us100076le,2017-02-02T02:21:05.040Z,"4 km SW of Goltry, Oklahoma",earthquake,1.5,6.8,,,reviewed,tul,tul
2016-11-10T04:50:23.290Z,-34.3759,-178.5794,34.93,4.3,mb,,162,6.203,0.17,us,us100078sy,2017-02-02T02:21:05.040Z,"south of the Kermadec Islands",earthquake,9,8,0.202,7,reviewed,us,us
2016-11-10T04:46:49.520Z,-35.724,-179.5247,54.53,4.3,mb,,226,2.531,0.86,us,us100078sx,2017-02-02T02:21:05.040Z,"east of the North Island of New Zealand",earthquake,4,12.8,0.153,12,reviewed,us,us
2016-11-10T04:32:33.600Z,51.8998,-173.9761,43.1,3.6,ml,,,,0.48,us,us100076lt,2023-08-03T19:04:47.457Z,"36 km SSE of Atka, Alaska",earthquake,15.9,10.1,,,reviewed,ak,ak
2016-11-10T03:14:27.930Z,-17.2272,-71.4606,69.98,4.1,mb,,216,1.558,0.58,us,us100076l8,2017-02-02T02:21:05.040Z,"35 km ESE of Cocachacra, Peru",earthquake,12.1,27.4,0.37,2,reviewed,us,us
2016-11-10T02:55:59.310Z,14.3208,-93.1273,41.43,4.6,mb,,165,1.018,0.7,us,us100076l6,2017-02-02T02:21:05.040Z,"88 km WSW of Puerto Madero, Mexico",earthquake,5.8,8.5,0.04,187,reviewed,us,us
2016-11-10T01:16:21.328Z,57.0867,-151.8449,25.1,2.3,ml,,,,0.33,ak,ak016egyz89g,2023-08-03T19:04:32.602Z,"64 km SSE of Chiniak, Alaska",earthquake,,3.1,,,reviewed,ak,ak
2016-11-10T01:00:44.270Z,14.9505,147.2721,34.47,4.2,mb,,100,1.45,0.79,us,us100078su,2017-02-02T02:21:05.040Z,"165 km E of Saipan, Northern Mariana Islands",earthquake,6.3,6.8,0.176,9,reviewed,us,us
2016-11-10T00:09:19.890Z,12.7784,145.3012,10,4.5,mb,,108,0.909,0.86,us,us100078sv,2017-02-02T02:21:05.040Z,"81 km SE of Inarajan Village, Guam",earthquake,6.8,1.7,0.118,21,reviewed,us,us
2016-11-09T23:45:56.790Z,-34.2104,-178.8856,10,4.1,mb,,262,6.183,0.39,us,us100078sj,2017-02-02T02:21:05.040Z,"south of the Kermadec Islands",earthquake,9.1,2,0.234,5,reviewed,us,us
2016-11-09T23:44:57.580Z,-34.4155,-178.9728,10,4.2,mb,,208,3.837,0.23,us,us100078sf,2017-02-02T02:21:05.040Z,"south of the Kermadec Islands",earthquake,11.2,2,0.199,7,reviewed,us,us
2016-11-09T23:41:16.181Z,59.7972,-152.875,101.2,2,ml,,,,0.45,ak,ak016efoorky,2023-08-18T17:48:22.105Z,"58 km W of Anchor Point, Alaska",earthquake,,0.2,,,reviewed,ak,ak
2016-11-09T23:22:55.190Z,-2.6146,139.9569,29.22,4.5,mb,,88,7.705,0.93,us,us100078se,2017-02-02T02:21:05.040Z,"75 km W of Abepura, Indonesia",earthquake,11.4,4.8,0.15,13,reviewed,us,us
2016-11-09T22:20:41.640Z,38.7262,142.1618,48.21,5,mww,,93,1.377,0.53,us,us100076kd,2017-02-02T02:21:05.040Z,"54 km SE of ?funato, Japan",earthquake,6.3,6.5,,,reviewed,us,us
2016-11-09T22:18:00.900Z,36.0079,-96.7742,4.156,2.7,ml,,59,,0.25,us,us100076k8,2017-02-02T02:21:05.040Z,"2 km NNW of Cushing, Oklahoma",earthquake,1,2.5,,,reviewed,tul,tul
2016-11-09T22:14:30.190Z,-35.4999,-179.1833,10,4.3,mb,,261,2.884,0.81,us,us100078sb,2017-02-02T02:21:05.040Z,"east of the North Island of New Zealand",earthquake,7.4,2,0.188,8,reviewed,us,us
2016-11-09T22:11:52.786Z,59.7349,-153.5619,116.1,2,ml,,,,0.65,ak,ak016efnwzbi,2019-05-14T14:57:30.353Z,"31 km E of Pedro Bay, Alaska",earthquake,,1.2,,,reviewed,ak,ak
2016-11-09T22:00:04.430Z,62.9505,-148.1699,64.8,2,ml,,,,0.43,ak,ak016efnuipn,2023-08-03T19:03:47.840Z,"62 km SE of Cantwell, Alaska",earthquake,,0.2,,,reviewed,ak,ak
2016-11-09T21:41:29.500Z,18.7999,-65.4509,5,2.3,Md,3,266.4,0.51383634,0.03,pr,pr16314006,2016-11-09T22:33:11.365Z,"54 km NNE of Luquillo, Puerto Rico",earthquake,0.5,0.9,0,3,reviewed,pr,pr
2016-11-09T21:35:50.372Z,59.4411,-152.7167,69,2.1,ml,,,,0.41,ak,ak016efngopp,2023-08-03T19:03:45.883Z,"46 km WNW of Nanwalek, Alaska",earthquake,,0.4,,,reviewed,ak,ak
2016-11-09T21:34:11.400Z,18.875,-65.4671,19,2.2,Md,6,241.2,0.59109146,0.18,pr,pr16314005,2016-11-09T22:20:55.233Z,"61 km NNE of Luquillo, Puerto Rico",earthquake,1.4,3.6,0,2,reviewed,pr,pr
2016-11-09T21:32:39.640Z,-5.7697,152.4709,10,4,mb,,189,1.519,0.48,us,us100078s8,2017-02-02T02:21:05.040Z,"159 km S of Kokopo, Papua New Guinea",earthquake,10.8,1.9,0.212,6,reviewed,us,us
2016-11-09T21:30:48.500Z,18.8658,-65.4729,32,2.8,Md,12,234,0.58390493,0.23,pr,pr16314003,2017-02-02T02:21:05.040Z,"60 km NNE of Luquillo, Puerto Rico",earthquake,2.4,8.3,0,6,reviewed,pr,pr
2016-11-09T21:06:08.200Z,-30.6806,-177.875,33.08,4.5,mb,,160,1.431,1.05,us,us100078s6,2017-02-02T02:21:05.040Z,"Kermadec Islands, New Zealand",earthquake,9.3,6.6,0.15,13,reviewed,us,us
2016-11-09T20:34:03.750Z,33.6796667,-117.9081667,15.84,2.54,ml,113,64,0.02947,0.23,ci,ci37736416,2017-02-08T21:12:42.855Z,"2km NNE of Costa Mesa, CA",earthquake,0.15,0.21,0.171,25,reviewed,ci,ci
2016-11-09T20:01:22.830Z,-6.5038,-80.6675,10,4.6,mb,,145,2.235,1.16,us,us100076iu,2017-02-02T02:21:05.040Z,"72 km W of Mórrope, Peru",earthquake,8.5,1.9,0.06,83,reviewed,us,us
2016-11-09T19:22:32.000Z,51.4934,178.633,61.6,2.4,ml,,,,0.23,ak,ak01640c5xx30,2023-08-03T19:03:28.458Z,"Rat Islands, Aleutian Islands, Alaska",earthquake,,0.9,,,reviewed,ak,ak
2016-11-09T19:10:12.900Z,37.6361667,-118.9296667,5.92,2.86,md,40,64,0.02342,0.05,nc,nc72722720,2017-02-11T06:39:33.040Z,"3 km ESE of Mammoth Lakes, California",earthquake,0.18,0.23,0.229,35,reviewed,nc,nc
2016-11-09T19:02:26.520Z,52.0634,-169.1277,10,3.9,mb,,210,0.894,1.36,us,us100078k4,2023-08-03T19:03:26.441Z,"99 km S of Nikolski, Alaska",earthquake,4.8,2,0.107,23,reviewed,us,us
2016-11-09T18:55:45.830Z,36.0188,139.8136,89.88,4.6,mb,,144,1.402,0.37,us,us100078s5,2017-02-02T02:21:05.040Z,"6 km NE of Kasukabe, Japan",earthquake,6.4,8,0.222,6,reviewed,us,us
2016-11-09T17:49:51.550Z,39.5803333,-120.6656667,6.44,2.23,md,25,58,0.1775,0.09,nc,nc72722700,2017-02-11T06:39:05.120Z,"3 km WNW of Sierra City, California",earthquake,0.27,1.55,0.222,27,reviewed,nc,nc
2016-11-09T17:37:28.650Z,54.9285,161.6829,58.58,4.3,mb,,151,2.617,0.86,us,us100078sd,2017-02-02T02:21:05.040Z,"150 km ESE of Atlasovo, Russia",earthquake,14.2,10.6,0.086,38,reviewed,us,us
2016-11-09T17:09:10.460Z,-29.4779,-177.1737,47.95,4.4,mb,,243,0.699,0.4,us,us100078s4,2017-02-02T02:21:05.040Z,"Kermadec Islands, New Zealand",earthquake,11.8,15.3,0.117,21,reviewed,us,us
2016-11-09T17:00:29.400Z,19.3034,-64.6973,11,2.4,Md,5,306,0.88484055,0.07,pr,pr16314002,2016-11-09T19:16:24.324Z,"108 km N of Cruz Bay, U.S. Virgin Islands",earthquake,4.3,6.3,0,4,reviewed,pr,pr
2016-11-09T16:40:34.900Z,18.1107,-63.9061,96,3.3,Md,8,176.4,0.74021179,0.25,pr,pr16314001,2017-02-02T02:21:05.040Z,"86 km W of Blowing Point Village, Anguilla",earthquake,6,1.7,0,8,reviewed,pr,pr
2016-11-09T16:23:11.860Z,51.4826,-176.4668,25.8,3,ml,,,,1.35,us,us100076i2,2023-08-03T19:03:05.979Z,"45 km SSE of Adak, Alaska",earthquake,7.1,8.6,,,reviewed,ak,ak
2016-11-09T15:58:44.000Z,42.8375,18.4742,19.93,4.4,mb,,30,0.709,0.75,us,us100076hy,2017-02-02T02:21:05.040Z,"5 km SE of Bile?a, Bosnia and Herzegovina",earthquake,5.3,5.5,0.155,12,reviewed,us,us
2016-11-09T14:51:25.010Z,-4.6798,150.4587,488.3,5,mb,,51,1.767,0.64,us,us100078sm,2017-02-02T02:21:05.040Z,"102 km NNE of Kimbe, Papua New Guinea",earthquake,11.1,8.7,0.09,40,reviewed,us,us
2016-11-09T14:51:06.100Z,36.2993,-96.6815,4.696,2.7,ml,,56,,0.25,us,us100076hk,2017-02-02T02:21:05.040Z,"6 km N of Maramec, Oklahoma",earthquake,1.4,4.8,,,reviewed,tul,tul
2016-11-09T14:50:59.680Z,-4.7403,149.8713,448.76,5.9,mww,,23,2.19,0.77,us,us100076hl,2022-05-03T19:46:58.624Z,"94 km NNW of Kimbe, Papua New Guinea",earthquake,8.8,3.7,,,reviewed,us,us
2016-11-09T14:36:44.669Z,58.4029,-153.5186,60.6,2.9,ml,,,,0.49,ak,ak016efjaur6,2023-08-03T19:02:57.881Z,"52 km NW of Aleneva, Alaska",earthquake,,0.3,,,reviewed,ak,ak
2016-11-09T14:27:22.457Z,59.7539,-153.1659,101.2,2.1,ml,,,,0.52,ak,ak016efj8vlh,2023-08-03T19:02:55.877Z,"52 km E of Pedro Bay, Alaska",earthquake,,0.2,,,reviewed,ak,ak
2016-11-09T14:19:44.508Z,63.0681,-149.8213,92.5,2.2,ml,,,,0.38,ak,ak016efj77ki,2023-08-03T19:02:48.898Z,"56 km SW of Cantwell, Alaska",earthquake,,0.2,,,reviewed,ak,ak
2016-11-09T14:12:03.840Z,22.0363,144.0022,78.64,4.5,mb,,135,5.301,0.44,us,us100078s1,2017-02-02T02:21:05.040Z,"Volcano Islands, Japan region",earthquake,7.2,10.1,0.127,18,reviewed,us,us
2016-11-09T13:59:54.568Z,61.786,-152.0339,111.5,2.4,ml,,,,0.44,ak,ak016efiudds,2023-08-03T19:02:46.932Z,"40 km SW of Skwentna, Alaska",earthquake,,0.3,,,reviewed,ak,ak
2016-11-09T13:51:35.485Z,62.3406,-150.233,4.5,2.1,ml,,,,0.49,ak,ak016efism6k,2023-08-03T19:02:45.124Z,"2 km N of Trapper Creek, Alaska",earthquake,,0.2,,,reviewed,ak,ak
2016-11-09T13:07:26.057Z,59.964,-153.1608,112.6,2,ml,,,,0.39,ak,ak016efij5y5,2023-08-03T19:02:41.585Z,"56 km ENE of Pedro Bay, Alaska",earthquake,,0.3,,,reviewed,ak,ak
2016-11-09T12:21:29.820Z,-36.4906,-73.6018,10,4.8,mwr,,122,0.418,0.72,us,us100076g5,2017-02-02T02:21:05.040Z,"50 km WNW of Talcahuano, Chile",earthquake,4.9,1.9,,,reviewed,us,guc
2016-11-09T11:20:43.340Z,-34.0972,-177.9808,10,4.5,mb,,101,4.588,0.79,us,us100076g3,2017-02-02T02:21:05.040Z,"south of the Kermadec Islands",earthquake,7.2,1.9,0.103,28,reviewed,us,us
2016-11-09T11:04:07.880Z,-36.483,-73.7047,10,4.6,mwr,,121,0.49,0.64,us,us100076g2,2017-02-02T02:21:05.040Z,"59 km WNW of Talcahuano, Chile",earthquake,5.8,1.9,,,reviewed,us,guc
2016-11-09T10:07:47.170Z,19.4598331,-155.588501,44.61,2.57,md,16,53,,0.22,hv,hv61474526,2020-08-26T21:12:53.710Z,"29 km E of Honaunau-Napoopoo, Hawaii",earthquake,1.09,1.28,,1,reviewed,hv,hv
2016-11-09T10:00:49.657Z,60.0798,-153.4125,154.7,2.1,ml,,,,0.51,ak,ak016efgpexx,2023-08-03T19:02:14.461Z,"50 km NE of Pedro Bay, Alaska",earthquake,,0.7,,,reviewed,ak,ak
2016-11-09T08:15:30.390Z,-14.927,167.0538,105.48,5,mb,,52,5.821,1.15,us,us100076fv,2017-02-02T02:21:04.040Z,"12 km N of Port-Olry, Vanuatu",earthquake,7.5,4.7,0.059,114,reviewed,us,us
2016-11-09T06:12:43.900Z,36.9378,-97.8887,4.719,2.6,ml,,37,,0.42,us,us100076fn,2017-02-02T02:21:04.040Z,"6 km NNE of Wakita, Oklahoma",earthquake,1.4,5.8,,,reviewed,tul,tul
2016-11-09T05:17:03.137Z,59.8302,-152.953,105.2,2,ml,,,,0.4,ak,ak016efdtsi1,2023-08-03T19:01:22.995Z,"63 km W of Anchor Point, Alaska",earthquake,,0.2,,,reviewed,ak,ak
2016-11-09T04:54:29.540Z,33.1671667,-115.6275,2.18,2.82,ml,53,56,0.0143,0.22,ci,ci37735600,2017-02-08T19:56:58.967Z,"12km WNW of Calipatria, CA",earthquake,0.16,0.24,0.153,78,reviewed,ci,ci
2016-11-09T04:48:35.400Z,18.1231,-66.7723,21,2.1,Md,4,133.2,0.18954452,0.07,pr,pr16314000,2016-11-09T06:50:10.138Z,"6 km SW of Adjuntas, Puerto Rico",earthquake,0.5,2.5,0,4,reviewed,pr,pr
2016-11-09T04:39:43.230Z,41.7581667,-124.4556667,27.53,2.52,ml,6,301,0.3406,0.23,uw,uw61214557,2016-11-09T21:46:12.866Z,"21 km W of Crescent City, California",earthquake,1.92,3.58,0.224,5,reviewed,uw,uw
2016-11-09T04:33:00.130Z,-33.2571,-179.0126,10,5,mb,,111,4.105,1,us,us100076f2,2017-02-02T02:21:04.040Z,"south of the Kermadec Islands",earthquake,9.5,1.2,0.1,32,reviewed,us,us
2016-11-09T04:17:21.119Z,59.7771,-153.0317,105.3,2,ml,,,,0.43,ak,ak016efd8ea7,2023-08-03T19:01:03.760Z,"60 km E of Pedro Bay, Alaska",earthquake,,0.1,,,reviewed,ak,ak
2016-11-09T04:05:41.080Z,-6.7344,106.3907,63.98,4.5,mb,,149,4.153,0.85,us,us100078ry,2017-02-02T02:21:04.040Z,"33 km NNW of Pelabuhanratu, Indonesia",earthquake,10.8,3.4,0.131,17,reviewed,us,us
2016-11-09T03:11:00.530Z,53.5366,-167.5409,9.27,2.7,ml,,175,0.689,0.34,us,us100078js,2023-08-03T19:00:47.321Z,"76 km WSW of Unalaska, Alaska",earthquake,11.4,11.6,,,reviewed,us,ak
2016-11-09T02:21:34.770Z,-6.875,126.923,422.78,4.2,mb,,98,3.885,0.78,us,us100078rp,2017-02-02T02:21:04.040Z,"182 km N of Lospalos, Timor Leste",earthquake,11.5,10.9,0.176,9,reviewed,us,us
2016-11-09T02:19:33.990Z,-17.5085,-178.4962,542.68,4.4,mb,,76,3.299,0.92,us,us100078rn,2017-02-02T02:21:04.040Z,"239 km ENE of Levuka, Fiji",earthquake,12.8,14.9,0.12,20,reviewed,us,us
2016-11-09T02:15:37.000Z,36.9445,-97.8973,5.943,3.7,mwr,,53,,0.21,us,us100076ee,2020-03-20T01:35:44.608Z,"7 km NNE of Wakita, Oklahoma",earthquake,0.9,2.2,0.048,42,reviewed,tul,us
2016-11-09T02:15:20.480Z,-11.4368,-76.0389,110.27,4.4,mb,,92,0.958,1.43,us,us100076eh,2017-02-02T02:21:04.040Z,"16 km NW of Santa Rosa de Sacco, Peru",earthquake,7.4,8.6,0.126,18,reviewed,us,us
2016-11-09T01:53:37.463Z,53.0621,-164.8712,25.1,2.5,ml,,,,0.4,ak,ak016efbnuia,2023-08-03T19:00:34.845Z,"133 km SSE of Akutan, Alaska",earthquake,,3.6,,,reviewed,ak,ak
2016-11-09T01:51:55.540Z,36.0099,-96.7787,2.48,2.2,mb_lg,,64,0.025,0.31,us,us100076du,2017-02-02T02:21:04.040Z,"2 km NNW of Cushing, Oklahoma",earthquake,0.7,2.5,0.361,3,reviewed,us,us
2016-11-09T01:30:52.780Z,40.0458333,-123.7618333,15.19,2.21,md,20,129,0.1622,0.08,nc,nc72722260,2017-02-11T06:34:01.090Z,"3 km SE of Benbow, California",earthquake,0.34,0.51,0.098,22,reviewed,nc,nc
2016-11-09T01:17:23.570Z,-2.9824,138.9977,66.95,4.2,mb,,90,6.74,1.31,us,us100078rm,2017-02-02T02:21:04.040Z,"186 km WSW of Abepura, Indonesia",earthquake,7.2,10.2,0.176,9,reviewed,us,us
2016-11-09T01:16:59.964Z,67.2438,-138.9168,21.9,2.7,ml,,,,0.61,ak,ak016efbfyr0,2023-08-03T19:00:30.895Z,"174 km W of Fort McPherson, Canada",earthquake,,0.7,,,reviewed,ak,ak
2016-11-09T01:15:21.640Z,28.2167,57.3619,10,4.5,mb,,46,0.405,1.44,us,us100076dp,2017-02-02T02:21:04.040Z,"123 km NNE of M?n?b, Iran",earthquake,4.1,1.9,0.07,59,reviewed,us,us
2016-11-09T01:05:30.670Z,28.1942,57.3139,10,4,mb,,57,0.424,1.41,us,us100078sg,2017-02-02T02:21:04.040Z,"119 km N of M?n?b, Iran",earthquake,6.3,2,0.366,2,reviewed,us,us
2016-11-09T00:55:46.860Z,36.4631667,-121.007,6.5,3.6,mw,73,63,0.03964,0.09,nc,nc72722235,2017-03-18T00:06:11.011Z,"26 km NE of Greenfield, California",earthquake,0.14,0.3,,7,reviewed,nc,nc
2016-11-09T00:52:07.360Z,38.6731667,-112.5385,3.5,2.15,ml,22,64,0.09567,0.2,uu,uu60170107,2016-11-09T18:26:18.800Z,"16 km SSW of Kanosh, Utah",earthquake,0.46,1.21,0.186,6,reviewed,uu,uu
2016-11-09T00:23:41.292Z,56.7628,-157.478,92.6,2.1,ml,,,,0.6,ak,ak016efavzpt,2023-08-03T19:00:29.088Z,"73 km ESE of Port Heiden, Alaska",earthquake,,1.6,,,reviewed,ak,ak
2016-11-09T00:03:12.490Z,-23.5567,-179.6199,531.19,4.4,mb,,134,6.179,0.8,us,us100078rl,2017-02-02T02:21:04.040Z,"south of the Fiji Islands",earthquake,9.7,9.9,0.099,29,reviewed,us,us
2016-11-08T23:47:14.440Z,19.386,-155.2466667,1.73,2.4,ml,26,115,,0.07,hv,hv61474046,2020-07-06T21:00:26.290Z,"6 km SSW of Volcano, Hawaii",earthquake,0.24,0.2,0.177,15,reviewed,hv,hv
2016-11-08T23:30:20.880Z,-27.2512,-63.3108,558.61,5.1,mb,,40,5.206,0.89,us,us100076d3,2017-02-02T02:21:04.040Z,"25 km SSW of El Hoyo, Argentina",earthquake,10,5,0.025,518,reviewed,us,us
2016-11-08T23:24:10.910Z,33.0808333,-115.5916667,11.15,2.67,ml,64,52,0.04132,0.24,ci,ci37735320,2017-02-08T21:43:34.513Z,"6km NNE of Westmorland, CA",earthquake,0.17,0.29,0.247,26,reviewed,ci,ci
2016-11-08T23:23:27.110Z,33.0798333,-115.5891667,10.59,2.25,ml,34,59,0.04186,0.21,ci,ci37735312,2017-02-08T20:48:33.349Z,"6km NNE of Westmorland, CA",earthquake,0.25,0.42,0.186,27,reviewed,ci,ci
2016-11-08T23:11:58.730Z,-17.1569,-70.4323,127.52,4.5,mb,,158,1.21,1.1,us,us100076cz,2017-02-02T02:21:04.040Z,"8 km W of Pujocucho, Peru",earthquake,10.9,7.9,0.135,16,reviewed,us,us
2016-11-08T22:10:40.100Z,49.4206667,-120.5146667,-0.53,2.11,ml,6,209,0.5962,0.5,uw,uw61214422,2016-11-08T22:25:36.180Z,"4 km S of Princeton, Canada",explosion,4.69,31.61,0.133,5,reviewed,uw,uw
2016-11-08T21:52:09.163Z,51.5039,-177.256,45.4,2.2,ml,,,,0.21,ak,ak016ee00w7o,2023-08-03T19:00:09.230Z,"59 km SW of Adak, Alaska",earthquake,,0.7,,,reviewed,ak,ak
2016-11-08T21:38:26.910Z,53.4906,87.3042,10,4.1,mb,,178,1.546,1.18,us,us100076cm,2017-02-02T02:21:04.040Z,"6 km SE of Kaltan, Russia",earthquake,5.7,2,0.13,16,reviewed,us,us
2016-11-08T21:35:40.272Z,60.4161,-151.1757,8.9,2.3,ml,,,,0.58,ak,ak016edzxbfv,2023-08-03T19:00:05.516Z,"6 km E of Kalifornsky, Alaska",earthquake,,0.2,,,reviewed,ak,ak
2016-11-08T21:25:46.830Z,47.5076667,-122.3225,29.08,2.08,ml,30,63,0.06951,0.12,uw,uw61214417,2016-11-08T22:21:18.250Z,"2 km NNW of Boulevard Park, Washington",earthquake,0.22,0.46,0.169,20,reviewed,uw,uw
2016-11-08T21:00:23.511Z,60.0818,-152.8255,114.5,2.1,ml,,,,0.5,ak,ak016edzps33,2023-08-03T18:59:59.509Z,"62 km WNW of Happy Valley, Alaska",earthquake,,0.1,,,reviewed,ak,ak
2016-11-08T20:57:44.550Z,10.5784,-86.4856,24.87,4.3,mb,,193,1.032,0.59,us,us100078ai,2017-02-02T02:21:04.040Z,"91 km W of Sardinal, Costa Rica",earthquake,7.4,11.3,0.122,19,reviewed,us,us
2016-11-08T20:56:52.540Z,33.1983333,-115.589,1.78,2.23,ml,25,81,0.03053,0.21,ci,ci37148324,2017-02-08T21:18:20.790Z,"8km SW of Niland, CA",earthquake,0.26,0.37,0.108,11,reviewed,ci,ci
2016-11-08T20:56:15.330Z,33.194,-115.5818333,1.89,2.67,ml,62,45,0.03279,0.24,ci,ci37735160,2017-02-08T20:33:24.167Z,"8km SW of Niland, CA",earthquake,0.22,0.27,0.274,27,reviewed,ci,ci
2016-11-08T20:42:30.630Z,-6.5668,129.8504,160.69,4.1,mb,,87,2.01,1.35,us,us100078ah,2017-02-02T02:21:04.040Z,"Banda Sea",earthquake,8.4,6.9,0.184,8,reviewed,us,us
2016-11-08T20:32:45.200Z,36.4181,-97.354,7.966,2.5,ml,,35,,0.19,us,us100076c0,2017-02-02T02:21:04.040Z,"14 km SSE of Billings, Oklahoma",earthquake,0.8,4.6,,,reviewed,tul,tul
2016-11-08T20:27:05.500Z,36.4163,-97.3526,7.081,3.3,ml,,36,,0.16,us,us100076bv,2017-02-02T02:21:04.040Z,"14 km SSE of Billings, Oklahoma",earthquake,0.8,4.4,,,reviewed,tul,tul
2016-11-08T20:22:48.720Z,39.6651667,-123.6316667,-0.72,2.09,md,29,82,0.04324,0.11,nc,nc72722125,2017-02-11T06:31:00.480Z,"13 km WSW of Laytonville, California",earthquake,0.19,0.69,0.128,23,reviewed,nc,nc
2016-11-08T19:40:11.189Z,61.0742,-150.6679,54,2,ml,,,,0.51,ak,ak016edyrgke,2023-08-03T18:59:49.129Z,"16 km N of Point Possession, Alaska",earthquake,,0.3,,,reviewed,ak,ak
2016-11-08T19:20:43.495Z,61.7642,-150.7024,63.4,3.1,ml,,,,0.53,ak,ak016edyn8ql,2023-08-03T18:59:41.465Z,"26 km NNW of Susitna, Alaska",earthquake,,0.2,,,reviewed,ak,ak
2016-11-08T19:08:21.370Z,43.8143,-105.3292,0,3.6,ml,,51,0.982,0.9,us,us100076bb,2017-02-02T02:21:04.040Z,"14 km ENE of Wright, Wyoming",mining explosion,4.4,2,0.043,80,reviewed,us,us
2016-11-08T18:29:55.330Z,-19.2658,-177.544,567.9,4.3,mb,,69,4.443,0.93,us,us100076b6,2017-02-02T02:21:04.040Z,"Fiji region",earthquake,11.3,7.2,0.059,81,reviewed,us,us
2016-11-08T18:13:43.080Z,38.6625,-112.533,5.49,2.58,ml,17,55,0.08553,0.15,uu,uu60170032,2017-02-02T02:21:04.040Z,"17 km SSW of Kanosh, Utah",earthquake,0.53,1.18,0.323,8,reviewed,uu,uu
2016-11-08T18:00:58.520Z,5.7707,127.0225,82.83,4.1,mb,,162,1.929,0.63,us,us100078ac,2017-02-02T02:21:04.040Z,"114 km SE of Pondaguitan, Philippines",earthquake,7.5,11.3,0.157,14,reviewed,us,us
2016-11-08T17:26:38.600Z,18.493,-64.1463,17,2,Md,4,352.8,0.4527509,0.05,pr,pr16313001,2016-11-08T19:13:46.168Z,"70 km ENE of Cruz Bay, U.S. Virgin Islands",earthquake,4.8,0.6,0,3,reviewed,pr,pr
2016-11-08T17:21:22.620Z,-5.5939,109.9339,545.83,4.2,mb,,48,1.531,0.81,us,us100076av,2017-02-02T02:21:04.040Z,"130 km NW of Batang, Indonesia",earthquake,7.2,7.3,0.09,37,reviewed,us,us
2016-11-08T17:09:50.810Z,-38.1882,-74.0963,4.79,4.5,mwr,,138,0.816,1.21,us,us100076au,2017-02-02T02:21:04.040Z,"75 km SW of Cañete, Chile",earthquake,4,5,0.052,35,reviewed,us,us
2016-11-08T16:58:53.500Z,19.005,145.5799,232.05,4.6,mb,,56,3.748,0.8,us,us100078ab,2017-02-02T02:21:04.040Z,"Maug Islands region, Northern Mariana Islands",earthquake,9.9,7.5,0.076,51,reviewed,us,us
2016-11-08T16:06:24.160Z,67.117,-143.8836,15.7,2.5,ml,,,,0.57,ak,ak016edwrweo,2023-08-03T18:59:16.241Z,"52 km N of Chalkyitsik, Alaska",earthquake,,0.1,,,reviewed,ak,ak
2016-11-08T15:57:34.860Z,-54.935,-30.5739,14.94,4.3,mb,,131,3.5,0.68,us,us100078al,2017-02-02T02:21:04.040Z,"South Sandwich Islands region",earthquake,16.2,5.6,0.2,7,reviewed,us,us
2016-11-08T15:31:15.540Z,5.137,127.3416,128.67,4.3,mb,,116,2.599,0.65,us,us100078ae,2017-02-02T02:21:04.040Z,"186 km SE of Pondaguitan, Philippines",earthquake,9.3,8.3,0.116,21,reviewed,us,us
2016-11-08T15:26:59.817Z,51.7327,-177.5676,64,2.1,ml,,,,0.36,ak,ak016edwatvh,2023-08-03T18:58:58.595Z,"66 km WSW of Adak, Alaska",earthquake,,0.3,,,reviewed,ak,ak
2016-11-08T15:26:04.810Z,-17.4505,-178.4292,538.68,4.3,mb,,103,3.368,0.47,us,us100078ad,2017-02-02T02:21:04.040Z,"248 km ENE of Levuka, Fiji",earthquake,19.9,14.5,0.154,15,reviewed,us,us
2016-11-08T14:26:09.160Z,18.6933,145.503,194.57,4.2,mb,,123,3.444,1.02,us,us100078am,2017-02-02T02:21:04.040Z,"Pagan region, Northern Mariana Islands",earthquake,16.5,10,0.132,16,reviewed,us,us
2016-11-08T14:13:58.540Z,-25.3841,-70.169,58.87,4.7,mwr,,113,0.568,1.08,us,us100076a8,2017-02-02T02:21:04.040Z,"31 km E of Taltal, Chile",earthquake,6.3,4.8,,,reviewed,us,guc
2016-11-08T13:47:56.780Z,-6.226,147.7978,61.64,4,mb,,105,3.22,0.6,us,us100078a9,2017-02-02T02:21:04.040Z,"37 km N of Finschhafen, Papua New Guinea",earthquake,10.3,7.2,0.15,12,reviewed,us,us
2016-11-08T13:45:47.497Z,60.558,-147.4923,2.4,2,ml,,,,0.53,ak,ak016edv80bh,2023-08-03T18:58:40.114Z,"56 km SW of Tatitlek, Alaska",earthquake,,0.4,,,reviewed,ak,ak
2016-11-08T13:24:36.300Z,45.6881667,-111.2898333,0.27,2.33,ml,30,88,0.255,0.2,mb,mb80188664,2016-11-08T15:44:38.390Z,"7 km S of Churchill, Montana",earthquake,0.33,1.39,0.262,12,reviewed,mb,mb
2016-11-08T12:54:36.000Z,35.379,27.338,6.8,4,mb,,,,0.53,us,us100078a7,2017-02-02T02:21:04.040Z,"Dodecanese Islands, Greece",earthquake,3.1,5.2,0.368,2,reviewed,ath,us
2016-11-08T12:43:19.720Z,36.3882,141.2064,35,4.2,mwr,,112,1.515,0.88,us,us100076a4,2017-02-02T02:21:04.040Z,"55 km ESE of Hitachi, Japan",earthquake,3.8,1.9,0.075,17,reviewed,us,us
2016-11-08T12:38:34.252Z,58.8454,-154.4081,114.9,2.1,ml,,,,0.37,ak,ak016edul1oh,2023-08-03T18:58:34.138Z,"69 km SSE of Kokhanok, Alaska",earthquake,,0.4,,,reviewed,ak,ak
2016-11-08T12:02:02.100Z,32.2296667,-115.26,15.27,2.57,ml,22,186,0.1721,0.22,ci,ci37519655,2017-02-08T21:51:06.270Z,"8km W of Alberto Oviedo Mota, B.C., MX",earthquake,0.48,1.06,0.152,63,reviewed,ci,ci
2016-11-08T11:17:34.070Z,-50.6498,168.2931,10,4.2,mb,,143,4.613,1.32,us,us100078a6,2017-02-02T02:21:04.040Z,"Auckland Islands, New Zealand region",earthquake,4.8,1.9,0.152,12,reviewed,us,us
2016-11-08T11:00:37.857Z,63.0762,-150.9399,119.8,2.2,ml,,,,0.47,ak,ak016edtrh55,2023-08-03T18:58:15.946Z,"65 km SE of Denali National Park, Alaska",earthquake,,0.5,,,reviewed,ak,ak
2016-11-08T10:40:35.215Z,61.3323,-146.7179,14.9,2.4,ml,,,,0.52,ak,ak016edtelz5,2023-08-03T18:58:12.014Z,"29 km NW of Valdez, Alaska",earthquake,,0.6,,,reviewed,ak,ak
2016-11-08T10:11:22.000Z,36.819,-97.6093,8.355,2.8,ml,,55,,0.4,us,us1000769q,2017-02-02T02:21:04.040Z,"8 km W of Deer Creek, Oklahoma",earthquake,0.9,5.6,,,reviewed,tul,tul
2016-11-08T09:56:49.230Z,39.7988,68.1282,12.9,4.6,mb,,65,1.392,0.67,us,us1000769p,2017-02-02T02:21:04.040Z,"29 km SW of Zomin Shaharchasi, Uzbekistan",earthquake,5.6,5.3,0.223,6,reviewed,us,us
2016-11-08T09:39:48.267Z,51.7501,178.3372,108.9,2.4,ml,,,,0.28,ak,ak016edssznu,2023-08-03T18:58:00.890Z,"Rat Islands, Aleutian Islands, Alaska",earthquake,,1.2,,,reviewed,ak,ak
2016-11-08T09:31:02.060Z,-2.3329,100.6902,56.53,4.6,mb,,179,2.664,0.91,us,us1000769m,2017-02-02T02:21:04.040Z,"83 km WSW of Sungai Penuh, Indonesia",earthquake,5.8,8.5,0.112,24,reviewed,us,us
2016-11-08T09:25:45.800Z,-19.4995,176.2585,10,4.1,mb,,142,2.437,0.87,us,us100078a4,2017-02-02T02:21:04.040Z,"224 km SSW of Nadi, Fiji",earthquake,10.3,2,0.214,6,reviewed,us,us
2016-11-08T09:25:27.408Z,60.229,-152.2059,89.7,2,ml,,,,0.48,ak,ak016edspy10,2023-08-03T18:57:53.951Z,"Southern Alaska",earthquake,,0.3,,,reviewed,ak,ak
2016-11-08T09:12:19.124Z,55.4312,-159.2367,12.4,2.6,ml,,,,0.39,ak,ak016edsn52w,2023-08-03T18:57:50.385Z,"53 km S of Perryville, Alaska",earthquake,,0.5,,,reviewed,ak,ak
2016-11-08T09:11:08.740Z,-58.1914,148.4279,10,4.6,mb,,107,6.921,0.55,us,us1000769i,2017-02-02T02:21:04.040Z,"west of Macquarie Island",earthquake,8.4,1.9,0.095,33,reviewed,us,us
2016-11-08T08:41:25.560Z,20.016,121.4515,43.24,4.4,mb,,135,2.809,0.72,us,us100078a2,2017-02-02T02:21:04.040Z,"Batan Islands region, Philippines",earthquake,15.5,9.8,0.162,11,reviewed,us,us
2016-11-08T08:36:43.220Z,-34.5685,-179.0831,35,4.2,mb,,247,3.659,0.47,us,us100078a1,2017-02-02T02:21:03.040Z,"south of the Kermadec Islands",earthquake,13.1,2,0.159,11,reviewed,us,us
2016-11-08T08:07:36.280Z,51.8769,-174.3161,7.16,2.7,ml,,201,1.1,0.1,us,us100077cy,2023-08-03T18:57:46.368Z,"36 km SSW of Atka, Alaska",earthquake,8.1,10.8,,,reviewed,us,ak
2016-11-08T07:48:54.690Z,52.3623,-168.0075,47,2.5,ml,,,,0.86,us,us100077cx,2023-08-03T18:57:39.635Z,"86 km SE of Nikolski, Alaska",earthquake,7.1,10.1,,,reviewed,ak,ak
2016-11-08T07:44:27.420Z,53.3797,-163.2767,21.24,3.3,ml,,243,1.482,0.27,us,us100076bf,2023-08-03T18:57:30.657Z,"164 km S of False Pass, Alaska",earthquake,10.1,29.3,0.148,6,reviewed,us,us
2016-11-08T07:32:20.540Z,51.8989,-178.8613,94.62,5,mb,,88,1.06,1.26,us,us1000768y,2023-08-03T18:57:26.639Z,"153 km W of Adak, Alaska",earthquake,7.6,5.4,0.07,65,reviewed,us,us
2016-11-08T07:13:09.000Z,-36.65,-73.572,10.4,4.6,mb,,,,0.91,us,us1000768x,2017-02-02T02:21:03.040Z,"41 km WNW of Talcahuano, Chile",earthquake,4.5,4.8,0.146,14,reviewed,guc,us
2016-11-08T07:08:02.600Z,-36.6001,-73.5462,17.72,4.9,mww,,111,0.321,1.11,us,us1000768w,2017-02-02T02:21:03.040Z,"40 km WNW of Talcahuano, Chile",earthquake,5.1,3.4,,,reviewed,us,us
2016-11-08T06:39:51.139Z,59.8061,-153.4872,147.6,2,ml,,,,0.46,ak,ak016edr0p2h,2023-08-03T18:57:14.523Z,"34 km E of Pedro Bay, Alaska",earthquake,,0.8,,,reviewed,ak,ak
2016-11-08T06:25:51.630Z,-58.054,148.4633,10,4.9,mb,,106,6.841,0.95,us,us1000768s,2017-02-02T02:21:03.040Z,"west of Macquarie Island",earthquake,8.4,1.8,0.11,28,reviewed,us,us
2016-11-08T05:50:28.000Z,-36.577,-73.702,18.3,3.9,ml,,,,0.8,us,us1000768g,2017-02-02T02:21:03.040Z,"54 km WNW of Talcahuano, Chile",earthquake,9.2,8.4,,,reviewed,guc,guc
2016-11-08T05:44:41.650Z,-36.5913,-73.663,14.24,4.6,mwr,,123,0.41,0.71,us,us1000768d,2017-02-02T02:21:03.040Z,"51 km WNW of Talcahuano, Chile",earthquake,3.1,4.5,0.043,52,reviewed,us,us
2016-11-08T05:24:49.941Z,57.7682,-156.5364,127.7,2.3,ml,,,,0.46,ak,ak016edqc1mq,2023-08-03T18:57:03.516Z,"58 km ENE of Ugashik, Alaska",earthquake,,1.1,,,reviewed,ak,ak
2016-11-08T05:16:16.940Z,-36.5989,-73.5511,17.03,4.9,mwr,,151,0.325,0.77,us,us10007685,2017-02-02T02:21:03.040Z,"41 km WNW of Talcahuano, Chile",earthquake,6.1,5.5,,,reviewed,us,guc
2016-11-08T04:55:45.900Z,-36.5776,-73.5603,20,6,mww,,54,0.342,0.82,us,us10007681,2022-05-03T19:46:46.393Z,"42 km WNW of Talcahuano, Chile",earthquake,4.1,1.8,,,reviewed,us,us
2016-11-08T04:55:11.140Z,58.5823,-143.361,5.3,2.7,ml,,,,0.3,us,us100076b8,2023-08-03T18:56:57.987Z,"234 km WSW of Yakutat, Alaska",earthquake,8.5,8.7,,,reviewed,ak,ak
2016-11-08T04:54:05.140Z,51.7973,-173.3727,26,2.3,ml,,,,0.22,ak,ak016edpwy1u,2023-08-03T18:56:55.978Z,"72 km SE of Atka, Alaska",earthquake,,7.4,,,reviewed,ak,ak
2016-11-08T04:30:37.490Z,30.7233,142.2316,31.4,4.5,mb,,142,6.356,0.6,us,us1000789y,2017-02-02T02:21:03.040Z,"Izu Islands, Japan region",earthquake,15.2,7.4,0.171,10,reviewed,us,us
2016-11-08T04:27:13.180Z,-58.1552,148.5324,10,5,mb,,64,6.855,0.9,us,us1000767s,2017-02-02T02:21:03.040Z,"west of Macquarie Island",earthquake,10.7,1.9,0.089,40,reviewed,us,us
2016-11-08T04:03:55.700Z,36.0037,-96.7803,4.099,2.5,ml,,57,,0.18,us,us1000767p,2017-02-02T02:21:03.040Z,"2 km NNW of Cushing, Oklahoma",earthquake,0.9,2.6,,,reviewed,tul,tul
2016-11-08T03:57:31.780Z,-58.1571,148.4809,10,4.3,mb,,107,6.88,0.51,us,us1000789u,2017-02-02T02:21:03.040Z,"west of Macquarie Island",earthquake,12.7,1.9,0.154,12,reviewed,us,us
2016-11-08T03:52:37.690Z,-58.0831,148.6567,10,4.8,mb,,107,6.763,0.64,us,us1000767m,2017-02-02T02:21:03.040Z,"west of Macquarie Island",earthquake,8.5,1.8,0.118,22,reviewed,us,us
2016-11-08T03:46:46.100Z,18.2105,-65.1016,6,2.3,Md,3,230.4,0.19583273,0.02,pr,pr16313000,2016-11-08T07:50:56.751Z,"23 km SW of Charlotte Amalie, U.S. Virgin Islands",earthquake,1.2,0.7,0,3,reviewed,pr,pr
2016-11-08T03:09:25.410Z,-58.1134,148.1913,10,5.7,mww,,44,6.997,0.99,us,us1000767e,2022-05-03T19:46:53.098Z,"west of Macquarie Island",earthquake,10.7,1.7,,,reviewed,us,us
2016-11-08T02:46:54.780Z,34.5793333,-118.0375,7.54,2.22,ml,68,31,0.05252,0.14,ci,ci37519575,2017-02-08T20:51:31.660Z,"6km E of Palmdale, CA",earthquake,0.12,0.32,0.159,110,reviewed,ci,ci
2016-11-08T02:42:37.580Z,18.894,144.8084,174.43,4.2,mb,,113,3.752,1.11,us,us1000789r,2017-02-02T02:21:03.040Z,"Pagan region, Northern Mariana Islands",earthquake,13.7,8.7,0.098,29,reviewed,us,us
2016-11-08T02:40:46.860Z,-28.2397,-11.6476,10,4.8,mb,,200,40.694,0.77,us,us1000789s,2017-02-02T02:21:03.040Z,"southern Mid-Atlantic Ridge",earthquake,18.9,2,0.116,23,reviewed,us,us
2016-11-08T02:33:06.190Z,-20.0886,-172.8014,35.05,4.6,mb,,88,2.891,0.86,us,us10007679,2017-02-02T02:21:03.040Z,"165 km E of Pangai, Tonga",earthquake,14.4,8.5,0.137,16,reviewed,us,us
2016-11-08T02:02:57.320Z,-58.0616,148.3569,10,4.8,mb,,106,6.895,0.53,us,us10007677,2017-02-02T02:21:03.040Z,"west of Macquarie Island",earthquake,11.4,1.9,0.109,26,reviewed,us,us
2016-11-08T01:44:29.703Z,54.3462,-160.9434,10.1,2.4,ml,,,,0.32,ak,ak016edo2jyy,2023-08-03T18:56:32.124Z,"113 km SSW of Sand Point, Alaska",earthquake,,3.1,,,reviewed,ak,ak
2016-11-08T01:28:10.510Z,-58.1079,148.8163,10,4.5,mb,,108,6.7,0.95,us,us1000789n,2017-02-02T02:21:03.040Z,"west of Macquarie Island",earthquake,13.5,2,0.121,20,reviewed,us,us
2016-11-08T01:17:39.771Z,60.8987,-147.5949,11.8,2.5,ml,,,,0.54,ak,ak016ednwsex,2023-08-03T18:56:27.108Z,"49 km W of Tatitlek, Alaska",earthquake,,0.3,,,reviewed,ak,ak
2016-11-08T00:58:43.840Z,-5.7549,146.5227,53.21,5.4,mb,,13,3.68,0.65,us,us1000766z,2022-05-03T19:46:47.715Z,"93 km NE of Kainantu, Papua New Guinea",earthquake,6.9,4.9,0.037,247,reviewed,us,us
2016-11-08T00:39:24.598Z,60.0197,-152.8704,97.6,2,ml,,,,0.37,ak,ak016edng1e3,2023-08-03T18:56:21.609Z,"64 km W of Happy Valley, Alaska",earthquake,,0.2,,,reviewed,ak,ak
2016-11-08T00:25:54.120Z,16.4409,148.4195,10,4.5,mb,,159,2.794,0.7,us,us1000789l,2017-02-02T02:21:03.040Z,"Mariana Islands region",earthquake,12.2,2,0.15,13,reviewed,us,us
2016-11-08T00:16:01.610Z,-3.4413,139.6905,47.71,4.3,mb,,94,7.448,0.5,us,us1000766t,2017-02-02T02:21:03.040Z,"140 km SW of Abepura, Indonesia",earthquake,7.4,9.6,0.126,18,reviewed,us,us
2016-11-08T00:14:47.920Z,37.2551,71.2227,99.48,4.2,mb,,103,0.443,0.67,us,us1000766s,2017-02-02T02:21:03.040Z,"39 km SW of Khorugh, Tajikistan",earthquake,5.8,2.5,0.141,14,reviewed,us,us
2016-11-08T00:08:21.450Z,40.6015,-123.7621667,7.37,2.36,md,23,41,0.1811,0.12,nc,nc72721780,2017-02-11T06:24:43.410Z,"26 km W of Hyampom, California",earthquake,0.24,0.68,0.102,33,reviewed,nc,nc
2016-11-07T23:38:40.200Z,18.9055,-64.275,11,2.7,Md,6,313.2,0.58390493,0.09,pr,pr16312004,2017-02-02T02:21:03.040Z,"83 km NE of Cruz Bay, U.S. Virgin Islands",earthquake,1.8,2.3,0,4,reviewed,pr,pr
2016-11-07T23:31:22.631Z,59.6963,-153.137,107.6,2.4,ml,,,,0.48,ak,ak016ecdjxxj,2023-08-03T18:55:56.521Z,"55 km E of Pedro Bay, Alaska",earthquake,,0.4,,,reviewed,ak,ak
2016-11-07T23:04:54.230Z,-31.9414,-177.7776,10,4.5,mb,,181,2.69,0.89,us,us100076z6,2017-02-02T02:21:03.040Z,"Kermadec Islands region",earthquake,6.1,1.9,0.163,11,reviewed,us,us
2016-11-07T22:54:30.540Z,51.7788,-178.6656,89.1,2.7,ml,,,,0.25,us,us100078h5,2023-08-03T18:55:52.623Z,"140 km W of Adak, Alaska",earthquake,16.4,9.6,,,reviewed,ak,ak
2016-11-07T22:17:13.600Z,36.4509,-98.7939,5.664,2.6,ml,,66,,0.37,us,us1000765u,2017-02-02T02:21:03.040Z,"16 km SSE of Waynoka, Oklahoma",earthquake,1.1,3.4,,,reviewed,tul,tul
2016-11-07T21:52:10.600Z,17.965,-68.4235,93,3.3,Md,14,334.8,0.98904513,0.25,pr,pr16312003,2017-02-02T02:21:03.040Z,"49 km SSE of Boca de Yuma, Dominican Republic",earthquake,2.6,2.1,0,13,reviewed,pr,pr
2016-11-07T21:31:28.330Z,-8.11,104.8401,33,5.8,mww,,19,4.169,0.83,us,us10007659,2022-05-03T19:46:40.019Z,"220 km SSW of Labuan, Indonesia",earthquake,7.9,1.8,,,reviewed,us,us
2016-11-07T20:51:30.250Z,43.6696,-105.1759,0,3.6,ml,,77,0.939,0.54,us,us1000764q,2017-02-02T02:21:03.040Z,"27 km ESE of Wright, Wyoming",mining explosion,4.7,2,0.049,62,reviewed,us,us
2016-11-07T20:47:36.130Z,15.1599,122.5268,10,4.2,mb,,159,7.739,0.51,us,us100076z8,2017-02-02T02:21:03.040Z,"51 km NNE of Casuguran, Philippines",earthquake,7.6,1.9,0.141,14,reviewed,us,us
2016-11-07T20:44:42.580Z,51.4812,-176.472,25.2,2.8,ml,,,,0.92,us,us100078h2,2023-08-03T18:55:24.496Z,"45 km SSE of Adak, Alaska",earthquake,6.3,7.6,,,reviewed,ak,ak
2016-11-07T20:09:06.180Z,46.0176667,-112.4653333,-2,2.29,ml,9,99,0.196,0.12,mb,mb80188524,2016-11-07T20:52:18.450Z,"5 km ENE of Butte, Montana",quarry blast,0.7,31.61,0.26,8,reviewed,mb,mb
2016-11-07T19:49:03.869Z,62.5006,-151.1569,80.8,2.1,ml,,,,0.5,ak,ak016ecba0ya,2023-08-18T17:48:13.578Z,"20 km W of Petersville, Alaska",earthquake,,0.4,,,reviewed,ak,ak
2016-11-07T18:57:18.484Z,61.0156,-151.2122,59.5,2.5,ml,,,,0.69,ak,ak016ecaqc7c,2023-08-03T18:55:08.502Z,"7 km SW of Tyonek, Alaska",earthquake,,0.3,,,reviewed,ak,ak
2016-11-07T18:56:16.960Z,42.89,13.15,13,4.3,mb,,,,1.18,us,us10007644,2017-02-02T02:21:03.040Z,"0 km SW of Castelsantangelo sul Nera, Italy",earthquake,5.7,2.3,0.153,12,reviewed,rom,us
2016-11-07T18:46:28.500Z,17.94,-65.607,2,2.8,Md,15,165.6,0.3054272,0.37,pr,pr16312002,2017-02-02T02:21:03.040Z,"22 km SW of Esperanza, Puerto Rico",earthquake,1.1,1.1,0,14,reviewed,pr,pr
2016-11-07T18:35:05.620Z,36.876,-89.1226667,0.07,2.7,md,39,81,0.1934,0.14,nm,nm60164331,2017-02-02T02:21:03.040Z,"9 km ESE of Wyatt, Missouri",earthquake,0.45,1.9,0.058,17,reviewed,nm,nm
2016-11-07T18:23:59.620Z,19.1793327,-155.4859924,35.743,2.32,ml,56,78,,0.12,hv,hv61472426,2020-07-06T21:00:01.920Z,"2 km SSW of P?hala, Hawaii",earthquake,0.43,0.66,0.32,7,automatic,hv,hv
2016-11-07T18:21:24.730Z,-10.3266,160.6831,10,4.3,mb,,197,1.141,0.62,us,us100076z1,2017-02-02T02:21:03.040Z,"126 km ESE of Malango, Solomon Islands",earthquake,12.5,2,0.142,14,reviewed,us,us
2016-11-07T18:16:46.080Z,-0.0771,123.5039,119.48,4.2,mb,,74,1.205,0.54,us,us100076z2,2017-02-02T02:21:03.040Z,"83 km SE of Gorontalo, Indonesia",earthquake,6.6,8.4,0.117,20,reviewed,us,us
2016-11-07T17:59:58.050Z,19.1186667,-155.1045,45.84,2.27,md,38,229,,0.1,hv,hv61472351,2020-07-06T21:00:23.310Z,"38 km SSE of Volcano, Hawaii",earthquake,1.06,1.14,0.164,17,reviewed,hv,hv
2016-11-07T17:43:14.250Z,-21.3605,-176.5125,170.08,4.3,mb,,91,6.587,0.78,us,us100076zw,2017-02-02T02:21:03.040Z,"136 km W of Haveluloto, Tonga",earthquake,18.3,10.7,0.154,12,reviewed,us,us
2016-11-07T17:14:55.110Z,48.1638333,-122.762,24.03,2.96,ml,33,34,0.1335,0.25,uw,uw61229521,2017-02-02T02:21:03.040Z,"5 km N of Port Townsend, Washington",earthquake,0.35,0.92,0.117,25,reviewed,uw,uw
2016-11-07T17:14:52.530Z,-22.2228,-179.5559,581.17,4.7,mb,,99,4.99,0.83,us,us1000763r,2017-02-02T02:21:02.040Z,"south of the Fiji Islands",earthquake,11.9,6.4,0.04,191,reviewed,us,us
2016-11-07T16:59:07.000Z,-39.37,173.79,19,4.8,mb,,,,0.58,us,us1000763p,2017-02-02T02:21:02.040Z,"11 km NNW of Opunake, New Zealand",earthquake,7.5,4.2,0.168,11,reviewed,wel,us
2016-11-07T16:33:45.000Z,54.9182,-151.6989,12.65,3.6,ml,,240,2.163,0.45,us,us100078gt,2023-08-03T18:54:08.580Z,"273 km SSE of Old Harbor, Alaska",earthquake,12.2,9.1,0.081,20,reviewed,us,us
2016-11-07T15:44:36.030Z,0.8332,126.7963,41.81,4.3,mb,,70,0.573,0.77,us,us100076yw,2017-02-02T02:21:02.040Z,"65 km W of Ternate, Indonesia",earthquake,6.5,5.5,0.148,13,reviewed,us,us
2016-11-07T15:44:26.173Z,59.7604,-153.0422,106,2.2,ml,,,,0.42,ak,ak016ec8v9o9,2023-08-03T18:53:50.951Z,"Southern Alaska",earthquake,,0.3,,,reviewed,ak,ak
2016-11-07T15:39:56.770Z,39.6606667,-123.6231667,5.06,2.23,md,22,79,0.04054,0.06,nc,nc72721640,2017-02-11T06:21:46.720Z,"12 km WSW of Laytonville, California",earthquake,0.2,0.64,0.155,26,reviewed,nc,nc
2016-11-07T15:24:07.550Z,-23.9902,-66.6217,208.74,4.6,mwr,,41,1.764,0.75,us,us10007626,2017-02-02T02:21:02.040Z,"39 km NW of San Antonio de los Cobres, Argentina",earthquake,8,7.6,,,reviewed,us,guc
2016-11-07T14:51:19.080Z,-5.5803,150.3814,40.75,4,mb,,186,2.07,1.49,us,us100076yu,2017-02-02T02:21:02.040Z,"27 km E of Kimbe, Papua New Guinea",earthquake,10.8,22.6,0.211,6,reviewed,us,us
2016-11-07T14:22:44.590Z,39.6605,-123.627,2.37,2.27,md,24,80,0.04299,0.07,nc,nc72721615,2017-04-13T00:17:53.250Z,"12 km WSW of Laytonville, California",earthquake,0.22,0.46,0.165,20,reviewed,nc,nc
2016-11-07T13:48:03.230Z,39.6626667,-123.6325,-0.69,2.33,md,28,82,0.04505,0.09,nc,nc72721590,2017-02-11T06:20:46.590Z,"13 km WSW of Laytonville, California",earthquake,0.22,0.79,0.176,28,reviewed,nc,nc
2016-11-07T13:43:17.400Z,36.4723,-98.7498,7.638,3.3,ml,,54,,0.39,us,us1000761s,2020-03-20T01:34:58.483Z,"16 km SE of Waynoka, Oklahoma",earthquake,2.5,7.3,,,reviewed,tul,tul
2016-11-07T13:39:33.050Z,13.892,144.665,158.62,4.5,mb,,114,0.36,0.48,us,us100076yx,2017-02-02T02:21:02.040Z,"45 km NNW of Dededo Village, Guam",earthquake,12.7,5.7,0.15,13,reviewed,us,us
2016-11-07T13:19:47.910Z,39.664,-123.6351667,-0.69,2.64,md,25,142,0.04685,0.1,nc,nc72721580,2017-02-11T06:20:28.550Z,"13 km WSW of Laytonville, California",earthquake,0.22,0.96,0.209,38,reviewed,nc,nc
2016-11-07T12:50:30.630Z,84.8949,101.8039,9.74,4.6,mb,,107,14.094,0.65,us,us1000761n,2017-02-02T02:21:02.040Z,"north of Severnaya Zemlya",earthquake,13.8,5.3,0.082,45,reviewed,us,us
2016-11-07T12:29:53.110Z,9.4196,124.2744,524.77,4.4,mb,,106,7.112,0.8,us,us100076yr,2017-02-02T02:21:02.040Z,"21 km S of Garcia Hernandez, Philippines",earthquake,13.6,10.3,0.098,30,reviewed,us,us
2016-11-07T12:13:14.900Z,-34.6944,-178.8927,20.6,4.3,mb,,218,3.65,0.48,us,us100076yq,2017-02-02T02:21:02.040Z,"south of the Kermadec Islands",earthquake,12.8,10.6,0.177,9,reviewed,us,us
2016-11-07T12:09:57.641Z,58.6032,-155.1026,130.1,2.1,ml,,,,0.36,ak,ak016ec6vj84,2023-08-03T18:52:37.988Z,"91 km E of King Salmon, Alaska",earthquake,,1.2,,,reviewed,ak,ak
2016-11-07T11:56:25.990Z,23.001,121.3592,12.21,4.9,mb,,90,0.315,0.96,us,us1000761j,2017-02-02T02:21:02.040Z,"93 km E of Yujing, Taiwan",earthquake,4.5,4.4,0.074,58,reviewed,us,us
2016-11-07T11:55:43.194Z,57.565,-153.7106,52,2.1,ml,,,,0.24,ak,ak016ec6jxfz,2023-08-03T18:52:34.139Z,"16 km E of Larsen Bay, Alaska",earthquake,,2,,,reviewed,ak,ak
2016-11-07T10:58:39.700Z,51.7239,-179.1609,11.3,3,ml,,,,0.49,us,us1000764e,2023-08-03T18:52:19.499Z,"175 km W of Adak, Alaska",earthquake,11.6,7.3,,,reviewed,ak,ak
2016-11-07T10:53:00.462Z,59.7284,-148.9375,11.3,2,ml,,,,0.5,ak,ak016ec5xz3y,2023-08-03T18:52:17.628Z,"47 km SE of Lowell Point, Alaska",earthquake,,0.4,,,reviewed,ak,ak
2016-11-07T10:36:30.122Z,51.4428,-178.1704,12.1,2.3,ml,,,,0.51,ak,ak016ec5ue84,2023-08-03T18:52:08.048Z,"116 km WSW of Adak, Alaska",earthquake,,1.5,,,reviewed,ak,ak
2016-11-07T09:47:00.631Z,59.0165,-154.4772,128.5,2.5,ml,,,,0.47,ak,ak016ec5b97z,2023-08-03T18:52:00.872Z,"50 km SSE of Kokhanok, Alaska",earthquake,,0.5,,,reviewed,ak,ak
2016-11-07T08:59:33.960Z,-12.1597,167.2808,229.66,4.3,mb,,57,8.569,0.44,us,us100076yn,2017-02-02T02:21:02.040Z,"192 km N of Sola, Vanuatu",earthquake,4.3,7.9,0.101,28,reviewed,us,us
2016-11-07T08:51:15.510Z,-23.9499,-179.6931,493.29,4.6,mb,,100,5.505,0.74,us,us100076yt,2017-02-02T02:21:02.040Z,"south of the Fiji Islands",earthquake,14.7,13.3,0.111,24,reviewed,us,us
2016-11-07T08:46:44.300Z,35.4968,-97.3076,6.544,3,ml,,53,,0.56,us,us10007611,2020-03-20T01:34:15.838Z,"1 km ENE of Nicoma Park, Oklahoma",earthquake,1.7,6,,,reviewed,tul,tul
2016-11-07T08:45:06.930Z,-17.4077,-174.8698,246.9,4.1,mb,,132,4.579,0.84,us,us100076yl,2017-02-02T02:21:02.040Z,"166 km NW of Neiafu, Tonga",earthquake,9.4,14.2,0.117,20,reviewed,us,us
2016-11-07T08:28:51.780Z,52.3858,-169.5873,16.7,4.1,mb,,,,1.1,us,us1000764b,2023-08-03T18:51:41.538Z,"78 km SW of Nikolski, Alaska",earthquake,7.6,7.9,0.235,5,reviewed,ak,us
2016-11-07T08:02:21.630Z,39.6593333,-123.642,-0.79,2.12,md,28,143,0.0533,0.17,nc,nc72721450,2017-03-31T00:28:55.686Z,"14 km WSW of Laytonville, California",earthquake,0.3,1.04,0.126,24,reviewed,nc,nc
2016-11-07T07:59:43.590Z,-29.0865,61.1173,10,4.5,mb,,195,9.263,0.27,us,us100076yk,2017-02-02T02:21:02.040Z,"Southwest Indian Ridge",earthquake,15.9,1.8,0.205,7,reviewed,us,us
2016-11-07T07:51:02.200Z,62.9019,-151.3781,113.7,2.1,ml,,,,0.48,ak,ak016ec458zw,2023-08-03T18:51:35.679Z,"55 km NW of Petersville, Alaska",earthquake,,0.4,,,reviewed,ak,ak
2016-11-07T07:47:53.730Z,-36.6083,-62.3272,14.55,4,mb,,110,1.472,0.55,us,us1000767h,2021-10-07T06:02:09.766Z,"100 km NNW of Coronel Suárez, Argentina",earthquake,7,4.1,0.173,9,reviewed,us,us
2016-11-07T07:42:41.370Z,38.6998333,-123.5556667,1.23,2.91,ml,69,205,0.08198,0.13,nc,nc72721435,2017-02-11T06:18:44.180Z,"8 km W of Sea Ranch, California",earthquake,0.31,1.2,0.203,24,reviewed,nc,nc
2016-11-07T07:33:59.600Z,36.4564,-98.7622,7.944,4.1,mb,,47,,0.86,us,us1000760q,2020-03-20T01:34:39.860Z,"17 km SE of Waynoka, Oklahoma",earthquake,1.8,6.6,0.185,8,reviewed,tul,us
2016-11-07T07:29:47.110Z,4.0852,125.9849,153.41,4.6,mb,,85,2.992,0.62,us,us1000760s,2017-02-02T02:21:02.040Z,"156 km SSE of Sarangani, Philippines",earthquake,7.7,6,0.1,30,reviewed,us,us
2016-11-07T07:12:13.100Z,-24.2458,-171.903,10,4.4,mb,,160,5.462,0.59,us,us100076yj,2017-02-02T02:21:02.040Z,"south of Tonga",earthquake,5.8,2,0.17,10,reviewed,us,us
2016-11-07T07:01:43.100Z,37.1538,-97.8157,5.05,2.7,ml,,90,0.045,0.55,us,us1000760m,2017-02-02T02:21:02.040Z,"6 km SE of Freeport, Kansas",earthquake,1.2,4.2,0.214,16,reviewed,ismp,ismp
2016-11-07T06:53:12.820Z,-28.0597,-71.0381,57.9,4.2,mb,,137,0.147,1.21,us,us1000760i,2017-02-02T02:21:02.040Z,"63 km NNW of Vallenar, Chile",earthquake,5.8,8.2,0.373,2,reviewed,us,us
2016-11-07T06:52:45.310Z,-34.5423,-179.1639,35,4.6,mb,,70,3.644,0.84,us,us1000760j,2017-02-02T02:21:02.040Z,"south of the Kermadec Islands",earthquake,7.9,2,0.095,33,reviewed,us,us
2016-11-07T06:31:53.710Z,39.6623333,-123.6325,-0.69,2.28,md,24,142,0.04505,0.09,nc,nc72721410,2017-02-11T06:17:57.530Z,"13 km WSW of Laytonville, California",earthquake,0.18,0.62,0.208,28,reviewed,nc,nc
2016-11-07T06:29:28.370Z,13.793,144.9226,140.68,4.2,mb,,118,0.209,0.59,us,us100076yh,2017-02-02T02:21:02.040Z,"28 km N of Yigo Village, Guam",earthquake,15.9,8.8,0.147,13,reviewed,us,us
2016-11-07T06:02:47.780Z,39.6663333,-123.6368333,-0.67,2.74,md,30,84,0.04685,0.13,nc,nc72721400,2017-02-11T06:17:42.760Z,"13 km W of Laytonville, California",earthquake,0.2,1.05,0.147,40,reviewed,nc,nc
2016-11-07T04:52:35.670Z,37.3738,-97.735,2.03,3.1,mb_lg,,28,0.104,0.18,us,us100075zs,2020-03-20T01:33:28.025Z,"7 km SSE of Milton, Kansas",earthquake,3.1,7.5,0.061,69,reviewed,us,us
2016-11-07T04:42:40.570Z,34.7371667,-121.2126667,-0.18,2.33,md,36,255,0.5135,0.09,nc,nc72721385,2017-02-11T06:17:29.680Z,"63 km W of Casmalia, California",earthquake,0.7,1,0.303,31,reviewed,nc,nc
2016-11-07T04:16:57.364Z,62.9836,-151.0232,123.8,2.1,ml,,,,0.49,ak,ak016ec25kdk,2023-08-03T18:50:28.233Z,"55 km NNW of Petersville, Alaska",earthquake,,0.4,,,reviewed,ak,ak
2016-11-07T04:09:16.480Z,31.8448333,-116.0371667,14.86,2.61,ml,22,119,0.1766,0.2,ci,ci37519199,2017-02-08T20:44:26.579Z,"52km ENE of Maneadero, B.C., MX",earthquake,0.27,0.57,0.134,80,reviewed,ci,ci
2016-11-07T04:02:13.903Z,57.253,-154.2503,43.2,3.2,ml,,,,0.43,ak,ak016ec22gzy,2023-08-03T18:50:24.378Z,"34 km N of Akhiok, Alaska",earthquake,,0.6,,,reviewed,ak,ak
2016-11-07T03:55:13.850Z,33.3291667,-116.2405,11.36,2.3,ml,91,22,0.1061,0.21,ci,ci37519191,2017-02-08T19:49:25.268Z,"15km ENE of Borrego Springs, CA",earthquake,0.12,0.35,0.146,114,reviewed,ci,ci
2016-11-07T03:50:17.810Z,15.8465,-93.9626,89.36,4.8,mb,,126,0.729,0.98,us,us100075z9,2017-02-02T02:21:02.040Z,"21 km WSW of Cabeza de Toro, Mexico",earthquake,5.3,7,0.049,130,reviewed,us,us
2016-11-07T03:49:02.934Z,62.2023,-149.33,39.5,2.4,ml,,,,0.53,ak,ak016ec1r379,2023-08-03T18:50:20.593Z,"27 km E of Susitna North, Alaska",earthquake,,0.4,,,reviewed,ak,ak
2016-11-07T03:36:50.320Z,34.7771667,-121.1681667,3.27,2.07,md,28,262,0.4667,0.2,nc,nc72721340,2017-02-11T06:16:42.718Z,"58 km WSW of Guadalupe, California",earthquake,2.04,4.68,0.272,26,reviewed,nc,nc
2016-11-07T03:26:32.040Z,1.7062,127.1137,121.62,4.4,mb,,161,0.962,0.74,us,usa0014a9w,2017-02-02T02:21:02.040Z,"99 km W of Tobelo, Indonesia",earthquake,11.8,8.9,0.13,17,reviewed,us,us
2016-11-07T03:00:53.270Z,51.2038,-176.5691,25.4,2.5,ml,,,,0.54,us,us100078gc,2023-08-03T18:50:07.332Z,"74 km S of Adak, Alaska",earthquake,7.9,8.7,,,reviewed,ak,ak
2016-11-07T02:35:16.850Z,-15.8454,-73.0242,100.42,4.2,mb,,135,3.589,0.77,us,us100075yr,2017-02-02T02:21:02.040Z,"15 km NE of Iquipi, Peru",earthquake,10.1,13.1,0.187,8,reviewed,us,us
2016-11-07T02:29:49.930Z,38.6201667,-121.901,13.32,2.89,md,97,55,0.1459,0.2,nc,nc72721320,2017-02-11T06:16:19.120Z,"5 km SSW of Monument Hills, California",earthquake,0.22,0.24,0.241,90,reviewed,nc,nc
2016-11-07T02:23:22.500Z,36.0047,-96.776,5.203,2.6,ml,,65,,0.27,us,us100075yh,2020-03-20T01:33:50.907Z,"2 km NNW of Cushing, Oklahoma",earthquake,1.1,2.4,,,reviewed,tul,tul
2016-11-07T01:52:32.900Z,36.0062,-96.7679,5.36,3,ml,,69,0.044,0.22,us,us1000766j,2020-03-20T01:35:22.238Z,"2 km N of Cushing, Oklahoma",earthquake,1,1.9,,,reviewed,us,tul
2016-11-07T01:52:29.660Z,35.9998,-96.776,6.04,2.5,ml,,59,0.037,0.19,us,us100075zu,2017-02-02T02:21:02.040Z,"1 km NNW of Cushing, Oklahoma",earthquake,0.9,0.5,0.056,42,reviewed,us,us
2016-11-07T01:44:24.500Z,35.9907,-96.803,4.43,5,mww,,52,,0.25,us,us100075y8,2022-05-03T19:46:41.269Z,"3 km W of Cushing, Oklahoma",earthquake,0.5,1.8,,,reviewed,tul,us
2016-11-07T01:35:05.290Z,33.9651667,-117.8821667,5.87,2,ml,79,38,0.03978,0.23,ci,ci37519127,2017-02-08T21:04:17.315Z,"2km ESE of Rowland Heights, CA",earthquake,0.16,0.52,0.18,88,reviewed,ci,ci
2016-11-07T00:46:20.000Z,18.9143,-64.9767,25,2.4,Md,4,288,0.55875211,0.1,pr,pr16312001,2016-11-07T03:52:04.956Z,"63 km N of Charlotte Amalie, U.S. Virgin Islands",earthquake,1.5,11.5,0,2,reviewed,pr,pr
2016-11-07T00:32:39.500Z,18.7728,-64.4781,35,2.2,Md,4,320.4,0.37729242,0.18,pr,pr16312000,2016-11-07T03:44:39.051Z,"59 km NE of Cruz Bay, U.S. Virgin Islands",earthquake,6.7,9,0,2,reviewed,pr,pr
2016-11-06T23:57:56.342Z,59.8685,-152.9061,105.1,3.1,ml,,,,0.55,ak,ak016eaq68nm,2023-08-03T18:48:42.818Z,"61 km W of Anchor Point, Alaska",earthquake,,0.2,,,reviewed,ak,ak
2016-11-06T23:53:37.800Z,19.0737,-65.5177,24,2.5,Md,4,291.6,0.79411071,0.14,pr,pr16311005,2017-02-02T02:21:02.040Z,"79 km NNE of Vieques, Puerto Rico",earthquake,1.3,13.8,0,3,reviewed,pr,pr
2016-11-06T23:31:58.890Z,19.3898333,-155.2471667,1.65,3.45,ml,40,98,,0.08,hv,hv61471056,2020-08-26T21:12:52.410Z,"6 km SSW of Volcano, Hawaii",earthquake,0.18,0.15,0.16,15,reviewed,hv,hv
2016-11-06T22:59:08.121Z,63.2106,-148.8501,79.9,2.8,ml,,,,0.62,ak,ak016eapl4rg,2023-08-03T18:48:41.100Z,"20 km SSE of Cantwell, Alaska",earthquake,,0.2,,,reviewed,ak,ak
2016-11-06T22:45:35.533Z,63.3115,-151.056,14.3,3.3,ml,,,,0.7,ak,ak016eapi6up,2023-08-03T18:48:39.454Z,"42 km SE of Denali National Park, Alaska",earthquake,,0.2,,,reviewed,ak,ak
2016-11-06T21:36:47.920Z,40.1818,142.2069,54.01,4.5,mb,,136,1.061,0.77,us,us100076xr,2017-02-02T02:21:02.040Z,"63 km NNE of Miyako, Japan",earthquake,6.1,8.1,0.163,11,reviewed,us,us
2016-11-06T21:31:00.930Z,6.7389,-73.0345,148.47,4.4,mwr,,91,2.547,0.87,us,us100075wy,2017-02-02T02:21:02.040Z,"5 km NNW of Aratoca, Colombia",earthquake,9.4,11.5,,,reviewed,us,rsnc
2016-11-06T21:27:36.000Z,19.1327,-67.1003,42,2.8,Md,4,331.2,0.66116005,0.31,pr,pr16311004,2017-02-02T02:21:02.040Z,"70 km N of Isabela, Puerto Rico",earthquake,3.3,13.9,0,2,reviewed,pr,pr
2016-11-06T20:41:30.293Z,65.4205,-144.7088,1.8,2,ml,,,,0.65,ak,ak016eaoagdh,2023-08-03T18:48:02.562Z,"17 km SSE of Central, Alaska",earthquake,,0.6,,,reviewed,ak,ak
2016-11-06T20:25:50.230Z,26.3169,128.7411,14.59,5.2,mb,,115,0.665,0.9,us,us100075wa,2017-02-02T02:21:02.040Z,"82 km ESE of Nago, Japan",earthquake,6,3.3,0.056,105,reviewed,us,us
2016-11-06T19:49:48.653Z,64.2093,-150.0354,20,2.5,ml,,,,0.74,ak,ak016eanqrwx,2023-08-03T18:47:32.960Z,"41 km W of Clear, Alaska, Alaska",earthquake,,0.1,,,reviewed,ak,ak
2016-11-06T19:43:07.600Z,36.3665,-97.0732,5.898,3,ml,,25,,0.46,us,us100075w3,2020-03-20T01:32:22.034Z,"9 km NW of Morrison, Oklahoma",earthquake,1.3,5.1,,,reviewed,tul,tul
2016-11-06T19:42:49.902Z,61.7371,-148.2318,13.7,2.3,ml,,,,0.43,ak,ak016eanp9zy,2023-08-03T18:47:29.434Z,"13 km ESE of Chickaloon, Alaska",earthquake,,0.4,,,reviewed,ak,ak
2016-11-06T19:40:49.667Z,61.7493,-148.2035,12.1,4.1,mw,,,,0.78,ak,ak016eanoujq,2023-08-03T18:47:27.688Z,"14 km ESE of Chickaloon, Alaska",earthquake,,0.1,,,reviewed,ak,ak
2016-11-06T19:38:14.780Z,53.3905,-166.2016,71.5,3.7,ml,,,,0.67,us,us10007725,2023-08-03T18:47:25.849Z,"58 km SSE of Unalaska, Alaska",earthquake,8.3,9.3,0.128,8,reviewed,ak,us
2016-11-06T18:42:23.627Z,61.4769,-147.246,13.9,2.1,ml,,,,0.78,ak,ak016ean3sd6,2023-08-03T18:47:12.128Z,"42 km SSE of Glacier View, Alaska",earthquake,,0.4,,,reviewed,ak,ak
2016-11-06T18:27:13.800Z,16.8215,-60.8726,29.78,4.8,mb,,94,0.538,1.12,us,us100075vn,2017-02-03T20:19:59.622Z,"61 km NNE of Beauséjour, Guadeloupe",earthquake,6.5,5.1,0.056,97,reviewed,us,us
2016-11-06T17:41:59.150Z,51.5296,-175.212,25.6,3.4,ml,,,,1.15,us,us100075xu,2023-08-03T18:47:03.164Z,"101 km SW of Atka, Alaska",earthquake,12.3,10.1,,,reviewed,ak,ak
2016-11-06T17:05:26.820Z,40.4496,-104.6081,6.97,2,ml,,58,0.007,0.24,us,us100076d8,2017-02-02T02:21:01.040Z,"8 km NNW of Kersey, CO",earthquake,1.3,1,0.148,6,reviewed,us,us
2016-11-06T16:58:01.440Z,40.4559,-104.6224,7.45,2.2,ml,,189,0.01,0.17,us,us10007676,2017-02-02T02:21:01.040Z,"8 km ENE of Greeley, Colorado",earthquake,3.2,1,0.181,4,reviewed,us,us
2016-11-06T16:57:19.320Z,40.4557,-104.6214,6.81,3,ml,,124,0.01,0.3,us,us10007667,2017-02-02T02:21:01.040Z,"8 km ENE of Greeley, Colorado",earthquake,4.8,3.9,0.071,30,reviewed,us,us
2016-11-06T16:57:14.840Z,40.4576,-104.6208,6.96,2.7,ml,,76,0.012,0.21,us,us100075vm,2017-05-27T20:25:40.236Z,"8 km ENE of Greeley, Colorado",earthquake,1.9,1.1,,,reviewed,us,us
2016-11-06T16:55:15.850Z,32.2773,140.8024,51.52,4.5,mb,,197,1.18,0.4,us,us100076xl,2017-02-02T02:21:01.040Z,"Izu Islands, Japan region",earthquake,11.5,5.5,0.087,38,reviewed,us,us
2016-11-06T16:53:04.040Z,-19.1331,-178.4621,595.31,4.2,mb,,120,3.584,0.86,us,us100076xk,2017-02-02T02:21:01.040Z,"262 km ESE of Levuka, Fiji",earthquake,21.5,18.7,0.216,6,reviewed,us,us
2016-11-06T16:48:34.470Z,-27.9604,-66.6952,148.98,4.7,mwr,,28,2.437,0.79,us,us100075vh,2017-02-02T02:21:01.040Z,"51 km ESE of Londres, Argentina",earthquake,7.7,6.7,,,reviewed,us,guc
2016-11-06T16:39:52.650Z,32.3575,-115.4361667,-0.04,2.16,ml,22,132,0.127,0.25,ci,ci37518959,2017-02-08T20:34:59.737Z,"23km W of Delta, B.C., MX",earthquake,0.47,1.15,0.152,36,reviewed,ci,ci
2016-11-06T16:34:52.759Z,59.9238,-150.3779,10.9,2.4,ml,,,,0.64,ak,ak016ealv9ob,2023-08-03T18:46:52.830Z,"33 km ENE of Fox River, Alaska",earthquake,,0.2,,,reviewed,ak,ak
2016-11-06T16:17:03.670Z,-35.2073,-178.3942,10,4.2,mb,,270,3.55,1.17,us,us100076xj,2017-02-02T02:21:01.040Z,"east of the North Island of New Zealand",earthquake,18.7,2,0.176,9,reviewed,us,us
2016-11-06T16:16:24.960Z,32.7598333,-117.4103333,16.16,2.05,ml,27,231,0.1589,0.15,ci,ci37518951,2017-02-08T21:13:06.522Z,"16km SW of La Jolla, CA",earthquake,0.49,0.68,0.144,49,reviewed,ci,ci
2016-11-06T16:03:15.320Z,10.9292,126.7593,10,4.5,mb,,121,21.222,0.92,us,us100076xi,2017-02-02T02:21:01.040Z,"101 km E of Sulangan, Philippines",earthquake,16.4,1.9,0.131,21,reviewed,us,us
2016-11-06T15:52:42.130Z,-34.8457,-178.9079,10,4.3,mb,,290,3.524,0.5,us,us100076xy,2017-02-02T02:21:01.040Z,"south of the Kermadec Islands",earthquake,9.8,2,0.217,6,reviewed,us,us
2016-11-06T15:38:55.300Z,-23.4429,179.3257,553.57,4.4,mb,,91,5.793,0.72,us,us100076xq,2017-02-02T02:21:01.040Z,"south of the Fiji Islands",earthquake,13.8,12.5,0.089,36,reviewed,us,us
2016-11-06T15:29:30.010Z,53.4971,-163.2065,25.6,3.2,ml,,,,0.28,us,us100075xs,2023-08-03T18:46:42.205Z,"151 km S of False Pass, Alaska",earthquake,7.7,9,0.115,10,reviewed,ak,us
2016-11-06T15:18:47.910Z,38.8637,140.4624,108.81,4.5,mb,,113,1.025,0.92,us,us100075v5,2017-02-02T02:21:01.040Z,"18 km NE of Shinj?, Japan",earthquake,7,6.6,0.071,58,reviewed,us,us
2016-11-06T14:46:09.220Z,25.572,125.1741,44.81,4.4,mb,,103,2.249,0.73,us,us100076xn,2017-02-02T02:21:01.040Z,"86 km N of Hirara, Japan",earthquake,9.9,10.7,0.138,15,reviewed,us,us
2016-11-06T14:27:13.490Z,38.3425,-122.3758333,7.88,2.3,md,74,72,0.04595,0.13,nc,nc72721160,2017-02-11T06:13:34.420Z,"6 km SSW of Yountville, California",earthquake,0.13,0.24,0.163,52,reviewed,nc,nc
2016-11-06T14:16:34.520Z,-37.3012,178.8168,27.41,4.1,mb,,234,0.482,0.65,us,us100076xh,2017-02-02T02:21:01.040Z,"156 km ENE of Opotiki, New Zealand",earthquake,23.6,19.1,0.185,8,reviewed,us,us
2016-11-06T14:07:40.390Z,19.3926667,-155.2761667,1.3,2.52,ml,43,42,,0.1,hv,hv61470641,2020-07-06T20:59:42.690Z,"7 km SW of Volcano, Hawaii",earthquake,0.17,0.12,0.255,22,reviewed,hv,hv
2016-11-06T14:03:39.280Z,0.5775,98.4864,49.65,4.8,mb,,168,1.161,0.66,us,us100075uz,2017-02-02T02:21:01.040Z,"124 km SW of Padangsidempuan, Indonesia",earthquake,5.5,7.3,0.08,48,reviewed,us,us
2016-11-06T13:47:31.310Z,-1.7814,139.025,18.47,4.2,mb,,126,6.864,0.46,us,us100076xg,2017-02-02T02:21:01.040Z,"200 km WNW of Abepura, Indonesia",earthquake,12.2,4.2,0.146,13,reviewed,us,us
2016-11-06T13:41:02.730Z,1.2585,126.4088,39.85,4.5,mb,,68,1.072,1.1,us,us100076xf,2017-02-02T02:21:01.040Z,"120 km WNW of Ternate, Indonesia",earthquake,7.4,8.2,0.097,31,reviewed,us,us
2016-11-06T13:00:46.390Z,39.6598333,-123.6373333,-0.65,4.06,mw,32,82,0.04955,0.14,nc,nc72721105,2017-03-18T00:05:47.075Z,"13 km WSW of Laytonville, California",earthquake,0.21,1.2,,8,reviewed,nc,nc
2016-11-06T11:54:07.900Z,36.3068,-96.6657,3.421,2.5,ml,,65,,0.45,us,us100075un,2017-02-02T02:21:01.040Z,"7 km N of Maramec, Oklahoma",earthquake,1.3,6.6,,,reviewed,tul,tul
2016-11-06T11:47:28.530Z,-19.8378,-177.6944,571.41,4.4,mb,,149,4.534,0.5,us,us100076xc,2017-02-02T02:21:01.040Z,"296 km WNW of Haveluloto, Tonga",earthquake,20.1,17.8,0.114,22,reviewed,us,us
2016-11-06T11:22:16.390Z,33.3708333,-116.38,8.21,2,ml,67,28,0.107,0.2,ci,ci37518807,2017-02-08T19:30:08.285Z,"13km N of Borrego Springs, CA",earthquake,0.2,0.75,0.183,26,reviewed,ci,ci
2016-11-06T11:02:47.460Z,18.6245,145.1369,207.96,4.2,mb,,107,3.422,0.53,us,us100076xb,2017-02-02T02:21:01.040Z,"Pagan region, Northern Mariana Islands",earthquake,15.2,10.6,0.125,18,reviewed,us,us
2016-11-06T10:48:21.663Z,60.953,-150.9155,28.1,2,ml,,,,0.58,ak,ak016eaidlo6,2023-08-03T18:45:32.743Z,"12 km WNW of Point Possession, Alaska",earthquake,,0.5,,,reviewed,ak,ak
2016-11-06T10:35:07.210Z,48.2422,145.5028,487.51,4.6,mb,,119,2.256,0.6,us,us100075uk,2017-02-02T02:21:01.040Z,"205 km ESE of Vakhrushev, Russia",earthquake,6.5,7.7,0.058,87,reviewed,us,us
2016-11-06T09:54:31.000Z,-19.106,127.987,10,4.8,mb,,,,1.14,us,us100075ug,2017-02-02T02:21:01.040Z,"103 km SSE of Halls Creek, Australia",earthquake,7.2,4.7,0.113,24,reviewed,aust,us
2016-11-06T09:51:23.864Z,62.2312,-149.8264,51.8,2.1,ml,,,,0.6,ak,ak016eahstdu,2023-08-03T18:44:57.717Z,"7 km N of Susitna North, Alaska",earthquake,,0.4,,,reviewed,ak,ak
2016-11-06T09:31:18.829Z,59.6145,-153.3391,120.1,3.3,ml,,,,0.57,ak,ak016eahoioa,2023-08-03T18:44:53.870Z,"47 km ESE of Pedro Bay, Alaska",earthquake,,0.3,,,reviewed,ak,ak
2016-11-06T09:29:10.579Z,64.1639,-150.0626,23.2,4,mw,,,,0.93,ak,ak016eaho2lt,2023-08-03T18:44:51.975Z,"43 km WSW of Clear, Alaska, Alaska",earthquake,,0.2,,,reviewed,ak,ak
2016-11-06T09:02:58.626Z,59.6928,-153.2553,107.1,2.2,ml,,,,0.39,ak,ak016eahidza,2023-08-03T18:44:46.073Z,"48 km ESE of Pedro Bay, Alaska",earthquake,,0.3,,,reviewed,ak,ak
2016-11-06T08:35:16.900Z,17.905,-65.6258,2,2.9,Md,16,176.4,0.31800361,0.4,pr,pr16311002,2017-02-02T02:21:01.040Z,"26 km SW of Esperanza, Puerto Rico",earthquake,0.9,0.8,0,8,reviewed,pr,pr
2016-11-06T08:28:23.800Z,17.9365,-65.6143,4,3.5,Md,19,169.2,0.30273225,0.62,pr,pr16311003,2017-02-02T02:21:01.040Z,"23 km SW of Esperanza, Puerto Rico",earthquake,1.3,1.8,0,13,reviewed,pr,pr
2016-11-06T07:17:38.880Z,60.7817,-149.4214,35,2.2,ml,,,,0.37,ak,ak016eageozk,2023-08-03T18:44:33.178Z,"11 km S of Sunrise, Alaska",earthquake,,0.5,,,reviewed,ak,ak
2016-11-06T06:56:48.900Z,19.2478,-64.2194,71,2.8,Md,5,327.6,0.90729844,0.2,pr,pr16311001,2017-02-02T02:21:01.040Z,"118 km NNE of Cruz Bay, U.S. Virgin Islands",earthquake,9.3,12.4,0,3,reviewed,pr,pr
2016-11-06T06:02:10.940Z,53.9764,-164.0664,44,3,ml,,,,0.56,us,us10007720,2023-08-03T18:44:11.596Z,"106 km SSW of False Pass, Alaska",earthquake,6.1,10.1,0.128,8,reviewed,ak,us
2016-11-06T05:46:04.750Z,60.9306,-151.3904,67.1,2,ml,,,,0.39,ak,ak016eafdywr,2023-08-03T18:44:02.744Z,"20 km SW of Tyonek, Alaska",earthquake,,0.3,,,reviewed,ak,ak
2016-11-06T05:24:07.710Z,-6.3711,129.8635,133.34,4.7,mb,,51,2.142,0.91,us,us100074k7,2017-02-02T02:21:01.040Z,"Banda Sea",earthquake,7.3,7.3,0.082,45,reviewed,us,us
2016-11-06T04:48:35.770Z,36.9233,-104.889,1.49,3.2,ml,,63,0.439,0.89,us,us100074er,2017-02-02T02:21:01.040Z,"23 km S of Weston, Colorado",earthquake,5.4,2.9,0.057,54,reviewed,us,us
2016-11-06T04:46:59.020Z,19.405,-155.2638333,0.13,2.24,ml,23,56,,0.08,hv,hv61470176,2020-07-06T20:59:57.760Z,"5 km SW of Volcano, Hawaii",earthquake,0.15,0.16,0.097,10,reviewed,hv,hv
2016-11-06T04:20:16.980Z,-17.4521,-178.9001,538.35,4.3,mb,,128,2.92,0.68,us,us100076x9,2017-02-02T02:21:01.040Z,"200 km ENE of Levuka, Fiji",earthquake,19.3,8.4,0.133,16,reviewed,us,us
2016-11-06T04:17:49.400Z,-3.7472,139.2436,65.92,4.2,mb,,149,7.031,0.96,us,us100074em,2017-02-02T02:21:01.040Z,"200 km SW of Abepura, Indonesia",earthquake,8.1,21,0.186,9,reviewed,us,us
2016-11-06T04:16:49.510Z,39.6538333,-123.6383333,-0.72,2.53,md,28,144,0.05405,0.1,nc,nc72721000,2017-02-11T06:11:40.980Z,"13 km WSW of Laytonville, California",earthquake,0.24,1.67,0.208,29,reviewed,nc,nc
2016-11-06T04:07:22.216Z,60.1002,-153.4579,161.1,2.6,ml,,,,0.55,ak,ak016eaek7q5,2023-08-03T18:43:48.340Z,"49 km ESE of Port Alsworth, Alaska",earthquake,,0.4,,,reviewed,ak,ak
2016-11-06T03:48:18.100Z,19.0244,-64.7766,6,2.8,Md,6,291.6,0.62343081,0.18,pr,pr16311000,2017-02-02T02:21:01.040Z,"76 km N of Cruz Bay, U.S. Virgin Islands",earthquake,3.1,3.1,0,5,reviewed,pr,pr
2016-11-06T03:32:45.350Z,12.7503,142.7644,146.36,4.4,mb,,113,2.212,0.19,us,us100076x0,2017-02-02T02:21:01.040Z,"214 km WSW of Merizo Village, Guam",earthquake,9.6,10,0.162,12,reviewed,us,us
2016-11-06T03:20:43.700Z,36.2505,-97.2196,7.873,3.4,mwr,,25,,0.43,us,us100074ec,2020-03-20T01:32:02.227Z,"7 km SE of Perry, Oklahoma",earthquake,1.3,5.9,,10,reviewed,tul,slm
2016-11-06T02:43:41.470Z,19.4038333,-155.2641667,0.11,2.28,ml,23,79,,0.07,hv,hv61470046,2020-07-06T21:00:24.260Z,"5 km SW of Volcano, Hawaii",earthquake,0.12,0.13,0.107,15,reviewed,hv,hv
2016-11-06T02:37:36.240Z,56.2171,156.9449,17.23,4.7,mb,,102,3.146,1.14,us,us100074e7,2017-02-02T02:21:00.040Z,"114 km WNW of Esso, Russia",earthquake,11.7,4.9,0.089,38,reviewed,us,us
2016-11-06T02:19:44.020Z,38.7876667,-122.7713333,1.1,2,md,61,48,0.01441,0.08,nc,nc72720960,2017-02-11T06:10:52.510Z,"5 km SW of Cobb, California",earthquake,0.15,0.24,0.157,34,reviewed,nc,nc
2016-11-06T01:44:31.210Z,35.9576,69.4163,124.35,4.2,mb,,77,1.446,1.14,us,us100074e0,2017-02-02T02:21:00.040Z,"28 km ESE of Nahr?n, Afghanistan",earthquake,7.6,6.8,0.159,11,reviewed,us,us
2016-11-05T23:47:05.700Z,33.6681667,-117.9566667,13.33,2.09,ml,70,87,0.01984,0.23,ci,ci37518735,2022-11-09T16:15:06.145Z,"4km W of Costa Mesa, CA",earthquake,0.23,0.36,0.138,88,reviewed,ci,ci
2016-11-05T23:45:11.370Z,15.1595,-94.6268,10,4.2,mb,,176,1.462,1.08,us,us10007fh4,2017-02-02T02:21:00.040Z,"118 km S of San Francisco del Mar Viejo, Mexico",earthquake,5.3,2,0.113,22,reviewed,us,us
2016-11-05T23:44:14.230Z,-7.1888,107.5887,10,4.2,mb,,186,0.364,0.54,us,us100076vs,2017-02-02T02:21:00.040Z,"15 km S of Banjaran, Indonesia",earthquake,7,1.9,0.186,8,reviewed,us,us
2016-11-05T23:38:17.810Z,-4.4127,153.6068,105.61,5,mb,,121,1.455,0.57,us,us100074dn,2017-02-02T02:21:00.040Z,"148 km E of Kokopo, Papua New Guinea",earthquake,9.2,6.5,0.067,70,reviewed,us,us
2016-11-05T22:48:30.360Z,19.4045,-155.262,0.854,2,ml,8,131,,0.04,hv,hv61469796,2020-08-26T21:12:51.540Z,"5 km SW of Volcano, Hawaii",earthquake,0.18,0.29,0.185,7,reviewed,hv,hv
2016-11-05T22:48:09.810Z,-9.1886,119.0945,89.7,4,mb,,79,3.153,0.58,us,us100076vt,2017-02-02T02:21:00.040Z,"79 km SSW of Komodo, Indonesia",earthquake,5.8,7.4,0.144,13,reviewed,us,us
2016-11-05T21:29:11.140Z,42.73,13.19,8,4,mb,,,,0.99,us,us100074df,2017-02-02T02:21:00.040Z,"6 km NW of Accumoli, Italy",earthquake,3.8,5.8,0.232,5,reviewed,rom,us
2016-11-05T21:01:05.150Z,35.5428333,-84.7075,20.07,2.23,md,15,66,0.1775,0.07,se,se60164221,2016-11-07T14:07:15.251Z,"8 km ENE of Decatur, Tennessee",earthquake,0.25,0.59,0.133,9,reviewed,se,se
2016-11-05T20:47:50.820Z,-8.3206,159.951,58.01,4.6,mb,,128,1.111,0.7,us,us100076vq,2017-02-02T02:21:00.040Z,"44 km ESE of Buala, Solomon Islands",earthquake,9.4,7.6,0.088,38,reviewed,us,us
2016-11-05T20:43:24.450Z,35.9323,4.0112,10,4.2,mb,,63,3.962,0.84,us,us100074db,2017-02-02T02:21:00.040Z,"16 km WSW of Melouza, Algeria",earthquake,5.9,1.9,0.108,24,reviewed,us,us
2016-11-05T19:28:46.180Z,-20.4232,-177.5024,523.86,4,mb,,139,4.976,0.37,us,us100076vp,2017-02-02T02:21:00.040Z,"251 km WNW of Haveluloto, Tonga",earthquake,14.7,10.7,0.144,13,reviewed,us,us
2016-11-05T19:24:08.970Z,-3.2718,130.6845,33.36,4,mb,,76,1.6,0.75,us,us100076vn,2017-02-02T02:21:00.040Z,"196 km E of Amahai, Indonesia",earthquake,7,7.4,0.183,8,reviewed,us,us
2016-11-05T19:14:36.520Z,53.0615,-164.5646,10,3.5,mb,,211,1.294,1.1,us,us100076te,2023-08-03T18:43:00.341Z,"143 km SSE of Akutan, Alaska",earthquake,5.7,2,0.285,3,reviewed,us,us
2016-11-05T19:07:17.020Z,-3.2011,130.7215,22.36,4.3,mb,,68,1.55,0.69,us,us100076vm,2017-02-02T02:21:00.040Z,"200 km E of Amahai, Indonesia",earthquake,3.6,6,0.113,22,reviewed,us,us
2016-11-05T19:05:27.924Z,65.9234,-147.1785,10.1,2.5,ml,,,,0.76,ak,ak016e8zxybc,2023-08-03T18:42:56.699Z,"49 km SSE of Beaver, Alaska",earthquake,,0.1,,,reviewed,ak,ak
2016-11-05T18:46:19.730Z,-35.0011,-179.3189,10,4.2,mb,,246,3.195,0.74,us,us100076vj,2017-02-02T02:21:00.040Z,"east of the North Island of New Zealand",earthquake,12.1,2,0.176,11,reviewed,us,us
2016-11-05T18:32:57.920Z,1.8774,128.8253,47.64,4,mb,,171,1.825,0.39,us,us100076vk,2017-02-02T02:21:00.040Z,"92 km E of Tobelo, Indonesia",earthquake,10.1,11.4,0.231,5,reviewed,us,us
2016-11-05T18:03:38.152Z,51.4884,-178.5621,12.4,2.1,ml,,,,0.41,ak,ak016e8zc42f,2023-08-03T18:42:39.333Z,"140 km WSW of Adak, Alaska",earthquake,,1,,,reviewed,ak,ak
2016-11-05T17:34:24.720Z,-18.1453,-178.3353,570.07,4.2,mb,,122,3.461,0.97,us,us100076vg,2017-02-02T02:21:00.040Z,"248 km E of Levuka, Fiji",earthquake,10.8,6.8,0.115,21,reviewed,us,us
2016-11-05T17:24:12.710Z,-52.4266,15.9427,10,4.3,mb,,174,20.345,0.23,us,us100076vf,2017-02-02T02:21:00.040Z,"southwest of Africa",earthquake,41.9,2,0.216,6,reviewed,us,us
2016-11-05T17:24:08.100Z,19.6863333,-156.0931667,5.77,2.72,ml,17,241,,0.19,hv,hv61469341,2020-07-06T21:00:24.980Z,"11 km WNW of Kailua-Kona, Hawaii",earthquake,1.49,1.07,0.215,21,reviewed,hv,hv
2016-11-05T17:01:12.830Z,53.6152,-165.0046,60.64,3.3,ml,,189,0.691,1.25,us,us100076tc,2023-08-03T18:42:23.735Z,"76 km SE of Akutan, Alaska",earthquake,7.4,21.1,0.115,10,reviewed,us,us
2016-11-05T16:19:44.100Z,-51.9907,15.1059,10,4.8,mb,,107,20.037,0.84,us,us100076vc,2017-02-02T02:21:00.040Z,"southwest of Africa",earthquake,13.7,1.9,0.148,14,reviewed,us,us
2016-11-05T15:57:10.970Z,61.8177,-149.6163,35.9,2.8,ml,,,,0.59,ak,ak016e8xvbtl,2023-08-03T18:42:16.321Z,"21 km N of Meadow Lakes, Alaska",earthquake,,0.3,,,reviewed,ak,ak
2016-11-05T15:51:31.940Z,-28.3861,-177.6179,148.99,4.6,mb,,134,0.898,1.03,us,us100074bv,2017-02-02T02:21:00.040Z,"Kermadec Islands region",earthquake,12.6,7.9,0.1,30,reviewed,us,us
2016-11-05T15:49:13.160Z,51.1866,-173.928,25.8,2.4,ml,,,,0.38,ak,ak016e8xtm9g,2023-08-03T18:42:14.329Z,"113 km S of Atka, Alaska",earthquake,,1.9,,,reviewed,ak,ak
2016-11-05T15:40:30.700Z,36.3271,-96.7747,3.726,2.6,ml,,32,,0.33,us,us100074bs,2017-02-02T02:21:00.040Z,"2 km ESE of Pawnee, Oklahoma",earthquake,1.3,3.5,,,reviewed,tul,tul
2016-11-05T15:17:38.710Z,37.7908333,-120.0035,29.18,2.13,md,5,154,0.01622,0.07,nc,nc72720770,2017-02-11T06:07:56.951Z,"5 km ESE of Buck Meadows, California",earthquake,1,31.61,0.176,6,reviewed,nc,nc
2016-11-05T14:31:38.820Z,6.3842,126.8956,91.9,4.6,mb,,105,1.474,0.88,us,us100074bk,2017-02-02T02:21:00.040Z,"79 km E of Pondaguitan, Philippines",earthquake,9.6,7.7,0.081,45,reviewed,us,us
2016-11-05T13:46:37.946Z,50.6997,-173.3623,24.7,2.5,ml,,,,0.4,ak,ak016e8wm5te,2023-08-03T18:42:06.905Z,"176 km SSE of Atka, Alaska",earthquake,,2.8,,,reviewed,ak,ak
2016-11-05T13:42:11.640Z,39.035,-123.1158333,6.06,2.13,md,38,57,0.05405,0.06,nc,nc72720745,2017-02-11T06:07:28.790Z,"6 km N of Hopland, California",earthquake,0.17,0.36,0.139,28,reviewed,nc,nc
2016-11-05T13:35:18.920Z,17.6147,-94.4297,174.31,4.4,mb,,71,0.677,1.11,us,us100074b5,2017-02-02T02:21:00.040Z,"21 km NNE of Niños Héroes, Mexico",earthquake,7.4,8.1,0.19,8,reviewed,us,us
2016-11-05T13:18:15.430Z,-55.0308,-129.5403,10,5.4,mwb,,49,31.448,0.94,us,us100074b4,2017-02-02T02:21:00.040Z,"Pacific-Antarctic Ridge",earthquake,8.3,1.8,0.069,20,reviewed,us,us
2016-11-05T11:52:49.700Z,36.1799,-96.8537,5.05,2.9,ml,,32,,0.32,us,us100074b0,2017-02-02T02:21:00.040Z,"8 km SE of Glencoe, Oklahoma",earthquake,1.2,5.5,,,reviewed,tul,tul
2016-11-05T11:28:07.950Z,51.9264,-173.2478,40.3,2.5,ml,,,,0.42,us,us100076t9,2023-08-18T17:47:50.624Z,"71 km ESE of Atka, Alaska",earthquake,9.5,10.1,,,reviewed,ak,ak
2016-11-05T11:10:36.300Z,-24.6427,-179.471,569.89,4.4,mb,,215,7.241,0.57,us,us100076vx,2017-02-02T02:21:00.040Z,"south of the Fiji Islands",earthquake,36.9,54.7,0.134,16,reviewed,us,us
2016-11-05T11:03:54.274Z,51.513,-178.9185,74.2,2.1,ml,,,,0.46,ak,ak016e8v642r,2023-08-03T18:41:36.619Z,"162 km WSW of Adak, Alaska",earthquake,,0.8,,,reviewed,ak,ak
2016-11-05T10:58:57.648Z,53.6504,-163.259,16.2,2.3,ml,,,,0.48,ak,ak016e8uwh44,2023-08-03T18:41:34.691Z,"134 km S of False Pass, Alaska",earthquake,,3,,,reviewed,ak,ak
2016-11-05T10:56:35.130Z,61.9505,-140.8262,10.6,2.5,ml,,,,0.46,us,us100074f6,2023-08-03T18:41:32.733Z,"82 km S of Alcan Border, Alaska",earthquake,4,6.7,,,reviewed,pgc,pgc
2016-11-05T10:56:01.370Z,11.937,-86.5954,90.26,4.2,mb,,148,0.399,0.65,us,us100076v7,2017-02-02T02:21:00.040Z,"10 km WSW of Villa El Carmen, Nicaragua",earthquake,6.9,6.3,0.079,44,reviewed,us,us
2016-11-05T10:55:12.557Z,61.3723,-147.1519,15,2.1,ml,,,,0.53,ak,ak016e8uvqhj,2023-08-03T18:41:30.815Z,"50 km WNW of Valdez, Alaska",earthquake,,0.2,,,reviewed,ak,ak
2016-11-05T10:21:06.252Z,61.8505,-150.2679,43.8,2,ml,,,,0.49,ak,ak016e8uofnl,2023-08-03T18:41:22.087Z,"16 km NW of Willow, Alaska",earthquake,,0.2,,,reviewed,ak,ak
2016-11-05T09:39:44.100Z,36.3038,-96.671,3.919,3.3,mwr,,59,,0.39,us,us100074a9,2017-02-02T02:21:00.040Z,"6 km N of Maramec, Oklahoma",earthquake,1.2,5.9,,8,reviewed,tul,slm
2016-11-05T09:37:40.709Z,58.9916,-136.7022,17.9,2.1,ml,,,,0.65,ak,ak016e8u6i5y,2023-08-03T18:41:18.524Z,"61 km SW of Covenant Life, Alaska",earthquake,,0.2,,,reviewed,ak,ak
2016-11-05T09:20:19.880Z,37.4336,-97.7234,5,2.9,mb_lg,,156,0.154,0.44,us,us100074a8,2017-02-02T02:21:00.040Z,"4 km E of Milton, Kansas",earthquake,1.5,2,0.092,31,reviewed,us,us
2016-11-05T09:01:21.750Z,-26.9113,-63.3984,572.07,4,mb,,80,5.119,0.47,us,us100074a7,2017-02-02T02:21:00.040Z,"21 km NW of El Hoyo, Argentina",earthquake,15.3,13.1,0.258,4,reviewed,us,us
2016-11-05T08:54:45.767Z,55.3598,-158.3744,9.8,2.6,ml,,,,0.69,ak,ak016e8toq4g,2023-08-03T18:41:16.842Z,"78 km SE of Perryville, Alaska",earthquake,,0.9,,,reviewed,ak,ak
2016-11-05T08:21:13.880Z,-39.6607,-73.7957,24.43,4.3,mb,,146,0.359,0.73,us,us100074a5,2017-02-02T02:21:00.040Z,"40 km NW of Corral, Chile",earthquake,5.8,8.4,0.376,2,reviewed,us,us
2016-11-05T08:13:27.490Z,46.6153,155.7038,28.95,4.3,mb,,173,6.626,0.5,us,us100076v5,2017-02-02T02:21:00.040Z,"east of the Kuril Islands",earthquake,12.6,8.5,0.138,15,reviewed,us,us
2016-11-05T08:10:38.050Z,67.1483,-138.889,8.7,2.5,ml,,,,0.5,ak,ak016e8tfa0t,2023-08-03T18:40:58.290Z,"175 km WSW of Fort McPherson, Canada",earthquake,,0.8,,,reviewed,ak,ak
2016-11-05T08:01:32.050Z,13.853,-92.7508,10,4.4,mb,,157,1.149,0.99,us,us100074a3,2017-02-02T02:20:59.040Z,"94 km SW of Ocós, Guatemala",earthquake,6.4,2,0.134,16,reviewed,us,us
2016-11-05T07:57:30.430Z,31.7707,131.8507,10,4.6,mb,,122,1.22,1.29,us,us100074a1,2017-02-02T02:20:59.040Z,"44 km ESE of Miyazaki, Japan",earthquake,2.9,1.9,0.107,26,reviewed,us,us
2016-11-05T07:50:27.100Z,-30.7382,-178.5808,10,4.5,mb,,158,1.592,1.03,us,us100076w1,2017-02-02T02:20:59.040Z,"Kermadec Islands, New Zealand",earthquake,6.2,1.9,0.14,15,reviewed,us,us
2016-11-05T05:46:07.130Z,30.7333,-41.0744,10,5,mb,,67,22.29,1.18,us,us1000749r,2017-02-02T02:20:59.040Z,"northern Mid-Atlantic Ridge",earthquake,11.3,1.9,0.055,106,reviewed,us,us
2016-11-05T05:45:43.106Z,54.6392,-161.6582,59.8,2,ml,,,,0.21,ak,ak016e8ruhnq,2023-08-03T18:40:22.354Z,"63 km SE of King Cove, Alaska",earthquake,,4.6,,,reviewed,ak,ak
2016-11-05T05:42:23.705Z,63.4988,-151.2188,7.9,2.2,ml,,,,0.53,ak,ak016e8rtt0i,2023-08-03T18:40:13.499Z,"25 km E of Denali National Park, Alaska",earthquake,,0.2,,,reviewed,ak,ak
2016-11-05T05:40:58.120Z,9.9076,126.5751,55.11,4.7,mb,,104,2.986,0.63,us,us1000749q,2017-02-02T02:20:59.040Z,"52 km E of Pilar, Philippines",earthquake,9.5,7,0.079,49,reviewed,us,us
2016-11-05T05:35:07.230Z,30.7769,-41.0567,10,4.7,mb,,108,24.332,0.71,us,us100076v4,2017-02-02T02:20:59.040Z,"northern Mid-Atlantic Ridge",earthquake,13.5,1.9,0.101,30,reviewed,us,us
2016-11-05T05:24:19.120Z,40.5996667,-121.7075,2.59,2.14,md,15,72,0.1207,0.06,nc,nc72720655,2017-02-11T06:05:49.413Z,"19 km NE of Shingletown, California",earthquake,0.28,2.14,0.154,23,reviewed,nc,nc
2016-11-05T04:48:52.264Z,64.9293,-171.492,11.3,2.7,ml,,,,0.36,ak,ak016e8r9pwq,2023-08-03T18:40:00.489Z,"64 km S of Lorino, Russia",earthquake,,31.6,,,reviewed,ak,ak
2016-11-05T03:54:09.690Z,14.0317,145.3403,84.82,4.9,mb,,34,0.635,0.88,us,us1000748s,2017-02-02T02:20:59.040Z,"73 km NE of Yigo Village, Guam",earthquake,5.6,5.5,0.039,206,reviewed,us,us
2016-11-05T03:14:49.841Z,58.127,-154.0988,75,2.2,ml,,,,0.37,ak,ak016e8qgzrs,2023-08-03T18:39:49.865Z,"65 km NNE of Karluk, Alaska",earthquake,,0.3,,,reviewed,ak,ak
2016-11-05T02:48:37.350Z,19.406,-155.2945,0.041,2.8,ml,42,53,,0.11,hv,hv61468526,2020-07-06T21:00:26.070Z,"7 km WSW of Volcano, Hawaii",earthquake,0.14,0.14,0.232,23,reviewed,hv,hv
2016-11-05T01:59:59.200Z,17.8586,-65.6451,8,2.7,Md,6,223.2,0.34135981,0.23,pr,pr16310001,2017-02-02T02:20:59.040Z,"29 km SE of El Negro, Puerto Rico",earthquake,1,2,0,4,reviewed,pr,pr
2016-11-05T01:38:02.300Z,18.493,-67.5241,13,3.1,Md,14,291.6,0.11498436,0.1,pr,pr16310000,2017-02-02T02:20:59.040Z,"Mona Passage",earthquake,0.9,0.3,0,9,reviewed,pr,pr
2016-11-05T01:28:15.269Z,51.5225,-178.1925,12.3,2.4,ml,,,,0.55,ak,ak016e8pd1x2,2023-08-03T18:39:27.477Z,"114 km WSW of Adak, Alaska",earthquake,,0.7,,,reviewed,ak,ak
2016-11-05T01:10:31.640Z,-0.3962,124.3204,91.35,4.1,mb,,94,1.676,0.55,us,us100076v0,2017-02-02T02:20:59.040Z,"173 km SE of Gorontalo, Indonesia",earthquake,11.5,13.4,0.235,5,reviewed,us,us
2016-11-05T01:10:18.620Z,36.6,-121.2101667,8.46,2.54,md,63,47,0.02973,0.07,nc,nc72720605,2017-02-11T06:04:56.550Z,"22 km NNE of Soledad, California",earthquake,0.11,0.26,0.182,97,reviewed,nc,nc
2016-11-05T01:02:10.230Z,-6.5618,130.3184,109.61,4.1,mb,,93,1.714,0.82,us,us100076vw,2017-02-02T02:20:59.040Z,"288 km WSW of Tual, Indonesia",earthquake,4.8,12.7,0.234,5,reviewed,us,us
2016-11-05T01:01:06.120Z,59.895,-152.2021,69.2,2.1,ml,,,,0.49,ak,ak016e8p78vo,2023-08-03T18:39:15.088Z,"24 km WNW of Anchor Point, Alaska",earthquake,,0.2,,,reviewed,ak,ak
2016-11-05T00:57:25.530Z,-49.1789,109.9754,10,4.8,mb,,93,17.121,1.1,us,us100076vv,2017-02-02T02:20:59.040Z,"southeast Indian Ridge",earthquake,10.3,1.9,0.119,22,reviewed,us,us
2016-11-05T00:53:33.040Z,12.1128,143.7639,35,4.6,mb,,61,1.82,0.77,us,us1000748f,2017-02-02T02:20:59.040Z,"161 km SW of Merizo Village, Guam",earthquake,3.9,2,0.051,114,reviewed,us,us
2016-11-05T00:22:33.230Z,-23.0034,-174.393,35,4.7,mb,,119,5.715,0.81,us,us100076uz,2017-02-02T02:20:59.040Z,"Tonga region",earthquake,5,2,0.137,16,reviewed,us,us
2016-11-05T00:20:08.130Z,0.8119,132.2767,10,4.2,mb,,132,3.706,0.29,us,us100076vy,2017-02-02T02:20:59.040Z,"218 km NNE of Sorong, Indonesia",earthquake,15.8,2,0.175,9,reviewed,us,us
2016-11-05T00:17:30.150Z,53.4543,-163.1408,24.65,2.9,ml,,209,1.414,0.21,us,us100076sy,2023-08-03T18:38:55.812Z,"156 km S of False Pass, Alaska",earthquake,4.5,5.4,0.148,6,reviewed,us,us
2016-11-05T00:08:31.830Z,10.063,126.0416,36.24,4.6,mb,,107,14.144,0.78,us,us100076uy,2017-02-02T02:20:59.040Z,"4 km N of Santa Monica, Philippines",earthquake,13.1,7.3,0.08,47,reviewed,us,us
2016-11-05T00:04:14.428Z,53.7886,-164.8715,68.5,2,ml,,,,0.44,ak,ak016e8omh2a,2023-08-03T18:38:48.592Z,"70 km ESE of Akutan, Alaska",earthquake,,3.8,,,reviewed,ak,ak
2016-11-04T23:53:24.390Z,-28.1421,-178.1879,209.2,4.6,mb,,68,1.122,1.06,us,us100076pj,2017-02-02T02:20:59.040Z,"Kermadec Islands region",earthquake,10.7,6.2,0.073,56,reviewed,us,us
2016-11-04T23:43:17.240Z,-14.8267,-173.9186,10,4.7,mb,,186,2.266,1.27,us,us100076pq,2017-02-02T02:20:59.040Z,"125 km N of Hihifo, Tonga",earthquake,7.3,2,0.225,6,reviewed,us,us
2016-11-04T23:26:48.430Z,2.8781,95.4706,30.36,5,mb,,71,2.621,0.62,us,us1000747x,2017-02-02T02:20:59.040Z,"110 km WNW of Sinabang, Indonesia",earthquake,7.4,4.4,0.053,113,reviewed,us,us
2016-11-04T23:23:27.650Z,-37.5491,179.1741,10,4.4,mwr,,243,0.689,0.88,us,us1000747v,2017-02-02T02:20:59.040Z,"159 km NE of Gisborne, New Zealand",earthquake,6.8,1.9,0.073,18,reviewed,us,us
2016-11-04T23:06:44.900Z,36.1495,-97.6595,5.368,3.3,ml,,28,,0.49,us,us1000747r,2017-02-02T02:20:59.040Z,"3 km W of Marshall, Oklahoma",earthquake,1.5,7.3,,,reviewed,tul,tul
2016-11-04T22:59:16.680Z,47.4903333,-121.9315,20.22,2.23,ml,33,47,0.04007,0.14,uw,uw61228796,2016-11-07T20:05:23.050Z,"5 km ENE of Mirrormont, Washington",earthquake,0.23,0.42,0.173,32,reviewed,uw,uw
2016-11-04T22:54:00.170Z,40.1733333,-122.795,7.07,2.05,md,19,62,0.08649,0.21,nc,nc72720575,2017-02-11T06:04:21.399Z,"37 km WNW of Rancho Tehama Reserve, California",earthquake,0.49,1.08,0.205,21,reviewed,nc,nc
2016-11-04T22:51:29.823Z,59.9075,-151.8836,52.1,2.1,ml,,,,0.56,ak,ak016e7egrpy,2023-08-03T18:38:32.717Z,"9 km WSW of Happy Valley, Alaska",earthquake,,0.6,,,reviewed,ak,ak
2016-11-04T22:45:48.210Z,19.3316667,-155.1278333,6.55,2.91,ml,25,134,,0.07,hv,hv61468386,2020-07-06T21:00:54.230Z,"14 km S of Fern Forest, Hawaii",earthquake,0.38,0.91,0.149,34,reviewed,hv,hv
2016-11-04T22:31:49.740Z,43.7578,-105.3827,0,3,ml,,80,1.038,1.31,us,us100076pi,2017-02-02T02:20:59.040Z,"8 km E of Wright, Wyoming",mining explosion,4.7,2,0.049,62,reviewed,us,us
2016-11-04T22:31:22.206Z,61.5144,-148.8234,25.2,3.2,ml,,,,0.57,ak,ak016e7ecgt8,2023-08-03T18:38:21.043Z,"7 km NE of Knik River, Alaska",earthquake,,0.3,,,reviewed,ak,ak
2016-11-04T22:25:29.000Z,18.5552,-67.5162,15,2.5,Md,6,291.6,0.17337485,0.07,pr,pr16309007,2017-02-02T02:20:59.040Z,"36 km NW of Rincón, Puerto Rico",earthquake,0.7,0.4,0,3,reviewed,pr,pr
2016-11-04T22:22:37.100Z,18.5079,-64.3411,26,2.7,Md,7,345.6,0.27578279,0.18,pr,pr16309006,2017-02-02T02:20:59.040Z,"51 km ENE of Cruz Bay, U.S. Virgin Islands",earthquake,5.5,1.9,0,4,reviewed,pr,pr
2016-11-04T21:37:37.350Z,-6.0835,147.2567,85.81,4.1,mb,,284,3.301,0.59,us,us100076pn,2017-02-02T02:20:59.040Z,"76 km NNE of Lae, Papua New Guinea",earthquake,14.6,14.8,0.151,12,reviewed,us,us
2016-11-04T21:31:03.800Z,19.0317,-66.245,24,2.9,Md,14,252,0.61354934,0.2,pr,pr16309005,2017-02-02T02:20:59.040Z,"63 km N of Brenas, Puerto Rico",earthquake,0.9,11.7,0,8,reviewed,pr,pr
2016-11-04T21:25:11.040Z,-37.3779,179.3286,10,4.2,mb,,264,0.833,1.4,us,us100076pr,2017-02-02T02:20:59.040Z,"183 km NE of Gisborne, New Zealand",earthquake,11.4,2,0.215,6,reviewed,us,us
2016-11-04T21:21:18.190Z,34.0475,-117.2513333,16.7,2.9,ml,136,23,0.0634,0.16,ci,ci37518175,2017-02-08T21:41:25.446Z,"1km E of Loma Linda, CA",earthquake,0.1,0.21,0.15,24,reviewed,ci,ci
2016-11-04T21:02:27.380Z,-6.8773,154.5846,13.35,4.4,mb,,113,3.606,1.14,us,us100076ph,2017-02-02T02:20:59.040Z,"117 km WSW of Panguna, Papua New Guinea",earthquake,11.1,6.5,0.114,22,reviewed,us,us
2016-11-04T20:39:11.461Z,59.9632,-151.7939,54.6,2.1,ml,,,,0.48,ak,ak016e7d7ai2,2023-08-03T18:38:07.977Z,"3 km WNW of Happy Valley, Alaska",earthquake,,0.5,,,reviewed,ak,ak
2016-11-04T19:44:40.360Z,10.1827,126.2258,50.07,4.6,mb,,95,9.129,1.17,us,us100076pg,2017-02-02T02:20:59.040Z,"27 km NE of Santa Monica, Philippines",earthquake,9.9,7.2,0.068,65,reviewed,us,us
2016-11-04T19:12:53.130Z,37.3649,-98.1271,12.2,2.8,mb_lg,,97,0.123,0.75,us,us1000746g,2017-02-02T02:20:59.040Z,"9 km SSE of Spivey, Kansas",earthquake,1.8,6.8,0.081,40,reviewed,us,us
2016-11-04T19:10:14.020Z,51.5745,-177.0953,26.6,3.1,ml,,,,0.49,us,us1000771p,2023-08-03T18:37:41.907Z,"46 km SW of Adak, Alaska",earthquake,12.6,8.9,,,reviewed,ak,ak
2016-11-04T18:57:54.440Z,43.6547,-105.2401,0,3.6,ml,,34,0.987,1.02,us,us1000746e,2017-02-02T02:20:59.040Z,"22 km ESE of Wright, Wyoming",mining explosion,5.2,2,0.043,82,reviewed,us,us
2016-11-04T18:24:05.910Z,10.0949,126.2923,49.72,4.3,mb,,183,3.087,0.25,us,us100076pf,2017-02-02T02:20:59.040Z,"29 km ENE of Santa Monica, Philippines",earthquake,19.5,11.2,0.202,7,reviewed,us,us
2016-11-04T17:29:14.290Z,-6.7528,155.3656,85.48,5,mb,,35,4.078,0.72,us,us1000745d,2017-02-02T02:20:59.040Z,"50 km SSW of Panguna, Papua New Guinea",earthquake,7.9,6.1,0.043,174,reviewed,us,us
2016-11-04T17:25:11.740Z,51.4969,-178.208,15.4,2.7,ml,,,,0.98,us,us1000771n,2023-08-03T18:37:22.164Z,"116 km WSW of Adak, Alaska",earthquake,10.6,6.8,,,reviewed,ak,ak
2016-11-04T17:23:17.190Z,0.998,126.8908,46.32,4.7,mb,,44,0.526,0.83,us,us1000745b,2017-02-02T02:20:59.040Z,"59 km WNW of Ternate, Indonesia",earthquake,5.6,6.7,0.087,40,reviewed,us,us
2016-11-04T16:57:20.620Z,55.1189,-159.3075,8.82,3.1,ml,,140,0.331,0.36,us,us1000771m,2023-08-03T18:37:02.807Z,"79 km ESE of Sand Point, Alaska",earthquake,4.4,10.7,0.097,14,reviewed,us,us
2016-11-04T16:34:27.020Z,-6.1122,127.6493,411.12,4.2,mb,,64,4.071,1,us,us100076pl,2017-02-02T02:20:59.040Z,"273 km SSW of Ambon, Indonesia",earthquake,13.5,11.9,0.159,11,reviewed,us,us
2016-11-04T16:33:47.000Z,-22.961,-68.314,154.2,4.1,mb,,,,0.84,us,us1000744w,2017-02-02T02:20:59.040Z,"12 km WSW of San Pedro de Atacama, Chile",earthquake,7,6.6,0.261,4,reviewed,guc,us
2016-11-04T16:26:30.200Z,18.93,-65.3271,24,2.4,Md,3,277.2,0.61983755,0.12,pr,pr16309004,2016-11-04T19:23:13.528Z,"69 km N of Culebra, Puerto Rico",earthquake,1.6,13.1,0,2,reviewed,pr,pr
2016-11-04T16:20:44.440Z,-35.0945,-71.0457,90,6.3,mww,,34,0.371,1.06,us,us1000744u,2022-05-03T19:46:34.554Z,"21 km SE of Curicó, Chile",earthquake,6.1,1.8,,,reviewed,us,us
2016-11-04T16:07:11.940Z,44.7931667,-111.5431667,12.76,2.26,ml,45,41,0.089,0.19,mb,mb80188284,2021-05-13T22:00:40.547Z,"28 km W of Hebgen Lake Estates, Montana",earthquake,0.29,0.56,0.181,13,reviewed,mb,mb
2016-11-04T15:48:26.270Z,19.4611667,-155.8223333,10.04,3.55,ml,36,94,,0.17,hv,hv61468126,2020-07-06T21:00:54.000Z,"4 km E of Honaunau-Napoopoo, Hawaii",earthquake,0.4,0.4,0.197,41,reviewed,hv,hv
2016-11-04T14:57:37.980Z,-24.2553,-67.2705,229.57,4.1,mb,,91,2.223,0.22,us,us1000744k,2017-02-02T02:20:59.040Z,"96 km W of San Antonio de los Cobres, Argentina",earthquake,12.7,10.8,0.234,5,reviewed,us,us
2016-11-04T13:47:08.220Z,-6.6227,129.7811,156.33,4.2,mb,,86,2.022,0.61,us,us100076pp,2017-02-02T02:20:59.040Z,"Banda Sea",earthquake,7.8,11,0.263,4,reviewed,us,us
2016-11-04T13:39:54.380Z,53.5578,-162.7454,24.76,2.7,ml,,225,1.359,0.17,us,us1000771l,2023-08-03T18:36:08.057Z,"150 km SSE of False Pass, Alaska",earthquake,6.7,15.1,0.128,8,reviewed,us,us
2016-11-04T13:27:40.510Z,52.3929,-169.1593,35.11,3.5,ml,,211,0.609,1.03,us,us1000749b,2023-08-03T18:36:02.357Z,"64 km SSW of Nikolski, Alaska",earthquake,7.7,54.7,0.148,6,reviewed,us,us
2016-11-04T13:07:28.960Z,68.8698,-145.2846,5.7,2.2,ml,,,,0.8,ak,ak016e78ufpc,2023-08-03T18:35:58.585Z,"83 km N of Arctic Village, Alaska",earthquake,,0.3,,,reviewed,ak,ak
2016-11-04T12:34:11.380Z,14.9281,141.5598,10,4.7,mb,,141,19.973,0.6,us,us100076pc,2017-02-02T02:20:59.040Z,"Mariana Islands region",earthquake,7.9,1.9,0.097,32,reviewed,us,us
2016-11-04T11:54:09.510Z,53.6089,-163.3176,39,2.8,ml,,,,0.83,us,us1000771k,2023-08-03T18:35:40.725Z,"138 km S of False Pass, Alaska",earthquake,5.2,10.1,0.128,8,reviewed,ak,us
2016-11-04T11:25:04.231Z,63.152,-150.4596,109.6,2.2,ml,,,,0.49,ak,ak016e77rdh3,2023-08-03T18:35:32.958Z,"74 km NNE of Petersville, Alaska",earthquake,,0.4,,,reviewed,ak,ak
2016-11-04T11:06:08.439Z,52.1214,-165.957,41.4,2.4,ml,,,,0.52,ak,ak016e77nb6z,2023-08-03T18:35:29.506Z,"198 km S of Unalaska, Alaska",earthquake,,22,,,reviewed,ak,ak
2016-11-04T10:26:16.250Z,-25.4738,-179.626,434.49,4.3,mb,,78,4.048,0.85,us,us1000742r,2017-02-02T02:20:59.040Z,"south of the Fiji Islands",earthquake,12.1,6.5,0.057,87,reviewed,us,us
2016-11-04T10:20:50.810Z,-28.5698,-69.3981,145.44,4.1,mb,,141,0.813,0.75,us,us1000742q,2017-02-02T02:20:59.040Z,"118 km W of Vinchina, Argentina",earthquake,7.3,11.2,0.525,1,reviewed,us,us
2016-11-04T10:07:51.670Z,40.3681667,-124.508,26.72,2.14,md,21,254,0.1685,0.17,nc,nc72720345,2017-02-11T06:00:57.525Z,"near the coast of Northern California",earthquake,0.74,0.92,0.344,17,reviewed,nc,nc
2016-11-04T09:34:42.210Z,38.8236667,-122.775,4.44,2.21,md,13,137,0.008108,0.08,nc,nc72720330,2017-02-11T06:00:46.834Z,"4 km W of Cobb, California",earthquake,0.68,0.66,0.234,4,reviewed,nc,nc
2016-11-04T09:32:19.370Z,-16.7343,-173.4731,53.25,4.3,mb,,132,3.25,0.39,us,us100076pb,2017-02-02T02:20:58.040Z,"92 km SSE of Hihifo, Tonga",earthquake,12.9,14.2,0.168,10,reviewed,us,us
2016-11-04T09:28:18.700Z,38.8391667,-122.8241667,2.52,2.69,md,50,37,0.009009,0.06,nc,nc72720310,2017-02-11T06:00:14.470Z,"8 km WNW of Cobb, California",earthquake,0.12,0.19,0.209,17,reviewed,nc,nc
2016-11-04T09:22:59.450Z,4.5196,96.9254,37.39,4.2,mb,,164,0.704,0.62,us,us100076p9,2017-02-02T02:20:58.040Z,"77 km SSW of Lhokseumawe, Indonesia",earthquake,8.1,14.5,0.236,5,reviewed,us,us
2016-11-04T08:58:08.550Z,58.6601,-154.0082,88.5,2.1,ml,,,,0.42,ak,ak016e7665mf,2023-08-03T18:34:53.451Z,"92 km NW of Aleneva, Alaska",earthquake,,0.4,,,reviewed,ak,ak
2016-11-04T08:50:05.194Z,51.3917,-178.4337,30.2,2.2,ml,,,,0.41,ak,ak016e764fmv,2023-08-03T18:34:47.917Z,"135 km WSW of Adak, Alaska",earthquake,,18.1,,,reviewed,ak,ak
2016-11-04T08:23:32.930Z,36.0028333,-83.7381667,21.43,2.37,md,17,80,0.1921,0.1,se,se60164116,2016-11-04T12:15:37.930Z,"6 km S of Mascot, Tennessee",earthquake,0.3,0.53,0.124,8,reviewed,se,se
2016-11-04T08:12:53.910Z,38.8391667,-122.8261667,1.95,2.07,md,23,48,0.007207,0.04,nc,nc72720215,2017-02-11T05:58:37.669Z,"9 km WNW of Cobb, California",earthquake,0.18,0.32,0.404,4,reviewed,nc,nc
2016-11-04T08:12:29.290Z,38.8396667,-122.825,2.27,2.81,md,72,35,0.008108,0.05,nc,nc72720210,2017-02-11T05:58:29.820Z,"9 km WNW of Cobb, California",earthquake,0.1,0.16,0.212,75,reviewed,nc,nc
2016-11-04T08:01:36.000Z,36.2577,-98.3452,5.185,2.6,ml,,40,,0.18,us,us1000742g,2017-02-02T02:20:58.040Z,"2 km N of Isabella, Oklahoma",earthquake,1.1,3.4,,,reviewed,tul,tul
2016-11-04T06:05:07.177Z,53.6464,-165.1096,48.7,2,ml,,,,0.18,ak,ak016e74nxct,2023-08-03T18:34:09.170Z,"69 km SE of Akutan, Alaska",earthquake,,3.6,,,reviewed,ak,ak
2016-11-04T06:02:02.100Z,18.5949,-66.696,13,2.7,Md,11,216,0.25242659,0.23,pr,pr16309002,2017-02-02T02:20:58.040Z,"13 km N of Arecibo, Puerto Rico",earthquake,0.8,1.7,0,9,reviewed,pr,pr
2016-11-04T05:45:03.520Z,-18.9198,169.2618,211.9,5,mb,,81,2.652,0.76,us,us10007424,2017-02-02T02:20:58.040Z,"68 km N of Isangel, Vanuatu",earthquake,6.3,6.5,0.067,71,reviewed,us,us
2016-11-04T05:17:28.929Z,58.1765,-154.1811,72.2,2.3,ml,,,,0.38,ak,ak016e74540s,2023-08-03T18:33:49.710Z,"69 km NNE of Karluk, Alaska",earthquake,,0.5,,,reviewed,ak,ak
2016-11-04T05:08:53.090Z,41.8563,19.891,9.22,4.3,mb,,36,0.509,0.89,us,us1000741f,2017-02-02T02:20:58.040Z,"9 km N of Rrëshen, Albania",earthquake,5.5,8.7,0.376,2,reviewed,us,us
2016-11-04T05:08:05.920Z,-7.3687,111.3486,17.87,4.7,mb,,50,0.955,0.96,us,us1000741g,2017-02-02T02:20:58.040Z,"11 km WNW of Ngawi, Indonesia",earthquake,4.1,5.3,0.099,31,reviewed,us,us
2016-11-04T04:14:21.200Z,18.0725,-66.8876,9,2,Md,7,82.8,0.09701805,0.21,pr,pr16309003,2016-11-04T07:44:31.691Z,"4 km NNE of Lluveras, Puerto Rico",earthquake,0.6,5,0,4,reviewed,pr,pr
2016-11-04T04:08:23.620Z,32.4103333,-115.2256667,5.33,2.65,ml,22,107,0.06772,0.3,ci,ci37517695,2017-02-08T19:40:50.559Z,"7km NNW of Delta, B.C., MX",earthquake,0.44,1.26,0.176,47,reviewed,ci,ci
2016-11-04T03:21:33.210Z,-22.1007,36.2519,10,4.3,mb,,126,6.658,0.81,us,us100076p7,2017-02-02T02:20:58.040Z,"214 km NNE of Inhambane, Mozambique",earthquake,9,1.9,0.202,7,reviewed,us,us
2016-11-04T02:35:27.984Z,53.3778,-166.4676,61.9,2.2,ml,,,,0.39,ak,ak016e72go0u,2023-08-03T18:33:16.043Z,"55 km S of Unalaska, Alaska",earthquake,,1.9,,,reviewed,ak,ak
2016-11-04T02:19:47.500Z,18.4736,-64.1126,51,2.3,Md,4,352.8,0.48059868,0.2,pr,pr16309001,2016-11-04T03:50:20.634Z,"73 km ENE of Cruz Bay, U.S. Virgin Islands",earthquake,11.4,2.7,0,1,reviewed,pr,pr
2016-11-04T01:56:30.800Z,36.303,-96.6731,2.843,2.6,ml,,63,,0.32,us,us1000740g,2017-02-02T02:20:58.040Z,"6 km N of Maramec, Oklahoma",earthquake,1.7,7.1,,,reviewed,tul,tul
2016-11-04T01:32:43.740Z,-20.1018,-174.5131,57.21,4.6,mb,,95,4.442,0.95,us,us1000740d,2017-02-02T02:20:58.040Z,"35 km SSW of Pangai, Tonga",earthquake,13.1,5.2,0.088,39,reviewed,us,us
2016-11-04T00:44:40.000Z,18.822,-64.4229,19,2.3,Md,3,324,0.44197112,0.2,pr,pr16309000,2016-11-04T03:48:44.355Z,"66 km NE of Cruz Bay, U.S. Virgin Islands",earthquake,8.3,16.6,0,2,reviewed,pr,pr
2016-11-04T00:32:30.210Z,36.2495,-97.2454,7.02,2,ml,,38,0.164,0.26,us,us10007409,2017-02-02T02:20:58.040Z,"5 km SE of Perry, Oklahoma",earthquake,0.7,6,0.043,70,reviewed,us,us
2016-11-03T23:59:11.500Z,-7.2791,128.6054,148.53,4.2,mb,,79,2.759,1.29,us,us100076ns,2017-01-24T02:02:17.040Z,"224 km NE of Lospalos, Timor Leste",earthquake,8.2,10.3,0.167,10,reviewed,us,us
2016-11-03T23:40:08.796Z,57.5538,-152.7075,45.2,2.3,ml,,,,0.64,ak,ak016e5rggbz,2023-08-03T18:32:51.651Z,"14 km S of Womens Bay, Alaska",earthquake,,0.5,,,reviewed,ak,ak
2016-11-03T23:05:02.790Z,-17.6585,179.7095,579.81,4.5,mb,,73,1.581,0.8,us,us10007403,2017-01-24T02:02:17.040Z,"61 km NE of Levuka, Fiji",earthquake,12.2,8.8,0.051,112,reviewed,us,us
2016-11-03T22:48:33.550Z,35.4596667,-92.2263333,3.18,2.3,md,10,119,0.1345,0.12,nm,nm60164086,2017-01-24T02:02:16.040Z,"8 km N of Quitman, Arkansas",earthquake,0.33,0.74,0.198,10,reviewed,nm,nm
2016-11-03T22:34:13.900Z,18.7569,-68.4121,70,3.3,Md,12,298.8,0.24344344,0.03,pr,pr16308005,2017-01-24T02:02:16.040Z,"19 km N of Punta Cana, Dominican Republic",earthquake,8.2,3.2,0,6,reviewed,pr,pr
2016-11-03T22:19:47.527Z,55.4744,-158.4734,25,2.9,ml,,,,0.52,ak,ak016e5qqlog,2023-08-18T17:47:42.090Z,"64 km SE of Perryville, Alaska",earthquake,,1.3,,,reviewed,ak,ak
2016-11-03T22:12:01.550Z,1.3248,124.1684,266.28,4.5,mb,,66,2.734,0.83,us,us100073zx,2017-01-24T02:02:16.040Z,"70 km W of Tomohon, Indonesia",earthquake,8.4,7.6,0.073,55,reviewed,us,us
2016-11-03T22:08:02.060Z,32.1678,104.9018,10,4.1,mb,,183,4.362,0.74,us,us100076nr,2017-01-24T02:02:16.040Z,"Sichuan-Gansu border region, China",earthquake,17.2,2,0.175,9,reviewed,us,us
2016-11-03T22:07:29.200Z,53.7432,-165.7956,103.28,3.3,ml,,178,0.393,0.4,us,us100076dx,2023-08-03T18:32:20.858Z,"43 km S of Akutan, Alaska",earthquake,13.2,8.6,0.121,9,reviewed,us,us
2016-11-03T20:52:20.117Z,59.6335,-152.8767,88.6,2.1,ml,,,,0.44,ak,ak016e5pqqzf,2023-08-03T18:32:08.053Z,"60 km WSW of Anchor Point, Alaska",earthquake,,0.2,,,reviewed,ak,ak
2016-11-03T20:50:28.870Z,-2.7616,99.7896,16.24,4.3,mb,,207,3.311,0.81,us,us100076nq,2017-01-24T02:02:16.040Z,"194 km WSW of Sungai Penuh, Indonesia",earthquake,8.8,7.3,0.188,8,reviewed,us,us
2016-11-03T20:35:50.300Z,-9.2461,25.1582,10,4.1,mb,,121,6.686,0.98,us,us100076nu,2017-01-24T02:02:16.040Z,"59 km SSE of Kamina, Democratic Republic of the Congo",earthquake,12.8,2,0.214,6,reviewed,us,us
2016-11-03T20:02:34.770Z,23.4688,142.3281,75.31,4.6,mb,,159,3.613,0.58,us,us100076np,2017-01-24T02:02:16.040Z,"Volcano Islands, Japan region",earthquake,13.8,10,0.152,13,reviewed,us,us
2016-11-03T18:45:38.180Z,-35.7473,-178.8716,10,4.9,mb,,116,2.903,0.73,us,us100073z0,2017-01-24T02:02:16.040Z,"east of the North Island of New Zealand",earthquake,11.3,1.9,0.101,31,reviewed,us,us
2016-11-03T18:32:24.305Z,54.141,-163.5144,25.6,2.3,ml,,,,0.47,ak,ak016e5oflry,2023-08-03T18:31:46.667Z,"79 km S of False Pass, Alaska",earthquake,,2,,,reviewed,ak,ak
2016-11-03T18:22:18.230Z,-28.7141,-177.3692,51.51,4.9,mb,,120,0.721,0.62,us,us100073yx,2017-01-24T02:02:16.040Z,"Kermadec Islands region",earthquake,10.2,5.2,0.064,77,reviewed,us,us
2016-11-03T18:13:09.265Z,60.729,-153.1693,169,2.1,ml,,,,0.49,ak,ak016e5obi0e,2023-08-03T18:31:37.504Z,"86 km NE of Port Alsworth, Alaska",earthquake,,0.9,,,reviewed,ak,ak
2016-11-03T18:09:41.809Z,55.4452,-162.4805,83.1,2,ml,,,,0.57,ak,ak016e5oapno,2023-08-03T18:31:35.349Z,"32 km NNE of Cold Bay, Alaska",earthquake,,1.8,,,reviewed,ak,ak
2016-11-03T17:52:03.794Z,55.2768,-159.2685,46.6,2.1,ml,,,,0.28,ak,ak016e5nyewr,2023-08-03T18:31:33.484Z,"70 km S of Ivanof Bay, Alaska",earthquake,,0.8,,,reviewed,ak,ak
2016-11-03T17:46:10.610Z,-16.5446,-173.2184,35,4.4,mb,,112,2.966,0.71,us,us100076nn,2017-01-24T02:02:16.040Z,"89 km SE of Hihifo, Tonga",earthquake,8.5,2,0.218,6,reviewed,us,us
2016-11-03T16:44:31.910Z,3.6709,122.2858,597.82,4.5,mb,,65,2.953,0.68,us,us100073yj,2017-01-24T02:02:16.040Z,"255 km SE of Latung, Philippines",earthquake,9.4,4.5,0.057,89,reviewed,us,us
2016-11-03T16:35:09.900Z,39.0099,143.3438,10,4.5,mb,,151,2.306,1.22,us,us100076nm,2017-01-24T02:02:16.040Z,"130 km ESE of Yamada, Japan",earthquake,8.3,1.9,0.191,9,reviewed,us,us
2016-11-03T16:25:13.000Z,-29.627,137.098,10,4.1,mb,,,,0.3,us,us100076nj,2017-01-24T02:02:16.040Z,"105 km N of Roxby Downs, Australia",earthquake,7,3.1,0.212,6,reviewed,aust,us
2016-11-03T16:21:44.850Z,-2.7755,129.3992,26.11,4.2,mb,,76,2.658,0.76,us,us100076nk,2017-01-24T02:02:16.040Z,"82 km NE of Amahai, Indonesia",earthquake,6.4,2.7,0.152,13,reviewed,us,us
2016-11-03T16:20:59.740Z,-30.0481,-177.5128,35,4.5,mb,,189,0.878,0.66,us,us100076nl,2017-01-24T02:02:16.040Z,"Kermadec Islands, New Zealand",earthquake,10.6,1.9,0.145,17,reviewed,us,us
2016-11-03T16:15:44.582Z,61.9116,-148.9609,31.1,2,ml,,,,0.68,ak,ak016e5n54yi,2023-08-03T18:31:12.464Z,"18 km NW of Sutton-Alpine, Alaska",earthquake,,0.1,,,reviewed,ak,ak
2016-11-03T16:11:39.920Z,-2.9697,129.4058,29.98,5,mb,,46,2.794,1.17,us,us100073yc,2017-01-24T02:02:16.040Z,"67 km NE of Amahai, Indonesia",earthquake,5.5,3.5,0.059,92,reviewed,us,us
2016-11-03T15:54:16.360Z,41.9284,88.2425,36.53,4.6,mb,,50,6.468,1.25,us,us100073y9,2017-01-24T02:02:16.040Z,"136 km SW of Turpan, China",earthquake,6.5,6.5,0.089,38,reviewed,us,us
2016-11-03T15:21:08.880Z,6.1596,125.8675,160.49,4.8,mb,,81,0.948,1.05,us,us100073y3,2017-01-24T02:02:16.040Z,"18 km E of Lapuan, Philippines",earthquake,4.3,5.9,0.054,107,reviewed,us,us
2016-11-03T15:06:38.720Z,39.6668333,-123.6333333,-0.72,2.32,md,28,83,0.04414,0.17,nc,nc72719880,2017-02-11T05:54:26.800Z,"13 km W of Laytonville, California",earthquake,0.23,0.94,0.178,31,reviewed,nc,nc
2016-11-03T14:04:05.730Z,35.3383333,-118.5591667,7.95,2.55,ml,48,45,0.1225,0.16,ci,ci37517151,2017-02-08T19:36:06.817Z,"25km NNW of Tehachapi, CA",earthquake,0.15,0.69,0.175,98,reviewed,ci,ci
2016-11-03T13:40:33.990Z,-55.8811,-27.8048,10,4.1,mb,,198,5.239,1.31,us,us100076ng,2017-01-24T02:02:16.040Z,"South Sandwich Islands region",earthquake,13,2,0.214,6,reviewed,us,us
2016-11-03T13:22:35.686Z,58.6674,-153.6634,80.9,3.1,ml,,,,0.53,ak,ak016e5lebgw,2023-08-18T17:47:35.802Z,"80 km NNW of Aleneva, Alaska",earthquake,,0.4,,,reviewed,ak,ak
2016-11-03T12:57:33.560Z,39.6621667,-123.6311667,-0.57,3.82,mw,30,82,0.04505,0.13,nc,nc72719830,2017-03-18T00:05:09.581Z,"13 km WSW of Laytonville, California",earthquake,0.2,1.61,,14,reviewed,nc,nc
2016-11-03T12:44:02.680Z,-19.3563,-69.2943,113.38,4.9,mww,,81,0.324,1.27,us,us100073xf,2017-01-24T02:02:16.040Z,"130 km NE of Iquique, Chile",earthquake,5.3,4.8,,,reviewed,us,us
2016-11-03T12:11:09.852Z,40.6765,-116.0704,15,2.8,ml,15,115.14,0.324,0.1605,nn,nn00565348,2018-07-02T18:06:10.690Z,"5 km SE of Carlin, Nevada",earthquake,,2.6,0.22,11,reviewed,nn,nn
2016-11-03T11:15:13.810Z,34.1426667,-116.7171667,8.49,2.12,ml,95,25,0.1187,0.15,ci,ci37517087,2017-02-08T21:09:24.813Z,"16km NW of Morongo Valley, CA",earthquake,0.11,0.33,0.151,107,reviewed,ci,ci
2016-11-03T10:57:09.243Z,58.9258,-154.7904,139.4,2.5,ml,,,,0.52,ak,ak016e5jtgoc,2023-08-03T18:29:28.457Z,"57 km S of Kokhanok, Alaska",earthquake,,0.4,,,reviewed,ak,ak
2016-11-03T10:04:18.768Z,62.5975,-151.3027,87.8,2.2,ml,,,,0.48,ak,ak016e5ji4gk,2023-08-03T18:29:19.859Z,"29 km WNW of Petersville, Alaska",earthquake,,0.4,,,reviewed,ak,ak
2016-11-03T09:48:59.351Z,52.2405,174.9763,41.9,3.2,ml,,,,0.47,ak,ak016e5j67hr,2023-08-03T18:29:09.090Z,"138 km ESE of Attu Station, Alaska",earthquake,,12.4,,,reviewed,ak,ak
2016-11-03T09:11:27.300Z,18.5849,-65.2365,19,2.2,Md,4,234,0.27937605,0.31,pr,pr16308003,2016-11-03T11:39:12.267Z,"31 km NNE of Culebra, Puerto Rico",earthquake,2.7,1.7,0,4,reviewed,pr,pr
2016-11-03T08:53:52.090Z,53.2063,-169.304,106.91,4.6,mb,,63,0.358,0.98,us,us100073wz,2023-08-03T18:28:49.317Z,"42 km NW of Nikolski, Alaska",earthquake,7.6,5.5,0.073,56,reviewed,us,us
2016-11-03T08:36:43.000Z,51.9817,-179.3167,177.3,2.7,ml,,176,,0.36,us,us100076e4,2023-08-03T18:28:40.688Z,"184 km W of Adak, Alaska",earthquake,16.9,10.1,,,reviewed,ak,ak
2016-11-03T08:11:58.063Z,52.1688,-172.9687,70.5,2.6,ml,,,,0.29,ak,ak016e5icuam,2023-08-03T18:28:36.967Z,"84 km E of Atka, Alaska",earthquake,,1.7,,,reviewed,ak,ak
2016-11-03T07:04:25.200Z,-31.5123,-13.0735,10,4.4,mb,,85,5.577,1.17,us,us100076n8,2017-01-24T02:02:16.040Z,"southern Mid-Atlantic Ridge",earthquake,7.5,1.9,0.139,15,reviewed,us,us
2016-11-03T06:57:13.839Z,51.8737,178.2011,140.5,2.5,ml,,,,0.29,ak,ak016e5hfqlz,2023-08-03T18:28:21.880Z,"Rat Islands, Aleutian Islands, Alaska",earthquake,,0.7,,,reviewed,ak,ak
2016-11-03T06:52:40.700Z,18.9008,-64.1589,37,2.6,Md,3,338.4,0.646787,0.23,pr,pr16308002,2017-01-24T02:02:16.040Z,"91 km NE of Cruz Bay, U.S. Virgin Islands",earthquake,11,17,0,3,reviewed,pr,pr
2016-11-03T06:18:47.800Z,18.8129,-63.8516,22,3.1,Md,7,345.6,0.82555175,0.23,pr,pr16308001,2017-01-24T02:02:16.040Z,"105 km NW of Sandy Ground Village, Anguilla",earthquake,4.6,19.7,0,6,reviewed,pr,pr
2016-11-03T06:08:53.250Z,-24.2956,-67.5641,208.82,4.2,mb,,107,1.451,0.7,us,us100073wp,2017-01-24T02:02:16.040Z,"126 km W of San Antonio de los Cobres, Argentina",earthquake,10.6,11.4,0.237,5,reviewed,us,us
2016-11-03T05:37:00.880Z,11.097,148.0653,10,4.8,mb,,78,3.986,0.43,us,us100073wl,2017-01-24T02:02:16.040Z,"Federated States of Micronesia region",earthquake,9.5,1.9,0.059,87,reviewed,us,us
2016-11-03T05:10:03.620Z,-11.5075,-77.7097,63.54,4.1,mb,,197,0.974,0.45,us,us20007zg9,2017-01-24T02:02:16.040Z,"45 km SSW of Huacho, Peru",earthquake,11.7,18.1,0.369,2,reviewed,us,us
2016-11-03T04:59:12.030Z,12.2743,-87.8322,40.52,5.1,mwr,,81,0.871,0.94,us,us100073w7,2017-01-24T02:02:16.040Z,"66 km SW of Jiquilillo, Nicaragua",earthquake,5.5,4.8,0.062,25,reviewed,us,us
2016-11-03T04:43:10.590Z,-17.0847,-172.455,20.01,4.6,mb,,67,3.115,0.88,us,us100073wj,2017-01-24T02:02:16.040Z,"190 km SE of Hihifo, Tonga",earthquake,5.5,6.2,0.129,18,reviewed,us,us
2016-11-03T04:34:36.710Z,34.6836667,-116.389,2.4,2.06,ml,34,55,0.152,0.15,ci,ci37516903,2017-02-08T21:55:44.848Z,"21km W of Ludlow, CA",earthquake,0.17,0.75,0.112,65,reviewed,ci,ci
2016-11-03T04:12:02.320Z,-6.948,130.7781,104.28,4.4,mb,,80,1.15,0.83,us,us100073vw,2017-01-24T02:02:16.040Z,"262 km WSW of Tual, Indonesia",earthquake,6.7,10,0.19,8,reviewed,us,us
2016-11-03T03:25:00.769Z,39.8319,-118.8314,7.5,2.7,ml,34,92.34,0.443,0.2664,nn,nn00565327,2018-07-02T18:06:10.302Z,"40 km N of Fallon, Nevada",earthquake,,1.6,0.28,23,reviewed,nn,nn
2016-11-03T03:18:15.259Z,39.5166,-118.4581,8.2,2.1,ml,13,113.04,0.334,0.1138,nn,nn00565326,2018-07-02T18:06:11.681Z,"24 km ENE of Fallon Station, Nevada",earthquake,,1.2,0.18,10,reviewed,nn,nn
2016-11-03T02:36:36.000Z,53.4671,-163.2543,15.4,2.6,ml,,241,,0.4,us,us100076e0,2023-08-03T18:27:56.306Z,"154 km S of False Pass, Alaska",earthquake,9.4,7.9,,,reviewed,ak,ak
2016-11-03T02:34:04.530Z,41.9441667,-112.5341667,9.02,2.75,ml,20,135,0.157,0.18,uu,uu60169547,2017-01-24T02:02:16.040Z,"14 km E of Snowville, Utah",earthquake,0.54,0.86,0.018,4,reviewed,uu,uu
2016-11-03T02:17:37.270Z,37.5183333,-118.8611667,14.16,2.04,md,41,67,0.07658,0.03,nc,nc72719635,2018-07-02T18:06:11.962Z,"13 km WSW of Aspen Springs, California",earthquake,0.21,0.52,0.277,35,reviewed,nc,nc
2016-11-03T02:17:06.000Z,-31.501,-71.66,42.2,3.9,mb,,,,0.84,us,us100073vh,2017-01-24T02:02:16.040Z,"48 km WNW of Illapel, Chile",earthquake,5.3,6.7,0.297,3,reviewed,guc,us
2016-11-03T02:16:40.030Z,37.519,-118.86,14.36,2.01,md,41,67,0.07568,0.03,nc,nc72719630,2018-07-02T18:06:11.820Z,"13 km WSW of Aspen Springs, California",earthquake,0.28,0.5,0.229,35,reviewed,nc,nc
2016-11-03T01:40:38.400Z,18.9589,-64.4182,12,2.4,Md,3,334.8,0.70787244,0.14,pr,pr16308000,2016-11-03T03:44:57.026Z,"79 km NNE of Cruz Bay, U.S. Virgin Islands",earthquake,7.9,11.4,0,3,reviewed,pr,pr
2016-11-03T01:36:32.678Z,51.7398,179.2766,87.9,2.4,ml,,,,0.41,ak,ak016e5ec403,2023-08-03T18:27:47.031Z,"282 km W of Adak, Alaska",earthquake,,0.7,,,reviewed,ak,ak
2016-11-03T01:26:18.570Z,37.8768333,-122.2221667,10.24,2.03,md,70,61,0.007207,0.11,nc,nc71105069,2017-02-11T05:49:51.400Z,"3 km W of Orinda, California",earthquake,0.21,0.3,0.115,28,reviewed,nc,nc
2016-11-03T01:03:15.380Z,-21.346,-178.1232,429.09,4.5,mb,,105,5.082,0.97,us,us100073v7,2017-01-24T02:02:16.040Z,"Fiji region",earthquake,10.1,12.6,0.108,25,reviewed,us,us
2016-11-03T00:52:40.120Z,-24.4741,-179.8316,495,4.4,mb,,157,5.046,0.96,us,us100076n4,2017-01-24T02:02:16.040Z,"south of the Fiji Islands",earthquake,15.9,9.7,0.112,23,reviewed,us,us
2016-11-03T00:35:02.610Z,43.0383,13.0143,10,4.8,mwr,,22,0.217,0.74,us,us100073v1,2017-01-24T02:02:15.040Z,"2 km W of Pieve Torina, Italy",earthquake,4.5,1.8,0.059,28,reviewed,us,us
2016-11-03T00:21:38.050Z,-33.6815,-179.1358,34.39,4.3,mb,,159,4.396,0.9,us,us100076n3,2017-01-24T02:02:15.040Z,"south of the Kermadec Islands",earthquake,12,8.2,0.161,11,reviewed,us,us
2016-11-02T23:50:36.143Z,63.9113,-148.9475,3.7,2,ml,,,,0.63,ak,ak016e43zb3y,2023-08-03T18:27:18.572Z,"6 km N of Healy, Alaska",explosion,,0.2,,,reviewed,ak,ak
2016-11-02T23:31:22.502Z,38.3341,-115.8842,4.3,2.4,ml,9,109.08,0.235,0.0884,nn,nn00565289,2018-07-02T18:06:09.667Z,"77 km N of Rachel, Nevada",earthquake,,3.5,0.37,3,reviewed,nn,nn
2016-11-02T23:23:05.910Z,37.3803,57.3535,10,4.1,mb,,78,0.322,0.94,us,us100073ur,2017-01-24T02:02:15.040Z,"10 km SSE of Bojn?rd, Iran",earthquake,4.8,1.9,0.12,19,reviewed,us,us
2016-11-02T23:03:41.810Z,54.2294,-163.4612,28.9,3.4,ml,,,,0.73,us,us100076k0,2023-08-03T18:27:10.479Z,"69 km S of False Pass, Alaska",earthquake,6,4.8,0.115,10,reviewed,ak,us
2016-11-02T23:03:32.200Z,13.7695,-90.7266,80.87,4.2,mb,,173,1.202,1.08,us,us100076hb,2017-01-24T02:02:15.040Z,"18 km S of Iztapa, Guatemala",earthquake,5.8,6.3,0.132,16,reviewed,us,us
2016-11-02T22:54:29.800Z,18.3155,-64.4541,141,3.4,Md,6,324,0.18415463,0.25,pr,pr16307003,2017-01-24T02:02:15.040Z,"35 km E of Cruz Bay, U.S. Virgin Islands",earthquake,17.8,1.8,0,3,reviewed,pr,pr
2016-11-02T22:50:22.774Z,59.987,-139.6542,5.4,2.1,ml,,,,0.55,ak,ak016e43duh1,2023-08-03T18:27:08.542Z,"49 km N of Yakutat, Alaska",earthquake,,0.2,,,reviewed,ak,ak
2016-11-02T22:30:57.440Z,-23.7146,-179.6821,539.47,4.2,mb,,205,6.306,0.47,us,us100076h8,2017-01-24T02:02:15.040Z,"south of the Fiji Islands",earthquake,24.6,27.5,0.147,13,reviewed,us,us
2016-11-02T22:24:04.320Z,73.0726,5.7941,10,4.3,mb,,70,5.753,0.67,us,us100076h9,2017-01-24T02:02:15.040Z,"Greenland Sea",earthquake,8.6,1.9,0.148,13,reviewed,us,us
2016-11-02T21:57:30.997Z,65.4451,-144.7128,2.3,2.5,ml,,,,0.66,ak,ak016e42txij,2023-08-03T18:27:06.948Z,"14 km SSE of Central, Alaska",earthquake,,0.2,,,reviewed,ak,ak
2016-11-02T21:29:39.440Z,13.4256,50.6556,10,4.2,mb,,177,7.855,0.59,us,us100076h7,2017-01-24T02:02:15.040Z,"161 km N of Caluula, Somalia",earthquake,9.5,2,0.175,9,reviewed,us,us
2016-11-02T21:14:16.880Z,40.4608333,-124.4223333,25.98,2.55,md,18,234,0.06667,0.08,nc,nc72719500,2017-02-11T05:48:56.701Z,"18 km SW of Ferndale, California",earthquake,0.5,0.52,0.16,29,reviewed,nc,nc
2016-11-02T21:12:11.980Z,49.4951667,-120.5483333,9.4,2.04,ml,8,253,0.6342,0.41,uw,uw61227596,2016-11-03T18:13:18.745Z,"4 km NNW of Princeton, Canada",explosion,2.14,31.61,0.022,4,reviewed,uw,uw
2016-11-02T21:01:38.790Z,43.6782,-105.2758,0,3.4,ml,,74,0.999,0.8,us,us100076hh,2017-01-24T02:02:15.040Z,"19 km ESE of Wright, Wyoming",mining explosion,4.8,2,0.052,60,reviewed,us,us
2016-11-02T20:43:36.270Z,19.5944,112.9712,10,4.3,mb,,109,2.885,0.32,us,us100077js,2017-01-24T02:02:15.040Z,"233 km E of Wenchang, China",earthquake,9.7,1.9,0.201,7,reviewed,us,us
2016-11-02T20:31:55.519Z,59.8114,-153.0779,98.8,2.1,ml,,,,0.34,ak,ak016e422z6n,2023-08-03T18:27:03.234Z,"57 km E of Pedro Bay, Alaska",earthquake,,0.2,,,reviewed,ak,ak
2016-11-02T20:06:52.170Z,54.8473,163.6719,10,4.4,mb,,136,3.485,0.56,us,us100076h5,2017-01-24T02:02:15.040Z,"171 km SSE of Ust’-Kamchatsk Staryy, Russia",earthquake,13,2,0.118,21,reviewed,us,us
2016-11-02T20:05:01.074Z,55.9709,-159.3893,107,2.2,ml,,,,0.11,ak,ak016e41xad7,2023-08-18T17:47:20.848Z,"9 km NE of Ivanof Bay, Alaska",earthquake,,0.7,,,reviewed,ak,ak
2016-11-02T19:37:49.750Z,42.88,13.07,8,4.3,mb,,,,1.11,us,us100073t3,2017-01-24T02:02:15.040Z,"2 km E of Preci, Italy",earthquake,5.6,5.4,0.133,16,reviewed,rom,us
2016-11-02T19:32:47.820Z,45.2344,-106.7907,0,3.1,ml,,91,1.507,1.27,us,us100076hj,2017-01-24T02:02:15.040Z,"23 km WSW of Birney, Montana",mining explosion,4.5,2,0.045,68,reviewed,us,us
2016-11-02T19:26:34.630Z,31.0791,141.9245,18.57,4.6,mb,,123,2.707,0.72,us,us100076h4,2017-01-24T02:02:15.040Z,"Izu Islands, Japan region",earthquake,9,4,0.095,33,reviewed,us,us
2016-11-02T19:13:25.490Z,35.6091,21.5785,29.7,4.2,mb,,174,1.591,0.67,us,us100073sy,2017-01-24T02:02:15.040Z,"134 km S of Methóni, Greece",earthquake,9.4,10.1,0.303,3,reviewed,us,us
2016-11-02T18:20:40.160Z,19.4236667,-155.6108333,-0.074,3.34,ml,48,46,,0.2,hv,hv61465881,2020-07-06T21:00:30.700Z,"26 km E of Honaunau-Napoopoo, Hawaii",earthquake,0.28,0.62,0.249,35,reviewed,hv,hv
2016-11-02T18:01:04.770Z,61.8525,-149.6073,39.8,2,ml,,,,0.65,ak,ak016e40pkkt,2023-08-03T18:26:38.802Z,"23 km WNW of Fishhook, Alaska",earthquake,,0.3,,,reviewed,ak,ak
2016-11-02T17:28:58.430Z,-56.6848,-28.2112,104.42,4.4,mb,,233,5.285,0.64,us,us100076hf,2017-01-24T02:02:15.040Z,"South Sandwich Islands region",earthquake,13.3,13.2,0.127,18,reviewed,us,us
2016-11-02T17:07:35.833Z,60.1465,-152.8923,99.3,2,ml,,,,0.49,ak,ak016e405hnz,2023-08-03T18:26:29.693Z,"68 km WNW of Happy Valley, Alaska",earthquake,,0.4,,,reviewed,ak,ak
2016-11-02T16:57:20.434Z,61.3259,-150.3768,53,2.5,ml,,,,0.53,ak,ak016e3zuqob,2023-08-03T18:26:27.690Z,"21 km W of Point MacKenzie, Alaska",earthquake,,0.3,,,reviewed,ak,ak
2016-11-02T16:57:15.530Z,35.3365,-118.5588333,7.63,2.05,ml,45,45,0.1216,0.16,ci,ci37729048,2017-02-08T21:49:44.676Z,"25km NNW of Tehachapi, CA",earthquake,0.16,0.78,0.2,54,reviewed,ci,ci
2016-11-02T16:51:08.500Z,36.8378,-98.2613,5.67,2.5,ml,,79,,0.25,us,us100073re,2017-01-24T02:02:15.040Z,"7 km SSE of Byron, Oklahoma",earthquake,1.2,1.3,,,reviewed,tul,tul
2016-11-02T16:41:17.000Z,54.2034,-162.684,23.6,2.8,ml,,,,0.24,us,us100076k1,2023-08-03T18:26:18.948Z,"86 km SSE of False Pass, Alaska",earthquake,5.1,8.4,0.128,8,reviewed,ak,us
2016-11-02T16:37:21.440Z,51.78,178.4414,107.2,2.7,ml,,,,0.42,us,us100076k3,2023-08-03T18:26:17.059Z,"Rat Islands, Aleutian Islands, Alaska",earthquake,13.5,9.2,,,reviewed,ak,ak
2016-11-02T16:15:24.050Z,-30.5023,-177.6518,35,5,mb,,181,1.276,0.73,us,us100073r9,2017-01-24T02:02:15.040Z,"Kermadec Islands, New Zealand",earthquake,12.1,2,0.111,26,reviewed,us,us
2016-11-02T16:01:38.090Z,19.2056675,-155.4853363,36.533,2.22,ml,51,80,,0.12,hv,hv61465836,2020-07-06T21:00:30.500Z,"0 km WNW of P?hala, Hawaii",earthquake,0.42,0.63,0.15,4,automatic,hv,hv
2016-11-02T15:41:13.200Z,36.2492,-97.2197,6.157,2.2,ml,,30,,0.26,us,us100073r4,2022-08-07T11:21:59.982Z,"7 km SE of Perry, Oklahoma",earthquake,0.9,2.9,,,reviewed,tul,tul
2016-11-02T15:34:53.200Z,36.7054,-97.5543,7.967,2.5,ml,,64,,0.21,us,us100073r2,2017-01-24T02:02:15.040Z,"1 km N of Lamont, Oklahoma",earthquake,1.1,3.1,,,reviewed,tul,tul
2016-11-02T15:19:47.565Z,69.6776,-145.7159,16.3,2.7,ml,,,,0.79,ak,ak016e3z17yc,2023-08-03T18:26:06.473Z,"94 km WSW of Kaktovik, Alaska",earthquake,,0.3,,,reviewed,ak,ak
2016-11-02T15:10:43.700Z,36.3001,-96.6744,3.914,3.1,ml,,58,,0.24,us,us100073r0,2017-01-24T02:02:15.040Z,"6 km N of Maramec, Oklahoma",earthquake,1.1,3,,,reviewed,tul,tul
2016-11-02T14:52:19.070Z,46.1963333,-124.0156667,37.97,3.55,ml,21,171,0.08564,0.5,uw,uw61227486,2017-01-24T02:02:15.040Z,"4 km W of Hammond, Oregon",earthquake,1.49,1.07,0.161,35,reviewed,uw,uw
2016-11-02T14:51:17.900Z,36.4418,-96.8946,5.261,2.5,ml,,49,,0.22,us,us100073qw,2017-01-24T02:02:15.040Z,"14 km NW of Pawnee, Oklahoma",earthquake,1.9,1.8,,,reviewed,tul,tul
2016-11-02T14:50:18.820Z,-11.4631,166.646,119.84,4.4,mb,,214,6.888,0.56,us,us100076gz,2017-01-24T02:02:15.040Z,"123 km SE of Lata, Solomon Islands",earthquake,7.4,12.7,0.139,15,reviewed,us,us
2016-11-02T14:46:03.032Z,57.5716,-153.1361,43.7,3,ml,,,,0.54,ak,ak016e3ylh8v,2023-08-03T18:26:02.936Z,"30 km WSW of Womens Bay, Alaska",earthquake,,0.4,,,reviewed,ak,ak
2016-11-02T14:41:59.400Z,36.3055,-96.664,3.546,2.6,ml,,72,,0.2,us,us100073qr,2017-01-24T02:02:15.040Z,"7 km NNE of Maramec, Oklahoma",earthquake,1.5,4.9,,,reviewed,tul,tul
2016-11-02T14:13:27.100Z,36.717,-98.4015,6.438,2.7,ml,,84,,0.24,us,us100073qn,2017-01-24T02:02:15.040Z,"4 km NNE of Lambert, Oklahoma",earthquake,1.8,3.5,,,reviewed,tul,tul
2016-11-02T14:07:02.021Z,70.5938,-155.7793,30.2,2.2,ml,,,,0.67,ak,ak016e3yd48q,2023-08-03T18:25:56.129Z,"61 km ENE of Atqasuk, Alaska",earthquake,,12,,,reviewed,ak,ak
2016-11-02T13:11:08.000Z,53.6571,-164.9134,56,2.5,ml,,,,0.17,us,us100076k2,2023-08-18T17:47:18.416Z,"77 km SE of Akutan, Alaska",earthquake,6.3,10.1,,,reviewed,ak,ak
2016-11-02T12:19:25.024Z,63.5116,-147.6799,4.2,2.4,ml,,,,0.67,ak,ak016e3x8vee,2023-08-03T18:25:12.903Z,"Central Alaska",earthquake,,0.2,,,reviewed,ak,ak
2016-11-02T11:57:44.060Z,40.7952,34.2094,10,4.3,mb,,31,0.453,0.51,us,us100073pf,2017-01-24T02:02:15.040Z,"23 km WNW of ?skilip, Turkey",earthquake,5.1,1.9,0.091,34,reviewed,us,us
2016-11-02T11:12:02.530Z,35.9281667,-121.807,10.46,2.04,md,32,229,0.2847,0.15,nc,nc72719315,2017-02-11T05:46:01.050Z,"37 km S of Big Sur, California",earthquake,0.5,0.65,0.133,35,reviewed,nc,nc
2016-11-02T11:11:11.760Z,35.651,48.9523,10,4.2,mb,,130,1.408,1.51,us,us100076h0,2017-01-24T02:02:15.040Z,"60 km SSW of Abhar, Iran",earthquake,6.4,1.9,0.152,12,reviewed,us,us
2016-11-02T10:49:10.600Z,36.3951,-96.7307,3.076,2.7,ml,,39,,0.48,us,us100073p4,2017-01-24T02:02:15.040Z,"2 km NW of Skedee, Oklahoma",earthquake,1.6,6.4,,,reviewed,tul,tul
2016-11-02T10:46:41.990Z,38.2062,73.4623,157.79,4.4,mb,,148,1.578,0.52,us,us100073p3,2017-01-24T02:02:15.040Z,"44 km W of Murghob, Tajikistan",earthquake,4.2,9.2,0.203,7,reviewed,us,us
2016-11-02T10:31:15.758Z,63.2801,-148.8295,87.9,2.1,ml,,,,0.45,ak,ak016e3w4k2f,2023-08-03T18:24:32.561Z,"13 km SSE of Cantwell, Alaska",earthquake,,0.3,,,reviewed,ak,ak
2016-11-02T10:23:16.360Z,-23.0745,-179.7356,557.58,4.1,mb,,139,5.693,1.13,us,us100076gv,2017-01-24T02:02:15.040Z,"south of the Fiji Islands",earthquake,14.2,19.5,0.185,8,reviewed,us,us
2016-11-02T10:20:10.260Z,40.3686667,-124.2211667,30.7,2.92,md,20,94,0.06757,0.13,nc,nc72719310,2017-02-11T05:45:50.870Z,"16 km SW of Scotia, California",earthquake,0.53,0.72,0.111,40,reviewed,nc,nc
2016-11-02T10:07:36.330Z,51.9156,-169.4918,24.6,3,ml,,,,1.34,us,us100076gx,2023-08-03T18:24:30.655Z,"121 km SSW of Nikolski, Alaska",earthquake,7.8,8.8,,,reviewed,ak,ak
2016-11-02T09:54:14.480Z,-37.6543,179.296,10,4.7,mb,,132,0.791,0.66,us,us100073nv,2017-01-24T02:02:15.040Z,"158 km NE of Gisborne, New Zealand",earthquake,6.4,1.9,0.12,21,reviewed,us,us
2016-11-02T09:43:37.930Z,20.099,-155.5165,3.045,2.84,ml,7,252,,0.13,hv,hv61465651,2020-07-06T20:59:40.840Z,"5 km WNW of Honoka‘a, Hawaii",earthquake,1.65,6.59,0.146,17,reviewed,hv,hv
2016-11-02T09:02:10.650Z,-18.6373,-172.8933,35,4.8,mb,,86,2.842,0.64,us,us100073ns,2017-01-24T02:02:15.040Z,"115 km E of Neiafu, Tonga",earthquake,9.3,2,0.103,29,reviewed,us,us
2016-11-02T08:57:52.300Z,36.2943,-96.6829,2.527,2.9,ml,,56,,0.27,us,us100073sw,2017-01-24T02:02:15.040Z,"5 km N of Maramec, Oklahoma",earthquake,1,7.4,,,reviewed,tul,tul
2016-11-02T08:57:02.300Z,36.2973,-96.684,4.275,2.8,ml,,55,,0.39,us,us100073nq,2017-01-24T02:02:14.040Z,"6 km N of Maramec, Oklahoma",earthquake,1.9,6.7,,,reviewed,tul,tul
2016-11-02T08:54:46.700Z,36.299,-96.685,4.83,2.6,ml,,54,,0.43,us,us100073np,2017-01-24T02:02:14.040Z,"6 km N of Maramec, Oklahoma",earthquake,1.8,6.4,,,reviewed,tul,tul
2016-11-02T08:09:47.954Z,54.48,-162.0201,31.5,2.3,ml,,,,0.5,ak,ak016e3ut1l7,2023-08-03T18:24:13.809Z,"67 km SSE of King Cove, Alaska",earthquake,,7.9,,,reviewed,ak,ak
2016-11-02T08:08:17.130Z,-5.9552,151.5016,53.02,4.5,mb,,85,1.872,1.03,us,us100076gt,2017-01-24T02:02:14.040Z,"157 km ESE of Kimbe, Papua New Guinea",earthquake,9,5.7,0.116,22,reviewed,us,us
2016-11-02T07:52:11.640Z,9.6153,126.2835,61.52,4.4,mb,,155,2.623,0.61,us,us100076gs,2017-01-24T02:02:14.040Z,"24 km SE of Union, Philippines",earthquake,7,13.6,0.155,12,reviewed,us,us
2016-11-02T07:39:04.130Z,73.0263,5.959,10,4.6,mb,,89,5.778,0.97,us,us100073nh,2017-01-24T02:02:14.040Z,"Greenland Sea",earthquake,7.8,1.9,0.07,60,reviewed,us,us
2016-11-02T07:21:31.850Z,-22.4296,-68.3644,116.76,4.9,mww,,43,0.537,1.05,us,us100073nc,2017-01-24T02:02:14.040Z,"55 km NNW of San Pedro de Atacama, Chile",earthquake,6.7,4.3,,,reviewed,us,us
2016-11-02T06:52:23.460Z,37.1552,-97.8132,5.1,2.8,ml,,91,0.043,0.54,us,us100073n8,2017-01-24T02:02:14.040Z,"6 km SE of Freeport, Kansas",earthquake,1.5,4.5,0.152,16,reviewed,ismp,ismp
2016-11-02T06:39:06.780Z,37.0013333,-98.039,6.18,2.13,ml,15,151,0.07534,0.04,ismpkansas,ismpkansas70211943,2016-11-03T02:46:24.710Z,"0 km N of Manchester, Oklahoma",earthquake,0.21,0.38,0.106,16,reviewed,ismp,ismp
2016-11-02T06:08:44.700Z,33.185,-116.0498333,6.21,2.51,ml,96,25,0.109,0.2,ci,ci37516255,2017-02-08T20:49:03.909Z,"9km ENE of Ocotillo Wells, CA",earthquake,0.14,0.94,0.224,24,reviewed,ci,ci
2016-11-02T05:59:21.200Z,36.2985,-96.675,2.705,2.7,ml,,58,,0.42,us,us100073n0,2017-01-24T02:02:14.040Z,"6 km N of Maramec, Oklahoma",earthquake,1.7,7.2,,,reviewed,tul,tul
2016-11-02T05:56:54.400Z,36.294,-96.689,3.293,2.6,ml,,54,,0.43,us,us100073mx,2017-01-24T02:02:14.040Z,"5 km N of Maramec, Oklahoma",earthquake,1.8,0.7,,,reviewed,tul,tul
2016-11-02T05:46:50.810Z,1.9549,123.0353,435.91,4.3,mb,,42,2.403,0.75,us,us100073mv,2017-01-24T02:02:14.040Z,"156 km N of Gorontalo, Indonesia",earthquake,11.5,7.8,0.089,38,reviewed,us,us
2016-11-02T05:33:30.920Z,31.9761667,-116.22,11.76,2.62,ml,16,108,0.2329,0.23,ci,ci37516239,2017-02-08T21:08:24.378Z,"40km ENE of Ensenada, B.C., MX",earthquake,0.47,2.77,0.13,64,reviewed,ci,ci
2016-11-02T05:33:26.590Z,39.9916,140.502,10.36,4.7,mb,,129,0.905,1.16,us,us100073mu,2017-01-24T02:02:14.040Z,"28 km SSE of Takanosu, Japan",earthquake,6.3,5.4,0.102,29,reviewed,us,us
2016-11-02T05:05:20.712Z,61.3438,-147.3003,9.9,2.2,ml,,,,0.62,ak,ak016e3sztt3,2023-08-03T18:23:49.077Z,"55 km SSE of Glacier View, Alaska",earthquake,,0.5,,,reviewed,ak,ak
2016-11-02T04:50:30.222Z,62.6423,-149.5997,10.4,2,ml,,,,0.72,ak,ak016e3so25q,2023-08-03T18:23:44.847Z,"33 km NE of Chase, Alaska",earthquake,,0.2,,,reviewed,ak,ak
2016-11-02T04:41:53.190Z,14.4705,56.6749,10,4.4,mb,,194,13.874,0.92,us,us100076gn,2017-01-24T02:02:14.040Z,"Owen Fracture Zone region",earthquake,14.9,2,0.12,20,reviewed,us,us
2016-11-02T04:26:54.000Z,36.3047,-96.6657,4.349,4.4,mwr,,61,,1.15,us,us100073m6,2020-06-21T03:42:19.527Z,"7 km N of Maramec, Oklahoma",earthquake,2.3,5.3,0.034,85,reviewed,tul,us
2016-11-02T03:44:31.700Z,54.7482,163.6926,10,5.4,mb,,67,3.448,0.74,us,us100073lv,2017-01-24T02:02:14.040Z,"181 km SSE of Ust’-Kamchatsk Staryy, Russia",earthquake,7.4,1.8,0.025,548,reviewed,us,us
2016-11-02T03:20:29.700Z,19.3132,-64.5084,24,3.4,Md,14,298.8,0.89741697,0.17,pr,pr16307000,2017-01-24T02:02:14.040Z,"112 km NNE of Cruz Bay, U.S. Virgin Islands",earthquake,1,15.8,0,10,reviewed,pr,pr
2016-11-02T03:19:48.330Z,35.336,-118.5568333,7.8,2.55,ml,50,44,0.1199,0.16,ci,ci37516215,2017-02-08T19:45:49.992Z,"25km NNW of Tehachapi, CA",earthquake,0.14,0.68,0.183,85,reviewed,ci,ci
2016-11-02T02:40:27.420Z,-24.2752,-67.237,208.7,4.1,mb,,74,1.575,0.66,us,us100073lm,2017-01-24T02:02:14.040Z,"93 km W of San Antonio de los Cobres, Argentina",earthquake,3.9,12.2,0.261,4,reviewed,us,us
2016-11-02T02:14:54.440Z,16.6228,148.7959,10,4.4,mb,,161,13.464,0.35,us,us100076gl,2017-01-24T02:02:14.040Z,"Mariana Islands region",earthquake,11.7,1.9,0.179,9,reviewed,us,us
2016-11-02T02:02:32.200Z,19.6693,-64.427,35,3.1,Md,6,324,1.25853971,0.34,pr,pr16307002,2017-01-24T02:02:14.040Z,"153 km NNE of Cruz Bay, U.S. Virgin Islands",earthquake,4.1,28.5,0,4,reviewed,pr,pr
2016-11-02T01:26:00.000Z,-31.498,-64.375,33,3.3,md,,,,0.59,us,us100073ln,2017-01-24T02:02:14.040Z,"4 km SSW of Malagueño, Argentina",earthquake,11.2,10.1,,,reviewed,sja,sja
2016-11-02T00:48:29.100Z,36.1479,-97.6578,4.489,3,ml,,39,,0.26,us,us100073l6,2017-01-24T02:02:14.040Z,"2 km WSW of Marshall, Oklahoma",earthquake,0.7,3.7,,,reviewed,tul,tul
2016-11-02T00:43:09.130Z,-26.4574,27.5211,5,4.4,mb,,88,2.252,1.23,us,us100076gj,2017-01-24T02:02:14.040Z,"4 km NE of Fochville, South Africa",earthquake,6.8,1.9,0.19,8,reviewed,us,us
2016-11-02T00:28:10.000Z,18.7672,-64.9684,21,2.7,Md,7,237.6,0.41322503,0.2,pr,pr16307001,2017-01-24T02:02:14.040Z,"47 km N of Charlotte Amalie, U.S. Virgin Islands",earthquake,1.7,17.5,0,4,reviewed,pr,pr
2016-11-02T00:27:24.000Z,54.2428,-162.3736,5.8,2.7,ml,,,,1.08,us,us100076k4,2023-08-03T18:23:05.317Z,"91 km S of King Cove, Alaska",earthquake,5.3,6,0.128,8,reviewed,ak,us
2016-11-02T00:20:59.900Z,35.5673,-98.1261,3.687,3.3,ml,,67,,0.39,us,us100073l5,2017-01-24T02:02:14.040Z,"3 km S of Calumet, Oklahoma",earthquake,1.8,7.3,,,reviewed,tul,tul
2016-11-02T00:10:05.500Z,35.5692,-98.1286,4.705,3.1,ml,,67,,0.35,us,us100073l4,2017-01-24T02:02:14.040Z,"3 km SSW of Calumet, Oklahoma",earthquake,1.5,6.4,,,reviewed,tul,tul
2016-11-02T00:06:44.870Z,14.1755,56.6854,10,4,mb,,160,9.201,0.65,us,us100076gk,2017-01-24T02:02:14.040Z,"Owen Fracture Zone region",earthquake,6.9,1.9,0.172,9,reviewed,us,us
2016-11-01T23:57:07.750Z,14.2837,56.6997,10,4.3,mb,,129,10.617,1.36,us,usa001497y,2017-01-24T02:02:14.040Z,"Owen Fracture Zone region",earthquake,12.9,2,0.137,15,reviewed,us,us
2016-11-01T23:55:25.690Z,14.2961,56.6294,10,4.5,mb,,99,9.094,0.83,us,us100073l3,2017-01-24T02:02:14.040Z,"Owen Fracture Zone region",earthquake,10.5,1.9,0.085,41,reviewed,us,us
2016-11-01T23:29:33.650Z,-23.1134,-66.5802,210.02,4.6,mb,,33,1.481,0.92,us,us100073kx,2017-01-24T02:02:14.040Z,"92 km W of El Aguilar, Argentina",earthquake,7.8,6.6,0.078,49,reviewed,us,us
2016-11-01T23:29:33.250Z,14.2687,56.6501,10,4.7,mb,,114,9.117,0.64,us,us100073ky,2017-01-24T02:02:14.040Z,"Owen Fracture Zone region",earthquake,10.2,1.9,0.062,79,reviewed,us,us
2016-11-01T23:18:13.490Z,14.301,56.5247,10,4.4,mb,,161,9.111,0.71,us,us100073kw,2017-01-24T02:02:14.040Z,"Owen Fracture Zone region",earthquake,5.7,2,0.099,29,reviewed,us,us
2016-11-01T23:16:25.619Z,60.6301,-149.4951,9.9,2.2,ml,,,,0.57,ak,ak016e2g8ngh,2023-08-03T18:22:56.484Z,"17 km NNW of Moose Pass, Alaska",earthquake,,0.2,,,reviewed,ak,ak
2016-11-01T23:03:34.900Z,45.8638,-106.7596,0,3,ml,,67,0.905,0.96,us,us1000763n,2017-01-24T02:02:14.040Z,"10 km WSW of Colstrip, Montana",mining explosion,4.3,2,0.062,36,reviewed,us,us
2016-11-01T22:50:34.700Z,-17.9456,-178.3886,614.56,4.4,mb,,97,3.395,0.63,us,us1000763f,2017-01-24T02:02:14.040Z,"243 km E of Levuka, Fiji",earthquake,13.8,10.9,0.123,19,reviewed,us,us
2016-11-01T22:39:23.310Z,-20.5011,-67.9167,172.64,4,mb,,95,1.214,1.01,us,us100073kt,2017-01-24T02:02:14.040Z,"105 km WSW of Colchani, Bolivia",earthquake,8.5,10.9,0.231,5,reviewed,us,us
2016-11-01T22:37:32.790Z,37.5171,141.7017,14.4,5,mb,,114,0.804,0.45,us,us100073ks,2017-01-24T02:02:14.040Z,"62 km E of Namie, Japan",earthquake,5,4.1,0.046,154,reviewed,us,us
2016-11-01T22:37:06.430Z,-37.3968,179.0752,10,4.5,mb,,243,0.633,1.34,us,us1000763e,2017-01-24T02:02:14.040Z,"168 km NNE of Gisborne, New Zealand",earthquake,6.3,1.9,0.144,14,reviewed,us,us
2016-11-01T22:31:55.790Z,25.7755,128.4594,10,5.2,mb,,91,1.069,0.86,us,us100073kr,2017-01-24T02:02:14.040Z,"85 km SE of Katsuren-haebaru, Japan",earthquake,6.1,1.9,0.06,91,reviewed,us,us
2016-11-01T22:04:14.690Z,23.6353,142.3856,46.61,4.7,mb,,119,3.45,0.62,us,us1000763h,2017-01-24T02:02:14.040Z,"Volcano Islands, Japan region",earthquake,7.4,7.4,0.099,31,reviewed,us,us
2016-11-01T20:53:40.200Z,-9.5747,116.2433,89.25,4.1,mb,,86,2.339,1.09,us,us1000763d,2017-01-24T02:02:14.040Z,"95 km S of Lembar, Indonesia",earthquake,7.7,10.1,0.157,12,reviewed,us,us
2016-11-01T20:49:23.000Z,47.12,-65.73,5,3.1,mb_lg,,,,0.62,us,us100073mr,2017-01-24T02:02:14.040Z,"New Brunswick, Canada",earthquake,2.9,1.9,,,reviewed,ott,ott
2016-11-01T20:35:34.910Z,-13.6619,166.8781,109.62,5,mb,,151,7.084,1.02,us,us100073kd,2017-01-24T02:02:14.040Z,"76 km WNW of Sola, Vanuatu",earthquake,10.9,6.3,0.073,61,reviewed,us,us
2016-11-01T19:43:53.210Z,-37.412,176.9526,187.02,4.7,mb,,64,0.855,1.17,us,us100073jv,2017-01-24T02:02:14.040Z,"59 km NE of Maketu, New Zealand",earthquake,8.4,6.5,0.088,39,reviewed,us,us
2016-11-01T19:42:28.140Z,18.8958,145.6313,227.16,4.6,mb,,98,3.637,0.92,us,us1000763c,2017-01-24T02:02:14.040Z,"Pagan region, Northern Mariana Islands",earthquake,9.8,8.2,0.08,47,reviewed,us,us
2016-11-01T19:03:30.100Z,-6.1039,148.6588,51.99,6,mww,,17,3.6,0.82,us,us100073jd,2022-05-03T19:46:33.484Z,"99 km W of Kandrian, Papua New Guinea",earthquake,6.7,4.1,,,reviewed,us,us
2016-11-01T19:03:21.080Z,42.8236,12.9874,8.62,4.4,mb,,31,0.093,0.93,us,us100073jb,2017-01-24T02:02:13.040Z,"5 km E of Cerreto di Spoleto, Italy",earthquake,4.4,6.1,0.202,9,reviewed,us,us
2016-11-01T18:58:20.670Z,36.4146,26.3752,122.26,4.4,mb,,42,0.74,1.04,us,us100073j9,2017-01-24T02:02:13.040Z,"15 km S of Astypálaia, Greece",earthquake,6.2,6.3,0.087,38,reviewed,us,us
2016-11-01T18:10:37.540Z,0.1055,-18.1238,10,4.3,mb,,190,8.822,0.89,us,us1000763a,2017-01-24T02:02:13.040Z,"central Mid-Atlantic Ridge",earthquake,14,2,0.267,4,reviewed,us,us
2016-11-01T18:02:45.630Z,34.0393333,-117.2585,14.96,2.38,ml,115,25,0.01913,0.16,ci,ci37515991,2017-02-08T21:51:11.241Z,"1km SSE of Loma Linda, CA",earthquake,0.12,0.2,0.154,166,reviewed,ci,ci
2016-11-01T17:52:45.461Z,54.3377,-162.7131,22.3,2.4,ml,,,,0.45,ak,ak016e2cvt4y,2023-08-03T18:22:22.028Z,"73 km SE of False Pass, Alaska",earthquake,,2.3,,,reviewed,ak,ak
2016-11-01T17:37:17.120Z,35.8643333,-116.138,2.93,2.22,ml,18,61,0.1168,0.23,ci,ci37515975,2018-07-02T18:06:04.866Z,"8km ENE of Tecopa, CA",earthquake,0.41,1.54,0.134,42,reviewed,ci,ci
2016-11-01T17:26:38.973Z,59.3729,-152.4918,66.5,2.1,ml,,,,0.4,ak,ak016e2cq80p,2023-08-03T18:22:06.324Z,"32 km W of Nanwalek, Alaska",earthquake,,0.5,,,reviewed,ak,ak
2016-11-01T17:01:33.620Z,-21.1045,-68.8954,131.83,4.1,mb,,100,0.556,1.18,us,us100073ik,2017-01-24T02:02:13.040Z,"149 km N of Calama, Chile",earthquake,6.8,8.3,0.234,5,reviewed,us,us
2016-11-01T17:01:02.304Z,60.3872,-151.7153,71.5,2.7,ml,,,,0.63,ak,ak016e2cksae,2023-08-03T18:21:52.696Z,"22 km W of Cohoe, Alaska",earthquake,,0.3,,,reviewed,ak,ak
2016-11-01T16:56:08.786Z,63.8347,-148.878,6.3,2.2,ml,,,,0.46,ak,ak016e2cb5ke,2023-08-18T17:47:13.690Z,"4 km ESE of Healy, Alaska",earthquake,,0.1,,,reviewed,ak,ak
2016-11-01T16:37:46.500Z,19.4353,-67.2167,27,3.3,Md,12,284.4,0.96658725,0.43,pr,pr16306005,2017-01-24T02:02:13.040Z,"105 km N of San Antonio, Puerto Rico",earthquake,2.1,28.2,0,8,reviewed,pr,pr
2016-11-01T16:37:21.379Z,60.3465,-153.4991,167.5,2.5,ml,,,,0.58,ak,ak016e2c73xl,2023-08-03T18:21:34.584Z,"47 km ENE of Port Alsworth, Alaska",earthquake,,0.4,,,reviewed,ak,ak
2016-11-01T16:28:27.753Z,63.0452,-151.5004,5.7,2.3,ml,,,,0.61,ak,ak016e2c56zb,2023-08-03T18:21:32.710Z,"56 km SSE of Denali National Park, Alaska",earthquake,,0.2,,,reviewed,ak,ak
2016-11-01T16:17:37.175Z,58.6866,-154.428,120.1,2.3,ml,,,,0.36,ak,ak016e2c2utx,2023-08-03T18:21:28.973Z,"86 km SSE of Kokhanok, Alaska",earthquake,,0.4,,,reviewed,ak,ak
2016-11-01T16:09:00.070Z,34.9927,26.6243,10,4,mb,,119,0.706,0.85,us,us1000763b,2017-01-24T02:02:13.040Z,"40 km SE of Palekastro, Greece",earthquake,3,1.9,0.196,7,reviewed,us,us
2016-11-01T15:48:52.820Z,-21.1096,-178.491,517.76,4.4,mb,,108,4.673,1.22,us,us10007639,2017-01-24T02:02:13.040Z,"Fiji region",earthquake,13.1,6.1,0.086,39,reviewed,us,us
2016-11-01T15:05:43.290Z,17.6863,145.6312,214.67,4.1,mb,,148,2.436,0.42,us,us10007638,2017-01-24T02:02:13.040Z,"274 km N of Saipan, Northern Mariana Islands",earthquake,21.5,12.1,0.213,6,reviewed,us,us
2016-11-01T14:47:27.200Z,35.6658,-97.1666,5.458,2.9,ml,,63,,0.48,us,us100073hq,2017-01-24T02:02:13.040Z,"2 km E of Luther, Oklahoma",earthquake,1.5,3.5,,,reviewed,tul,tul
2016-11-01T14:06:40.820Z,58.8312,-153.5559,7.7,2.4,ml,,,,0.66,ak,ak016e2atn0y,2023-08-03T18:21:06.923Z,"93 km NNW of Aleneva, Alaska",earthquake,,0.1,,,reviewed,ak,ak
2016-11-01T13:39:55.270Z,-23.0381,-66.3937,249.62,4.4,mb,,135,1.647,0.54,us,us100073hj,2017-01-24T02:02:13.040Z,"75 km WNW of El Aguilar, Argentina",earthquake,10.6,9.1,0.219,6,reviewed,us,us
2016-11-01T13:37:43.800Z,33.2318,140.8317,53.09,4.7,mb,,115,0.861,0.5,us,us100073hl,2017-01-24T02:02:13.040Z,"213 km SSE of Tateyama, Japan",earthquake,5.2,7,0.067,67,reviewed,us,us
2016-11-01T13:26:07.569Z,59.3947,-152.5738,83.1,2.1,ml,,,,0.39,ak,ak016e2acf6c,2023-08-03T18:21:00.952Z,"37 km W of Nanwalek, Alaska",earthquake,,0.5,,,reviewed,ak,ak
2016-11-01T12:18:38.430Z,38.0493333,-118.8103333,3.6,2.18,md,39,96,0.02973,0.07,nc,nc72719005,2018-07-02T18:06:06.108Z,"29 km ENE of Lee Vining, California",earthquake,0.23,0.37,0.106,33,reviewed,nc,nc
2016-11-01T11:14:38.000Z,53.5988,-162.8243,24.7,2.9,ml,,,,0.74,us,us100074ez,2023-08-03T18:20:52.829Z,"144 km SSE of False Pass, Alaska",earthquake,8.2,9.1,0.148,6,reviewed,ak,us
2016-11-01T11:02:41.070Z,18.8128,-69.8579,108.46,4.3,mwr,,40,0.352,1.15,us,us100073fp,2017-01-24T02:02:13.040Z,"7 km W of Monte Plata, Dominican Republic",earthquake,6.5,6.1,0.078,16,reviewed,us,us
2016-11-01T10:58:35.100Z,18.9918,-65.058,57,2.3,Md,3,316.8,0.64319374,0.18,pr,pr16306004,2016-11-01T12:55:35.084Z,"73 km N of Charlotte Amalie, U.S. Virgin Islands",earthquake,9.3,13.8,0,3,reviewed,pr,pr
2016-11-01T10:24:15.500Z,35.6849,-97.0688,5.846,2.4,ml,,46,,0.29,us,us100073fm,2017-01-24T02:02:13.040Z,"1 km SSW of Wellston, Oklahoma",earthquake,1.1,3.2,,,reviewed,tul,tul
2016-11-01T10:14:30.090Z,48.6315,155.0349,46.34,4.4,mb,,167,4.789,0.94,us,us10007636,2017-01-24T02:02:13.040Z,"240 km SSW of Severo-Kuril’sk, Russia",earthquake,11.5,11,0.1,29,reviewed,us,us
2016-11-01T09:31:30.180Z,39.2177,140.5764,117.67,4.4,mb,,135,1.357,0.64,us,us10007635,2017-01-24T02:02:13.040Z,"eastern Honshu, Japan",earthquake,7.5,8.5,0.13,17,reviewed,us,us
2016-11-01T09:03:21.800Z,-24.2347,179.8781,510.03,4.2,mb,,98,6.678,0.69,us,us10007633,2017-01-24T02:02:13.040Z,"south of the Fiji Islands",earthquake,13.9,9.5,0.108,24,reviewed,us,us
2016-11-01T09:01:05.700Z,17.738,-94.623,164.3,4,mb,,,,1.02,us,us10007f9u,2017-01-24T02:02:13.040Z,"4 km SE of Hidalgotitlán, Mexico",earthquake,5.7,8.3,0.138,14,reviewed,unm,us
2016-11-01T08:56:11.620Z,-23.3825,-66.661,204.08,4.3,mb,,37,1.461,1.14,us,us100073fj,2017-01-24T02:02:13.040Z,"98 km NNW of San Antonio de los Cobres, Argentina",earthquake,8.5,7.3,0.107,25,reviewed,us,us
2016-11-01T08:52:17.903Z,38.6599,-118.7843,9.1,2.8,ml,49,57.47,0.203,0.2096,nn,nn00565088,2018-07-02T18:06:05.895Z,"2 km WNW of Walker Lake, Nevada",earthquake,,1,0.35,25,reviewed,nn,nn
2016-11-01T08:47:58.961Z,53.9897,-165.3185,68.4,2.2,ml,,,,0.33,ak,ak016e27hv5k,2023-08-03T18:20:41.288Z,"34 km ESE of Akutan, Alaska",earthquake,,0.8,,,reviewed,ak,ak
2016-11-01T08:29:39.490Z,-16.0096,-74.1772,75.28,4.1,mb,,186,4.497,1.17,us,us100073fd,2017-01-24T02:02:13.040Z,"30 km SE of Atiquipa, Peru",earthquake,12.5,17.8,0.262,4,reviewed,us,us
2016-11-01T08:27:14.560Z,-35.2357,-15.0677,10,5.2,mb,,109,2.881,0.61,us,us100073fk,2017-01-24T02:02:13.040Z,"Tristan da Cunha region",earthquake,12.9,1.9,0.108,28,reviewed,us,us
2016-11-01T08:18:08.617Z,60.6006,-145.2443,15.9,2.7,ml,,,,0.65,ak,ak016e27bji5,2023-08-03T18:20:39.457Z,"28 km ENE of Cordova, Alaska",earthquake,,0.1,,,reviewed,ak,ak
2016-11-01T07:56:39.600Z,43,13.16,10,4.9,mwr,,,,1.06,us,us100073f9,2017-01-24T02:02:13.040Z,"3 km SSW of Pie' del Colle, Italy",earthquake,1.5,4,0.043,51,reviewed,rom,us
2016-11-01T07:26:41.300Z,19.1096,-64.4383,25,2.2,Md,3,334.8,0.83543321,0.2,pr,pr16306003,2016-11-01T12:26:35.712Z,"93 km NNE of Cruz Bay, U.S. Virgin Islands",earthquake,3.1,19.5,0,3,reviewed,pr,pr
2016-11-01T07:17:36.151Z,59.7838,-151.4087,50.1,2.5,ml,,,,0.64,ak,ak016e26pyb3,2023-08-18T17:47:06.057Z,"8 km NW of Fritz Creek, Alaska",earthquake,,0.2,,,reviewed,ak,ak
2016-11-01T07:06:39.070Z,25.2341,126.5346,69.5,4.6,mb,,126,2.233,1.16,us,us10007632,2017-01-24T02:02:13.040Z,"133 km ENE of Hirara, Japan",earthquake,10.7,9.5,0.151,13,reviewed,us,us
2016-11-01T07:03:43.631Z,58.949,-153.2309,66.2,2.3,ml,,,,0.55,ak,ak016e26myuz,2023-08-03T18:20:18.655Z,"87 km WSW of Nanwalek, Alaska",earthquake,,0.4,,,reviewed,ak,ak
2016-11-01T06:38:31.900Z,17.9489,-67.2025,16,2.3,Md,11,241.2,0.10420457,0.21,pr,pr16306002,2016-11-01T06:55:14.242Z,"3 km SSW of Pole Ojea, Puerto Rico",earthquake,1,0.6,0,6,reviewed,pr,pr
2016-11-01T06:31:45.635Z,38.3335,-115.8706,6.2,2.1,ml,22,108.82,0.224,0.214,nn,nn00565084,2018-07-02T18:06:03.866Z,"77 km N of Rachel, Nevada",earthquake,,2.1,0.25,13,reviewed,nn,nn
2016-11-01T05:09:23.370Z,19.966,-155.4485,31.705,2,md,25,185,,0.11,hv,hv61464331,2020-07-06T20:59:54.830Z,"11 km SW of Pa‘auilo, Hawaii",earthquake,0.92,1.58,0.038,7,reviewed,hv,hv
2016-11-01T04:24:28.710Z,14.1383,-92.6549,10,4.5,mb,,154,0.853,0.99,us,us100073ca,2017-01-24T02:02:13.040Z,"63 km SW of Brisas Barra de Suchiate, Mexico",earthquake,4.6,1.9,0.057,89,reviewed,us,us
2016-11-01T03:56:45.630Z,19.4238333,-155.613,-1.494,2.15,ml,17,100,,0.17,hv,hv61464231,2020-07-06T21:00:00.710Z,"26 km E of Honaunau-Napoopoo, Hawaii",earthquake,0.36,0.45,0.29,8,reviewed,hv,hv
2016-11-01T03:28:07.400Z,32.957,47.414,8,4,mb,,,,0.99,us,us100073c9,2017-01-24T02:02:13.040Z,"3 km S of ?bd?n?n, Iran",earthquake,12.3,8.2,0.134,15,reviewed,teh,us
2016-11-01T02:48:19.500Z,33.186,-115.566,3.49,2.9,ml,47,91,0.04249,0.2,ci,ci37515551,2017-02-08T21:11:03.231Z,"7km SW of Niland, CA",earthquake,0.23,0.31,0.143,150,reviewed,ci,ci
2016-11-01T02:31:04.704Z,62.8393,-149.734,70.5,2,ml,,,,0.51,ak,ak016e23tpvq,2023-08-03T18:12:14.490Z,"47 km NNE of Chase, Alaska",earthquake,,0.2,,,reviewed,ak,ak
2016-11-01T02:17:49.057Z,63.0902,-150.9076,121.4,2.2,ml,,,,0.46,ak,ak016e23qta1,2023-08-03T18:12:10.654Z,"64 km SE of Denali National Park, Alaska",earthquake,,0.3,,,reviewed,ak,ak
2016-11-01T01:42:11.424Z,59.7004,-153.284,108.2,2.3,ml,,,,0.47,ak,ak016e23ano6,2023-08-03T18:12:05.132Z,"47 km ESE of Pedro Bay, Alaska",earthquake,,0.1,,,reviewed,ak,ak
2016-11-01T01:28:51.200Z,53.9212,-164.8522,63.4,2.3,ml,,,,0.52,ak,ak016e237qps,2023-08-03T18:11:56.551Z,"65 km ESE of Akutan, Alaska",earthquake,,1.1,,,reviewed,ak,ak
2016-11-01T01:17:56.740Z,-49.2337,109.6454,10,4.4,mb,,196,20.725,0.56,us,us1000762x,2017-01-24T02:02:13.040Z,"southeast Indian Ridge",earthquake,15,2,0.19,8,reviewed,us,us
2016-11-01T00:40:24.200Z,18.791,-64.717,8,2.1,Md,4,295.2,0.38358063,0.3,pr,pr16306001,2016-11-01T05:55:32.925Z,"51 km N of Cruz Bay, U.S. Virgin Islands",earthquake,1.9,4.1,0,2,reviewed,pr,pr
2016-11-01T00:07:50.580Z,-56.4471,-27.9982,110.91,4.4,mb,,209,5.305,0.17,us,us1000763m,2017-01-24T02:02:13.040Z,"South Sandwich Islands region",earthquake,8.2,11.8,0.143,14,reviewed,us,us
2016-11-01T00:07:40.300Z,18.2647,-67.172,114,2.3,Md,5,208.8,0.11947593,0.31,pr,pr16306000,2016-11-01T05:35:10.541Z,"2 km SSE of La Playa, Puerto Rico",earthquake,4.1,1.9,0,2,reviewed,pr,pr
